CHECKING DISTANT FROM POINTS TO AVERAGE PLANE TO REMOVE INCORRECT POINT. 

Distant of points(mm) belongs the plane 0 (58 points): 
14.85(468), 11.84(517), 11.42(515),  9.37(498),  9.27(499),  8.05(500),  7.88(493),  7.60(469),  7.34(516),  6.93(472),  6.09(506),  5.71(510),  5.55(467),  5.17(475),  5.12(504),  5.05(471),  4.89(477),  4.89(489),  4.78(520),  4.55(495),  4.13(519),  3.63(496),  3.53(488),  3.43(487),  3.43(480),  3.42(512),  3.23(501),  3.12(491),  3.08(502),  2.94(476),  2.75(474),  2.70(492),  2.61(466),  2.48(507),  2.47(490),  2.47(497),  2.23(494),  2.22(479),  2.10(465),  2.05(478),  1.98(485),  1.97(513),  1.83(482),  1.77(484),  1.72(514),  1.53(483),  1.52(518),  1.41(511),  1.16(509),  1.15(481),  1.12(503),  1.01(522),  0.99(473),  0.97(470),  0.57(505),  0.20(521),  0.19(486),  0.01(508), 
Distant of points(mm) belongs the plane 1 (12 points): 
 3.52(431),  3.50(433),  1.90(435),  1.66(436),  1.35(429),  1.33(432),  1.32(428),  1.25(427),  0.88(430),  0.78(426),  0.33(425),  0.33(434), 
Distant of points(mm) belongs the plane 2 (27 points): 
12.82(454), 12.81(453),  6.96(461),  6.63(452),  6.30(463),  6.23(449),  5.60(464),  5.32(441),  5.25(460),  4.42(445),  4.36(457),  4.24(458),  4.04(444),  3.95(440),  3.29(459),  3.27(455),  3.06(450),  2.19(456),  2.14(437),  1.85(451),  1.78(447),  1.52(446),  1.42(442),  1.12(439),  0.69(443),  0.53(438),  0.39(448), 
Distant of points(mm) belongs the plane 3 (40 points): 
17.09(45), 16.95(46), 12.33(50), 11.40(25), 11.03(26),  9.64(13),  8.53(49),  8.15(31),  7.81(14),  6.52(24),  6.19(48),  6.19(15),  6.00(29),  4.52(47),  4.19(32),  4.15(28),  4.11(37),  3.78(22),  3.21(40),  2.92(39),  2.90(38),  2.86(41),  2.50(43),  2.40(12),  2.26(42),  2.21(27),  1.97(17),  1.94(23),  1.70(16),  1.69(21),  1.61(18),  1.11(36),  0.96(19),  0.79(11),  0.67(33),  0.65(34),  0.46(44),  0.43(35),  0.24(20),  0.24(30), 
Distant of points(mm) belongs the plane 4 (40 points): 
12.27(81),  9.77(85),  9.45(86),  9.44(69),  8.77(65),  8.58(90),  8.24(70),  6.75(77),  6.37(58),  5.61(75),  4.89(82),  4.64(68),  4.19(63),  3.79(62),  3.52(61),  3.44(66),  2.76(83),  2.70(56),  2.54(80),  1.99(89),  1.92(55),  1.88(53),  1.84(59),  1.68(84),  1.64(57),  1.55(72),  1.53(67),  1.32(51),  1.21(74),  1.15(54),  1.14(88),  0.93(71),  0.91(78),  0.77(52),  0.65(76),  0.55(87),  0.45(79),  0.43(60),  0.12(73),  0.09(64), 
Distant of points(mm) belongs the plane 5 (48 points): 
18.92(338), 11.21(352),  9.64(366),  8.01(347),  7.00(346),  6.63(348),  6.44(364),  5.94(351),  5.51(335),  4.90(367),  4.85(334),  4.66(349),  4.42(375),  4.31(342),  4.20(370),  3.37(337),  3.37(336),  2.69(357),  2.41(353),  2.32(339),  2.16(354),  2.12(365),  2.09(362),  1.89(378),  1.72(340),  1.68(343),  1.61(371),  1.61(377),  1.49(373),  1.46(363),  1.18(381),  1.09(345),  1.09(358),  1.01(379),  0.99(360),  0.90(355),  0.85(361),  0.80(368),  0.76(350),  0.70(369),  0.48(344),  0.44(356),  0.44(374),  0.39(380),  0.30(359),  0.25(341),  0.14(372),  0.02(376), 
Distant of points(mm) belongs the plane 6 (42 points): 
13.24(395), 10.08(413),  9.65(424),  8.37(406),  8.10(390),  7.74(386),  7.46(414),  7.17(382),  6.65(398),  5.77(399),  5.69(394),  5.46(421),  4.76(401),  4.60(415),  4.58(420),  4.57(400),  4.16(387),  4.00(407),  3.81(397),  3.29(385),  2.77(391),  2.73(388),  2.62(402),  2.59(411),  2.39(410),  2.35(416),  2.06(418),  1.75(412),  1.58(417),  1.52(392),  1.48(405),  1.44(384),  1.43(396),  1.16(423),  1.07(389),  1.01(422),  0.90(403),  0.89(419),  0.82(383),  0.25(408),  0.09(404),  0.04(409), 
Distant of points(mm) belongs the plane 7 (12 points): 
 8.66(192),  8.43(190),  7.69(195),  7.41(187),  7.00(186),  6.49(193),  6.38(189),  5.70(184),  2.31(188),  1.81(185),  1.19(194),  0.33(191), 
Distant of points(mm) belongs the plane 8 (54 points): 
16.54(198), 12.62(197),  9.79(202),  8.30(199),  7.76(238),  7.62(219),  7.60(196),  7.25(212),  7.07(237),  6.99(207),  6.38(234),  6.04(232),  6.01(213),  5.84(204),  5.51(229),  5.47(226),  5.23(203),  4.91(239),  4.78(235),  4.52(244),  4.51(210),  3.94(222),  3.79(243),  3.78(208),  3.62(217),  3.39(215),  3.37(218),  3.20(205),  3.17(206),  3.13(233),  3.08(223),  2.93(200),  2.69(209),  2.67(240),  2.66(245),  2.33(227),  2.26(248),  2.22(220),  2.17(230),  1.96(236),  1.85(211),  1.85(231),  1.68(221),  1.64(242),  1.64(228),  1.57(214),  1.12(249),  1.08(241),  0.65(225),  0.48(247),  0.34(246),  0.26(201),  0.11(216),  0.02(224), 
Distant of points(mm) belongs the plane 9 (72 points): 
 7.94(261),  6.91(282),  6.33(283),  6.00(294),  5.98(293),  5.70(280),  5.54(268),  5.44(258),  5.43(301),  5.25(279),  4.30(252),  4.14(310),  4.12(295),  3.95(277),  3.79(306),  3.54(274),  3.20(276),  3.18(253),  3.15(265),  3.09(270),  3.00(289),  2.91(318),  2.86(312),  2.84(300),  2.71(298),  2.42(297),  2.39(307),  2.36(251),  2.27(313),  2.24(275),  2.22(319),  2.16(292),  2.11(257),  2.05(290),  2.03(311),  1.87(284),  1.77(291),  1.72(254),  1.64(309),  1.61(255),  1.57(320),  1.55(250),  1.50(285),  1.46(299),  1.44(271),  1.30(316),  1.22(286),  1.15(308),  1.13(315),  1.11(266),  1.04(262),  1.03(302),  0.98(263),  0.94(304),  0.92(296),  0.88(321),  0.78(272),  0.77(259),  0.76(256),  0.75(264),  0.71(305),  0.61(314),  0.56(281),  0.51(288),  0.41(303),  0.41(278),  0.36(267),  0.30(260),  0.18(317),  0.12(269),  0.05(273),  0.02(287), 
Distant of points(mm) belongs the plane 10 (12 points): 
 6.46(322),  5.25(328),  3.98(331),  2.90(333),  2.64(330),  2.29(325),  2.09(323),  1.96(324),  1.79(332),  1.13(326),  0.65(329),  0.34(327), 
Distant of points(mm) belongs the plane 11 (9 points): 
14.49(97), 14.37(99), 12.80(96), 10.70(98),  9.17(91),  7.32(95),  3.88(94),  3.64(92),  0.61(93), 
Distant of points(mm) belongs the plane 12 (10 points): 
13.18(101), 13.14(108), 12.90(104), 11.29(109), 10.49(105), 10.33(100),  9.10(106),  7.40(107),  6.70(102),  1.37(103), 
Distant of points(mm) belongs the plane 13 (12 points): 
 6.73(111),  4.94(118),  3.53(117),  3.41(110),  2.92(115),  2.85(120),  1.82(121),  1.39(113),  1.17(116),  0.83(119),  0.45(112),  0.18(114), 
Distant of points(mm) belongs the plane 14 (7 points): 
 4.44(126),  3.25(125),  3.05(127),  1.84(122),  1.65(128),  1.61(124),  0.02(123), 
Distant of points(mm) belongs the plane 15 (35 points): 
 7.38(160),  6.36(138),  5.99(158),  5.15(151),  5.06(129),  4.50(146),  4.34(148),  3.90(150),  3.40(132),  3.36(163),  3.33(157),  2.96(144),  2.84(162),  2.68(147),  2.64(136),  2.53(143),  2.30(154),  2.26(156),  2.12(161),  2.02(153),  1.99(131),  1.97(137),  1.97(133),  1.90(152),  1.83(149),  1.50(141),  1.49(139),  0.97(134),  0.89(159),  0.88(155),  0.76(142),  0.62(135),  0.40(140),  0.35(145),  0.35(130), 
Distant of points(mm) belongs the plane 16 (10 points): 
 4.30(167),  3.89(166),  3.23(170),  3.09(164),  2.89(165),  1.99(171),  1.62(169),  1.35(168),  0.96(173),  0.28(172), 
Distant of points(mm) belongs the plane 17 (10 points): 
 5.65(175),  4.77(177),  3.97(179),  2.22(183),  1.98(176),  1.94(182),  1.67(174),  1.55(178),  0.47(180),  0.32(181), 
