Point ID     ,  Hz.(º ' "),  V.(º ' "),Slope Dist.(m),Refl.Ht.(m),Inst.Ht.(m),Easting(m),  Northing(m),  Height(m)
 7777            ,    0 00 03 ,   88 19 34,          0,      0.000,      1.400,            0,            0,          0
2   ,  236 06 23 ,  119 35 54,      2.876,      0.000,      0.000,   4.38184,	   6.50237,	  -1.43470
3   ,  236 06 23 ,  119 35 54,      2.876,      0.000,      0.000,  -2.70077,	   6.55855,	  -1.42919
4   ,  236 06 23 ,  119 35 54,      2.876,      0.000,      0.000,  -2.83308,	  -7.39849,	  -1.43032
5   ,  236 06 23 ,  119 35 54,      2.876,      0.000,      0.000,   4.27170,	  -7.46699,	  -1.43586
6   ,  236 06 23 ,  119 35 54,      2.876,      0.000,      0.000,   4.38184,	   6.50237,	  -1.43470
7   ,  236 06 23 ,  119 35 54,      2.876,      0.000,      0.000,   4.38179,	   6.49505,	   7.65366
8   ,  236 06 23 ,  119 35 54,      2.876,      0.000,      0.000,  -0.61100,	   6.53465,	   7.65782
9   ,  236 06 23 ,  119 35 54,      2.876,      0.000,      0.000,  -0.74387,	  -7.41863,	   7.62740
10   ,  236 06 23 ,  119 35 54,      2.876,      0.000,      0.000,   4.27170,	  -7.46699,	   7.62321
11   ,  236 06 23 ,  119 35 54,      2.876,      0.000,      0.000,   4.38179,	   6.49505,	   7.65366
12   ,  236 06 23 ,  119 35 54,      2.876,      0.000,      0.000,  -2.70077,	   6.55855,	  -1.42919
13   ,  236 06 23 ,  119 35 54,      2.876,      0.000,      0.000,   4.38184,	   6.50237,	  -1.43470
14   ,  236 06 23 ,  119 35 54,      2.876,      0.000,      0.000,   4.38179,	   6.49505,	   7.65366
15   ,  236 06 23 ,  119 35 54,      2.876,      0.000,      0.000,  -0.61100,	   6.53465,	   7.65782
16   ,  236 06 23 ,  119 35 54,      2.876,      0.000,      0.000,  -0.61160,	   6.53580,	   6.24332
17   ,  236 06 23 ,  119 35 54,      2.876,      0.000,      0.000,  -2.69136,	   6.55234,	   6.19471
18   ,  236 06 23 ,  119 35 54,      2.876,      0.000,      0.000,  -2.89833,	   6.55466,	   5.34183
19   ,  236 06 23 ,  119 35 54,      2.876,      0.000,      0.000,  -2.90281,	   6.55951,	  -0.62636
20   ,  236 06 23 ,  119 35 54,      2.876,      0.000,      0.000,  -2.70077,	   6.55855,	  -1.42919
21   ,  236 06 23 ,  119 35 54,      2.876,      0.000,      0.000,   4.38184,	   6.50237,	  -1.43470
22   ,  236 06 23 ,  119 35 54,      2.876,      0.000,      0.000,   4.27170,	  -7.46699,	  -1.43586
23   ,  236 06 23 ,  119 35 54,      2.876,      0.000,      0.000,   4.27170,	  -7.46699,	   7.62321
24   ,  236 06 23 ,  119 35 54,      2.876,      0.000,      0.000,   4.38179,	   6.49505,	   7.65366
25   ,  236 06 23 ,  119 35 54,      2.876,      0.000,      0.000,   4.38184,	   6.50237,	  -1.43470
26   ,  236 06 23 ,  119 35 54,      2.876,      0.000,      0.000,  -2.83308,	  -7.39849,	  -1.43032
27   ,  236 06 23 ,  119 35 54,      2.876,      0.000,      0.000,   4.27170,	  -7.46699,	  -1.43586
28   ,  236 06 23 ,  119 35 54,      2.876,      0.000,      0.000,   4.27170,	  -7.46699,	   7.62321
29   ,  236 06 23 ,  119 35 54,      2.876,      0.000,      0.000,  -0.74387,	  -7.41863,	   7.62740
30   ,  236 06 23 ,  119 35 54,      2.876,      0.000,      0.000,  -0.74448,	  -7.41862,	   6.20630
31   ,  236 06 23 ,  119 35 54,      2.876,      0.000,      0.000,  -2.83284,	  -7.39849,	   6.15749
32   ,  236 06 23 ,  119 35 54,      2.876,      0.000,      0.000,  -3.03503,	  -7.39654,	   5.32434
33   ,  236 06 23 ,  119 35 54,      2.876,      0.000,      0.000,  -3.03954,	  -7.39650,	  -0.60994
34   ,  236 06 23 ,  119 35 54,      2.876,      0.000,      0.000,  -2.83308,	  -7.39849,	  -1.43032
35   ,  236 06 23 ,  119 35 54,      2.876,      0.000,      0.000,  -2.70077,	   6.55855,	  -1.42919
36   ,  236 06 23 ,  119 35 54,      2.876,      0.000,      0.000,  -2.83308,	  -7.39849,	  -1.43032
37   ,  236 06 23 ,  119 35 54,      2.876,      0.000,      0.000,  -3.03954,	  -7.39650,	  -0.60994
38   ,  236 06 23 ,  119 35 54,      2.876,      0.000,      0.000,  -2.90281,	   6.55951,	  -0.62636
39   ,  236 06 23 ,  119 35 54,      2.876,      0.000,      0.000,  -2.70077,	   6.55855,	  -1.42919
40   ,  236 06 23 ,  119 35 54,      2.876,      0.000,      0.000,  -2.90281,	   6.55951,	  -0.62636
41   ,  236 06 23 ,  119 35 54,      2.876,      0.000,      0.000,  -3.03954,	  -7.39650,	  -0.60994
42   ,  236 06 23 ,  119 35 54,      2.876,      0.000,      0.000,  -3.03503,	  -7.39654,	   5.32434
43   ,  236 06 23 ,  119 35 54,      2.876,      0.000,      0.000,  -2.89833,	   6.55466,	   5.34183
44   ,  236 06 23 ,  119 35 54,      2.876,      0.000,      0.000,  -2.90281,	   6.55951,	  -0.62636
45   ,  236 06 23 ,  119 35 54,      2.876,      0.000,      0.000,  -2.89833,	   6.55466,	   5.34183
46   ,  236 06 23 ,  119 35 54,      2.876,      0.000,      0.000,  -3.03503,	  -7.39654,	   5.32434
47   ,  236 06 23 ,  119 35 54,      2.876,      0.000,      0.000,  -2.83284,	  -7.39849,	   6.15749
48   ,  236 06 23 ,  119 35 54,      2.876,      0.000,      0.000,  -2.69136,	   6.55234,	   6.19471
49   ,  236 06 23 ,  119 35 54,      2.876,      0.000,      0.000,  -2.89833,	   6.55466,	   5.34183
50   ,  236 06 23 ,  119 35 54,      2.876,      0.000,      0.000,  -2.69136,	   6.55234,	   6.19471
51   ,  236 06 23 ,  119 35 54,      2.876,      0.000,      0.000,  -2.83284,	  -7.39849,	   6.15749
52   ,  236 06 23 ,  119 35 54,      2.876,      0.000,      0.000,  -0.74448,	  -7.41862,	   6.20630
53   ,  236 06 23 ,  119 35 54,      2.876,      0.000,      0.000,  -0.61160,	   6.53580,	   6.24332
54   ,  236 06 23 ,  119 35 54,      2.876,      0.000,      0.000,  -2.69136,	   6.55234,	   6.19471
55   ,  236 06 23 ,  119 35 54,      2.876,      0.000,      0.000,  -0.61160,	   6.53580,	   6.24332
56   ,  236 06 23 ,  119 35 54,      2.876,      0.000,      0.000,  -0.74448,	  -7.41862,	   6.20630
57   ,  236 06 23 ,  119 35 54,      2.876,      0.000,      0.000,  -0.74387,	  -7.41863,	   7.62740
58   ,  236 06 23 ,  119 35 54,      2.876,      0.000,      0.000,  -0.61100,	   6.53465,	   7.65782
59   ,  236 06 23 ,  119 35 54,      2.876,      0.000,      0.000,  -0.61160,	   6.53580,	   6.24332
