CHECKING DISTANT FROM POINTS TO AVERAGE PLANE TO REMOVE INCORRECT POINT. 

Distant of points(mm) belongs the plane 0 (70 points): 
11.20(616), 10.46(668), 10.02(632),  9.81(678),  8.67(673),  8.63(683),  7.63(628),  7.33(667),  7.25(682),  7.13(652),  6.95(677),  6.74(672),  6.37(630),  5.96(685),  5.64(648),  5.46(680),  5.36(638),  5.07(623),  4.98(653),  4.79(676),  4.73(655),  4.70(681),  4.58(662),  4.57(634),  4.01(650),  3.92(654),  3.79(625),  3.52(618),  3.32(663),  3.11(659),  2.94(665),  2.42(635),  2.28(633),  2.21(684),  2.20(631),  2.10(645),  2.08(660),  1.84(617),  1.75(661),  1.55(624),  1.51(674),  1.49(629),  1.48(615),  1.33(649),  1.30(651),  1.20(622),  1.19(666),  1.15(671),  1.04(642),  0.91(637),  0.80(646),  0.71(627),  0.70(640),  0.70(620),  0.67(670),  0.63(639),  0.62(658),  0.59(621),  0.51(669),  0.51(657),  0.38(656),  0.34(644),  0.29(675),  0.25(664),  0.18(643),  0.17(641),  0.14(636),  0.12(626),  0.11(619),  0.10(679), 
Distant of points(mm) belongs the plane 1 (40 points): 
33.35(605), 30.35(608), 15.76(582), 14.89(599), 14.49(591), 11.98(610), 11.27(588), 10.81(598),  9.77(584),  8.20(590),  7.89(577),  7.85(585),  7.55(597),  7.13(574),  6.53(575),  6.37(614),  5.65(602),  4.81(589),  4.38(587),  4.36(611),  4.26(586),  3.99(594),  3.47(579),  3.42(612),  3.35(578),  3.08(609),  2.90(583),  2.78(606),  2.16(581),  2.06(607),  1.57(595),  1.22(600),  1.16(596),  1.05(592),  0.78(601),  0.71(604),  0.46(603),  0.18(593),  0.05(576),  0.04(580), 
Distant of points(mm) belongs the plane 5 (31 points): 
 6.17(165),  5.39(135),  5.34(147),  5.05(162),  4.88(157),  4.49(164),  4.45(140),  4.38(148),  3.68(158),  3.54(159),  2.86(152),  2.65(161),  2.61(145),  2.19(139),  2.17(150),  2.10(137),  2.00(149),  1.82(136),  1.59(155),  1.57(156),  1.54(163),  1.20(144),  1.16(143),  0.88(160),  0.88(153),  0.78(146),  0.58(154),  0.44(142),  0.39(138),  0.35(141),  0.17(151), 
Distant of points(mm) belongs the plane 6 (80 points): 
20.51(207), 13.26(197), 12.33(204), 11.05(206), 10.36(198), 10.01(193),  9.48(203),  9.17(205),  8.48(222),  8.11(196),  7.76(225),  7.39(236),  6.90(194),  6.55(199),  5.85(166),  5.77(214),  5.54(219),  5.43(174),  5.29(191),  5.29(183),  5.15(171),  5.04(181),  4.96(240),  4.83(180),  4.77(195),  4.28(228),  4.16(227),  4.12(223),  4.11(182),  4.10(216),  4.04(226),  4.01(224),  3.97(215),  3.79(243),  3.75(213),  3.73(179),  3.67(168),  3.57(237),  3.57(209),  3.49(190),  3.45(172),  3.42(218),  3.28(217),  3.11(239),  3.07(244),  2.97(235),  2.95(170),  2.84(169),  2.82(238),  2.72(202),  2.71(210),  2.58(167),  2.56(245),  2.50(178),  2.40(229),  2.18(232),  1.84(242),  1.68(200),  1.51(230),  1.49(221),  1.45(241),  1.45(173),  1.40(233),  1.30(231),  1.22(176),  1.14(189),  1.09(185),  1.03(186),  0.97(212),  0.87(211),  0.81(192),  0.45(208),  0.34(220),  0.34(188),  0.34(234),  0.20(175),  0.18(187),  0.13(184),  0.12(201),  0.01(177), 
Distant of points(mm) belongs the plane 7 (31 points): 
 4.24(247),  4.14(249),  4.01(256),  3.87(267),  3.83(263),  3.81(260),  3.57(264),  3.25(258),  3.00(271),  2.52(250),  2.31(277),  2.15(270),  2.04(253),  1.86(272),  1.67(262),  1.67(265),  1.45(259),  1.36(246),  1.35(255),  1.31(257),  1.18(251),  1.14(248),  0.79(273),  0.75(266),  0.63(269),  0.62(275),  0.62(276),  0.53(254),  0.50(268),  0.37(261),  0.15(252), 
Distant of points(mm) belongs the plane 8 (35 points): 
15.00(299), 14.01(298), 13.23(300), 13.22(307), 12.22(312), 11.96(278), 11.88(296), 10.01(297),  8.87(306),  8.83(283),  8.80(308),  8.74(285),  8.46(287),  8.21(309),  8.18(284),  7.95(281),  7.34(288),  7.03(311),  6.60(304),  6.52(279),  6.39(291),  5.61(290),  5.48(280),  5.18(305),  4.93(293),  4.87(289),  3.93(294),  3.89(292),  3.87(282),  3.78(295),  2.70(301),  2.10(286),  0.74(310),  0.70(302),  0.30(303), 
Distant of points(mm) belongs the plane 9 (25 points): 
15.70(330),  7.56(324),  7.37(323),  5.72(320),  5.53(316),  5.40(314),  5.26(317),  5.25(336),  5.20(334),  4.47(328),  4.11(313),  2.91(322),  2.76(315),  2.56(332),  2.04(329),  1.97(335),  1.64(337),  1.13(325),  0.91(319),  0.82(333),  0.79(318),  0.71(331),  0.38(326),  0.20(327),  0.12(321), 
