   Point ID     ,  Hz.(º ' "),  V.(º ' "),Slope Dist.(m),Refl.Ht.(m),Inst.Ht.(m),Easting(m),  Northing(m),  Height(m)
AMG             ,    0 00 01 ,   90 02 49,          0,      0.000,      0.000,            0,            0,          0
2               ,  359 58 11 ,   90 02 49,      5.372,      0.000,      0.000,       -0.003,        5.372,     -0.004
3               ,  210 19 56 ,  139 22 31,      1.859,      0.000,      0.000,       -0.611,       -1.045,     -1.411
4               ,  207 32 00 ,    8 07 22,      7.722,      0.000,      0.000,       -0.504,       -0.967,      7.644
5               ,   23 32 36 ,  101 50 52,      6.036,      0.000,      0.000,        2.360,        5.416,     -1.239
6               ,   18 43 19 ,  102 10 32,      5.836,      0.000,      0.000,        1.831,        5.403,     -1.231
7               ,   23 43 06 ,   92 49 58,      5.921,      0.000,      0.000,        2.379,        5.414,     -0.293
8               ,   18 47 41 ,   84 02 29,      5.738,      0.000,      0.000,        1.839,        5.403,      0.596
9               ,   23 14 00 ,   76 05 24,      6.066,      0.000,      0.000,        2.323,        5.411,      1.458
10              ,   19 06 10 ,   68 42 00,      6.136,      0.000,      0.000,        1.871,        5.402,      2.229
11              ,   23 36 35 ,   63 13 17,      6.609,      0.000,      0.000,        2.363,        5.406,      2.978
12              ,   18 50 16 ,   56 43 24,      6.822,      0.000,      0.000,        1.842,        5.398,      3.743
13              ,   23 11 11 ,   50 37 50,      7.608,      0.000,      0.000,        2.316,        5.406,      4.826
14              ,   19 02 48 ,   44 27 24,      8.145,      0.000,      0.000,        1.862,        5.392,      5.814
15              ,    4 07 34 ,   36 03 56,      9.142,      0.000,      0.000,        0.387,        5.368,      7.390
16              ,  359 23 43 ,   41 02 57,      8.159,      0.000,      0.000,       -0.057,        5.358,      6.153
17              ,    4 32 25 ,   45 12 38,      7.585,      0.000,      0.000,        0.426,        5.366,      5.344
18              ,  359 23 12 ,   51 57 56,      6.809,      0.000,      0.000,       -0.057,        5.363,      4.195
19              ,    4 14 28 ,   58 28 04,      6.319,      0.000,      0.000,        0.398,        5.371,      3.304
20              ,  359 05 21 ,   66 20 50,      5.861,      0.000,      0.000,       -0.085,        5.368,      2.352
21              ,    4 26 50 ,   71 29 46,      5.686,      0.000,      0.000,        0.418,        5.375,      1.804
22              ,  359 23 31 ,   78 51 46,      5.474,      0.000,      0.000,       -0.057,        5.370,      1.057
23              ,    4 24 01 ,   84 59 28,      5.418,      0.000,      0.000,        0.414,        5.381,      0.473
24              ,  359 41 33 ,   94 27 33,      5.388,      0.000,      0.000,       -0.029,        5.371,     -0.419
25              ,    4 29 57 ,  102 28 29,      5.533,      0.000,      0.000,        0.424,        5.386,     -1.195
26              ,  344 57 15 ,  103 05 35,      5.682,      0.000,      0.000,       -1.437,        5.344,     -1.287
27              ,  339 58 13 ,   94 02 27,      5.699,      0.000,      0.000,       -1.947,        5.341,     -0.402
28              ,  343 58 20 ,   84 42 12,      5.577,      0.000,      0.000,       -1.533,        5.337,      0.515
29              ,  339 57 42 ,   77 54 20,      5.809,      0.000,      0.000,       -1.946,        5.336,      1.217
30              ,  344 16 44 ,   71 14 48,      5.857,      0.000,      0.000,       -1.503,        5.338,      1.883
31              ,  340 01 15 ,   63 31 17,      6.336,      0.000,      0.000,       -1.938,        5.330,      2.825
32              ,  344 44 56 ,   56 40 27,      6.618,      0.000,      0.000,       -1.455,        5.335,      3.636
33              ,  340 23 25 ,   52 28 07,      7.129,      0.000,      0.000,       -1.897,        5.325,      4.343
34              ,  345 17 32 ,   45 50 00,      7.696,      0.000,      0.000,       -1.402,        5.340,      5.362
35              ,  340 25 47 ,   42 11 49,      8.430,      0.000,      0.000,       -1.897,        5.335,      6.246
36              ,  344 09 39 ,   37 23 42,      9.146,      0.000,      0.000,       -1.516,        5.343,      7.266
37              ,  339 39 41 ,   37 25 58,      9.375,      0.000,      0.000,       -1.981,        5.343,      7.445
38              ,  325 18 20 ,   41 06 24,      9.830,      0.000,      0.000,       -3.679,        5.314,      7.406
39              ,  327 49 04 ,   45 02 39,      8.852,      0.000,      0.000,       -3.336,        5.302,      6.254
40              ,  325 06 07 ,   50 40 18,      8.351,      0.000,      0.000,       -3.696,        5.298,      5.292
41              ,  328 01 19 ,   55 25 46,      7.584,      0.000,      0.000,       -3.307,        5.297,      4.303
42              ,  325 04 23 ,   62 05 34,      7.311,      0.000,      0.000,       -3.699,        5.297,      3.422
43              ,  327 58 07 ,   69 15 20,      6.682,      0.000,      0.000,       -3.314,        5.297,      2.367
44              ,  324 55 31 ,   76 40 02,      6.659,      0.000,      0.000,       -3.724,        5.303,      1.536
45              ,  328 06 26 ,   81 10 15,      6.321,      0.000,      0.000,       -3.300,        5.303,      0.970
46              ,  324 27 27 ,   85 49 16,      6.538,      0.000,      0.000,       -3.791,        5.306,      0.476
47              ,  328 29 42 ,  102 32 50,      6.386,      0.000,      0.000,       -3.258,        5.315,     -1.387
48              ,   27 24 47 ,  100 17 13,      7.017,      0.000,      0.000,        3.179,        6.129,     -1.253
49              ,   24 37 43 ,   92 09 27,      6.750,      0.000,      0.000,        2.811,        6.131,     -0.254
50              ,   28 09 07 ,   83 32 05,      6.993,      0.000,      0.000,        3.278,        6.126,      0.787
51              ,   24 53 19 ,   76 00 49,      6.958,      0.000,      0.000,        2.842,        6.125,      1.682
52              ,   27 56 48 ,   68 17 53,      7.465,      0.000,      0.000,        3.250,        6.127,      2.760
53              ,   24 49 05 ,   58 15 50,      7.923,      0.000,      0.000,        2.828,        6.116,      4.168
54              ,   27 31 37 ,   51 55 15,      8.782,      0.000,      0.000,        3.195,        6.130,      5.416
55              ,   24 29 58 ,   48 19 40,      9.003,      0.000,      0.000,        2.789,        6.120,      5.986
56              ,    8 21 15 ,   39 45 32,      9.633,      0.000,      0.000,        0.895,        6.095,      7.405
57              ,    9 43 56 ,   44 55 04,      8.760,      0.000,      0.000,        1.046,        6.096,      6.203
58              ,    7 57 38 ,   51 35 39,      7.846,      0.000,      0.000,        0.852,        6.089,      4.874
59              ,   12 18 35 ,   60 47 13,      7.157,      0.000,      0.000,        1.332,        6.103,      3.493
60              ,    8 01 20 ,   67 32 31,      6.656,      0.000,      0.000,        0.858,        6.091,      2.543
61              ,   12 20 27 ,   75 32 02,      6.452,      0.000,      0.000,        1.335,        6.103,      1.612
62              ,    8 20 36 ,   83 14 25,      6.208,      0.000,      0.000,        0.895,        6.100,      0.731
63              ,   12 37 22 ,   91 57 47,      6.266,      0.000,      0.000,        1.369,        6.111,     -0.215
64              ,    8 20 04 ,  101 56 28,      6.307,      0.000,      0.000,        0.894,        6.105,     -1.305
65              ,    8 17 24 ,  101 55 30,      6.306,      0.000,      0.000,        0.890,        6.105,     -1.303
66              ,  355 26 43 ,  101 49 10,      6.228,      0.000,      0.000,       -0.484,        6.076,     -1.276
67              ,  350 32 57 ,   89 57 19,      6.149,      0.000,      0.000,       -1.010,        6.065,      0.005
68              ,  355 02 49 ,   80 55 35,      6.173,      0.000,      0.000,       -0.526,        6.073,      0.974
69              ,  350 22 26 ,   73 10 13,      6.423,      0.000,      0.000,       -1.028,        6.061,      1.859
70              ,  355 22 39 ,   65 00 17,      6.722,      0.000,      0.000,       -0.491,        6.072,      2.840
71              ,  350 32 30 ,   60 09 49,      7.082,      0.000,      0.000,       -1.010,        6.060,      3.524
72              ,  354 57 37 ,   53 35 46,      7.570,      0.000,      0.000,       -0.535,        6.069,      4.493
73              ,  350 23 57 ,   49 11 56,      8.113,      0.000,      0.000,       -1.024,        6.055,      5.301
74              ,  355 31 05 ,   44 14 01,      8.717,      0.000,      0.000,       -0.475,        6.062,      6.245
75              ,  350 36 07 ,   40 48 44,      9.400,      0.000,      0.000,       -1.003,        6.061,      7.114
76              ,  354 35 07 ,   39 08 57,      9.639,      0.000,      0.000,       -0.574,        6.058,      7.475
77              ,  334 20 11 ,   41 58 19,     10.025,      0.000,      0.000,       -2.904,        6.043,      7.453
78              ,  337 39 57 ,   46 50 24,      8.937,      0.000,      0.000,       -2.477,        6.030,      6.113
79              ,  334 16 19 ,   54 22 34,      8.218,      0.000,      0.000,       -2.900,        6.018,      4.787
80              ,  337 59 50 ,   59 25 48,      7.541,      0.000,      0.000,       -2.433,        6.020,      3.835
81              ,  334 21 16 ,   65 29 33,      7.341,      0.000,      0.000,       -2.891,        6.022,      3.045
82              ,  337 57 28 ,   73 19 35,      6.792,      0.000,      0.000,       -2.442,        6.031,      1.949
83              ,  334 34 21 ,   79 59 35,      6.779,      0.000,      0.000,       -2.866,        6.029,      1.178
84              ,  338 11 20 ,   89 01 42,      6.502,      0.000,      0.000,       -2.415,        6.035,      0.110
85              ,  334 19 29 ,   96 09 28,      6.741,      0.000,      0.000,       -2.904,        6.041,     -0.723
86              ,  336 53 30 ,  101 44 48,      6.711,      0.000,      0.000,       -2.579,        6.043,     -1.366
87              ,   29 47 54 ,   96 19 02,      6.831,      0.000,      0.000,        3.374,        5.891,     -0.752
88              ,   35 22 39 ,  102 53 23,      5.889,      0.000,      0.000,        3.323,        4.680,     -1.314
89              ,   45 31 06 ,   98 43 59,      4.816,      0.000,      0.000,        3.396,        3.335,     -0.731
90              ,   54 08 50 ,  107 47 45,      4.266,      0.000,      0.000,        3.292,        2.379,     -1.304
91              ,   71 47 28 ,  101 12 08,      3.711,      0.000,      0.000,        3.458,        1.138,     -0.721
92              ,   87 43 10 ,  111 10 18,      3.573,      0.000,      0.000,        3.329,        0.133,     -1.290
93              ,  108 15 12 ,  100 59 04,      3.749,      0.000,      0.000,        3.495,       -1.153,     -0.714
94              ,  124 42 29 ,  108 08 29,      4.290,      0.000,      0.000,        3.351,       -2.321,     -1.336
95              ,  133 57 14 ,   98 43 46,      4.937,      0.000,      0.000,        3.513,       -3.387,     -0.749
96              ,  142 58 00 ,  102 22 48,      5.797,      0.000,      0.000,        3.410,       -4.520,     -1.243
97              ,  148 14 14 ,   95 52 48,      6.821,      0.000,      0.000,        3.572,       -5.769,     -0.699
98              ,  155 41 31 ,   99 11 51,      8.496,      0.000,      0.000,        3.452,       -7.643,     -1.358
99              ,  154 07 05 ,   95 23 33,      8.254,      0.000,      0.000,        3.587,       -7.393,     -0.776
100             ,  150 42 02 ,   97 40 09,      7.257,      0.000,      0.000,        3.520,       -6.272,     -0.968
101             ,  143 50 17 ,   99 34 40,      5.988,      0.000,      0.000,        3.484,       -4.767,     -0.996
102             ,  135 30 02 ,  101 54 27,      5.023,      0.000,      0.000,        3.445,       -3.506,     -1.036
103             ,  123 19 21 ,  104 06 04,      4.233,      0.000,      0.000,        3.431,       -2.255,     -1.031
104             ,  109 48 50 ,  106 43 23,      3.772,      0.000,      0.000,        3.399,       -1.225,     -1.085
105             ,   94 10 06 ,  107 16 55,      3.562,      0.000,      0.000,        3.392,       -0.247,     -1.058
106             ,   74 23 12 ,  107 16 58,      3.660,      0.000,      0.000,        3.366,        0.941,     -1.087
107             ,   58 23 26 ,  105 19 08,      4.082,      0.000,      0.000,        3.353,        2.064,     -1.078
108             ,   46 06 53 ,  102 38 58,      4.736,      0.000,      0.000,        3.330,        3.203,     -1.037
109             ,   36 53 43 ,  101 07 11,      5.605,      0.000,      0.000,        3.302,        4.399,     -1.081
110             ,   29 13 58 ,   98 50 50,      6.814,      0.000,      0.000,        3.288,        5.876,     -1.048
111             ,   30 10 20 ,   93 47 33,      6.773,      0.000,      0.000,        3.397,        5.843,     -0.448
112             ,   30 10 11 ,   86 29 59,      6.752,      0.000,      0.000,        3.387,        5.826,      0.412
113             ,   30 01 26 ,   79 39 48,      6.873,      0.000,      0.000,        3.383,        5.854,      1.233
114             ,   30 01 08 ,   73 00 18,      7.062,      0.000,      0.000,        3.379,        5.848,      2.064
115             ,   30 01 16 ,   67 37 42,      7.295,      0.000,      0.000,        3.375,        5.841,      2.776
116             ,   30 01 21 ,   62 27 13,      7.606,      0.000,      0.000,        3.374,        5.839,      3.517
117             ,   36 25 02 ,   59 31 31,      6.672,      0.000,      0.000,        3.414,        4.627,      3.384
118             ,   36 31 21 ,   65 26 48,      6.309,      0.000,      0.000,        3.415,        4.612,      2.622
119             ,   36 25 03 ,   70 38 30,      6.076,      0.000,      0.000,        3.403,        4.613,      2.014
120             ,   36 24 57 ,   78 30 50,      5.862,      0.000,      0.000,        3.410,        4.622,      1.167
121             ,   36 24 57 ,   83 45 21,      5.778,      0.000,      0.000,        3.410,        4.622,      0.628
122             ,   36 24 45 ,   92 49 54,      5.755,      0.000,      0.000,        3.412,        4.626,     -0.284
123             ,   50 24 04 ,   93 18 17,      4.479,      0.000,      0.000,        3.445,        2.850,     -0.258
124             ,   50 24 14 ,   82 09 50,      4.510,      0.000,      0.000,        3.443,        2.848,      0.615
125             ,   50 24 07 ,   74 21 21,      4.636,      0.000,      0.000,        3.440,        2.846,      1.250
126             ,   50 24 07 ,   64 44 30,      4.923,      0.000,      0.000,        3.431,        2.838,      2.101
127             ,   50 24 09 ,   58 04 57,      5.247,      0.000,      0.000,        3.432,        2.839,      2.774
128             ,   50 24 03 ,   51 30 01,      5.683,      0.000,      0.000,        3.427,        2.835,      3.538
129             ,   66 45 47 ,   47 13 10,      5.109,      0.000,      0.000,        3.446,        1.479,      3.470
130             ,   66 45 48 ,   53 51 37,      4.655,      0.000,      0.000,        3.454,        1.483,      2.745
131             ,   66 45 41 ,   62 10 58,      4.264,      0.000,      0.000,        3.465,        1.488,      1.990
132             ,   66 45 48 ,   72 11 00,      3.962,      0.000,      0.000,        3.466,        1.488,      1.212
133             ,   66 45 49 ,   81 43 55,      3.825,      0.000,      0.000,        3.478,        1.493,      0.550
134             ,   67 04 06 ,   93 18 16,      3.785,      0.000,      0.000,        3.480,        1.472,     -0.218
135             ,   92 49 22 ,   93 17 15,      3.512,      0.000,      0.000,        3.502,       -0.173,     -0.201
136             ,   92 49 28 ,   79 35 54,      3.563,      0.000,      0.000,        3.500,       -0.173,      0.643
137             ,   92 49 28 ,   70 54 14,      3.706,      0.000,      0.000,        3.498,       -0.173,      1.212
138             ,   92 49 34 ,   60 08 06,      4.031,      0.000,      0.000,        3.492,       -0.172,      2.007
139             ,   92 49 26 ,   51 47 10,      4.442,      0.000,      0.000,        3.486,       -0.172,      2.748
140             ,   92 49 35 ,   45 09 26,      4.913,      0.000,      0.000,        3.479,       -0.172,      3.465
141             ,  117 23 47 ,   47 35 16,      5.365,      0.000,      0.000,        3.517,       -1.823,      3.619
142             ,  117 23 41 ,   55 28 44,      4.816,      0.000,      0.000,        3.523,       -1.826,      2.730
143             ,  117 23 36 ,   62 31 48,      4.478,      0.000,      0.000,        3.528,       -1.828,      2.066
144             ,  117 23 30 ,   73 13 00,      4.156,      0.000,      0.000,        3.533,       -1.831,      1.200
145             ,  117 23 36 ,   82 25 11,      4.018,      0.000,      0.000,        3.536,       -1.832,      0.530
146             ,  117 23 36 ,   94 31 02,      3.995,      0.000,      0.000,        3.536,       -1.833,     -0.315
147             ,  132 57 19 ,   94 30 15,      4.865,      0.000,      0.000,        3.550,       -3.305,     -0.382
148             ,  132 57 21 ,   82 26 57,      4.893,      0.000,      0.000,        3.550,       -3.305,      0.643
149             ,  132 57 22 ,   75 02 52,      5.019,      0.000,      0.000,        3.549,       -3.304,      1.295
150             ,  132 57 33 ,   65 54 44,      5.307,      0.000,      0.000,        3.546,       -3.302,      2.166
151             ,  132 57 28 ,   60 11 38,      5.584,      0.000,      0.000,        3.546,       -3.302,      2.775
152             ,  133 03 37 ,   54 42 25,      5.931,      0.000,      0.000,        3.537,       -3.305,      3.427
153             ,  142 47 13 ,   59 37 52,      6.844,      0.000,      0.000,        3.571,       -4.703,      3.460
154             ,  142 40 42 ,   65 34 57,      6.474,      0.000,      0.000,        3.574,       -4.688,      2.676
155             ,  142 40 34 ,   70 29 50,      6.252,      0.000,      0.000,        3.573,       -4.686,      2.087
156             ,  142 40 23 ,   78 38 46,      6.007,      0.000,      0.000,        3.571,       -4.683,      1.183
157             ,  142 40 33 ,   84 35 54,      5.922,      0.000,      0.000,        3.575,       -4.688,      0.557
158             ,  144 04 12 ,   93 57 49,      5.917,      0.000,      0.000,        3.464,       -4.780,     -0.409
159             ,  150 20 06 ,   92 21 25,      7.289,      0.000,      0.000,        3.605,       -6.329,     -0.300
160             ,  150 20 10 ,   84 50 52,      7.305,      0.000,      0.000,        3.601,       -6.322,      0.656
161             ,  150 20 27 ,   80 28 31,      7.367,      0.000,      0.000,        3.595,       -6.313,      1.219
162             ,  150 20 23 ,   74 18 13,      7.556,      0.000,      0.000,        3.600,       -6.321,      2.044
163             ,  150 20 11 ,   69 40 37,      7.750,      0.000,      0.000,        3.597,       -6.315,      2.692
164             ,  150 20 39 ,   64 10 33,      8.062,      0.000,      0.000,        3.591,       -6.307,      3.512
165             ,  154 11 33 ,   92 17 16,      8.350,      0.000,      0.000,        3.632,       -7.511,     -0.333
166             ,  154 05 46 ,   85 30 13,      8.345,      0.000,      0.000,        3.634,       -7.483,      0.654
167             ,  154 05 47 ,   81 05 02,      8.397,      0.000,      0.000,        3.624,       -7.462,      1.301
168             ,  154 11 45 ,   74 22 30,      8.586,      0.000,      0.000,        3.599,       -7.444,      2.313
169             ,  154 11 41 ,   71 43 46,      8.763,      0.000,      0.000,        3.622,       -7.491,      2.747
170             ,  154 12 00 ,   66 43 08,      9.011,      0.000,      0.000,        3.602,       -7.452,      3.561
171             ,  154 51 58 ,   60 02 18,      9.831,      0.000,      0.000,        3.618,       -7.711,      4.910
172             ,  153 05 57 ,   56 51 35,      9.526,      0.000,      0.000,        3.609,       -7.113,      5.208
173             ,  149 43 54 ,   57 33 04,      8.417,      0.000,      0.000,        3.580,       -6.134,      4.516
174             ,  149 43 34 ,   53 49 12,      8.779,      0.000,      0.000,        3.572,       -6.120,      5.183
175             ,  143 40 21 ,   56 01 59,      7.265,      0.000,      0.000,        3.569,       -4.854,      4.059
176             ,  142 52 01 ,   50 01 20,      7.691,      0.000,      0.000,        3.558,       -4.699,      4.942
177             ,  136 37 08 ,   51 43 50,      6.577,      0.000,      0.000,        3.547,       -3.753,      4.073
178             ,  135 57 34 ,   44 20 52,      7.285,      0.000,      0.000,        3.540,       -3.661,      5.210
179             ,  124 17 41 ,   45 51 17,      5.949,      0.000,      0.000,        3.527,       -2.405,      4.143
180             ,  124 17 47 ,   39 46 25,      6.660,      0.000,      0.000,        3.520,       -2.401,      5.119
181             ,  107 41 44 ,   42 25 49,      5.438,      0.000,      0.000,        3.496,       -1.115,      4.014
182             ,  106 52 55 ,   35 20 28,      6.286,      0.000,      0.000,        3.479,       -1.056,      5.127
183             ,   86 35 46 ,   41 00 26,      5.292,      0.000,      0.000,        3.466,        0.206,      3.993
184             ,   86 35 54 ,   34 00 33,      6.188,      0.000,      0.000,        3.455,        0.205,      5.130
185             ,   65 50 56 ,   43 19 51,      5.488,      0.000,      0.000,        3.437,        1.541,      3.992
186             ,   63 00 44 ,   36 45 43,      6.409,      0.000,      0.000,        3.418,        1.741,      5.135
187             ,   53 29 49 ,   46 57 51,      5.830,      0.000,      0.000,        3.425,        2.535,      3.979
188             ,   51 11 12 ,   40 23 23,      6.765,      0.000,      0.000,        3.416,        2.748,      5.153
189             ,   44 37 47 ,   50 14 08,      6.327,      0.000,      0.000,        3.417,        3.461,      4.047
190             ,   41 11 13 ,   45 15 48,      7.278,      0.000,      0.000,        3.404,        3.891,      5.122
191             ,   33 46 56 ,   55 51 54,      7.359,      0.000,      0.000,        3.387,        5.063,      4.130
192             ,   32 31 26 ,   50 43 46,      8.130,      0.000,      0.000,        3.384,        5.307,      5.146
193             ,   29 36 27 ,   53 04 13,      8.543,      0.000,      0.000,        3.374,        5.938,      5.133
194             ,   29 40 42 ,   58 14 40,      8.013,      0.000,      0.000,        3.374,        5.920,      4.217
195             ,   29 14 57 ,   51 46 05,      8.736,      0.000,      0.000,        3.353,        5.988,      5.407
196             ,   28 07 20 ,   47 52 03,      9.094,      0.000,      0.000,        3.179,        5.948,      6.100
197             ,   32 08 10 ,   47 36 06,      8.425,      0.000,      0.000,        3.310,        5.268,      5.681
198             ,   35 47 15 ,   46 05 40,      7.959,      0.000,      0.000,        3.353,        4.651,      5.519
199             ,   35 22 12 ,   43 12 41,      8.185,      0.000,      0.000,        3.244,        4.570,      5.965
200             ,   42 44 34 ,   42 01 38,      7.399,      0.000,      0.000,        3.362,        3.638,      5.496
201             ,   42 34 50 ,   39 10 38,      7.672,      0.000,      0.000,        3.279,        3.569,      5.947
202             ,   48 09 05 ,   38 23 23,      7.217,      0.000,      0.000,        3.339,        2.990,      5.657
203             ,   55 37 57 ,   36 47 03,      6.840,      0.000,      0.000,        3.381,        2.312,      5.478
204             ,   55 29 07 ,   33 50 24,      7.183,      0.000,      0.000,        3.296,        2.266,      5.966
205             ,   63 03 45 ,   33 47 16,      6.764,      0.000,      0.000,        3.353,        1.704,      5.622
206             ,   73 07 35 ,   32 17 57,      6.577,      0.000,      0.000,        3.363,        1.020,      5.560
207             ,   73 13 52 ,   29 55 10,      6.901,      0.000,      0.000,        3.296,        0.993,      5.981
208             ,   85 32 39 ,   30 46 50,      6.618,      0.000,      0.000,        3.377,        0.263,      5.686
209             ,   94 45 07 ,   31 55 56,      6.494,      0.000,      0.000,        3.423,       -0.285,      5.511
210             ,  101 19 10 ,   29 06 50,      6.935,      0.000,      0.000,        3.309,       -0.662,      6.059
211             ,  108 53 02 ,   31 52 14,      6.773,      0.000,      0.000,        3.384,       -1.158,      5.752
212             ,  115 31 11 ,   34 56 02,      6.696,      0.000,      0.000,        3.460,       -1.652,      5.490
213             ,  123 19 22 ,   33 37 19,      7.196,      0.000,      0.000,        3.329,       -2.189,      5.992
214             ,  128 08 02 ,   37 10 10,      7.205,      0.000,      0.000,        3.424,       -2.688,      5.742
215             ,  131 40 33 ,   40 09 52,      7.224,      0.000,      0.000,        3.480,       -3.098,      5.521
216             ,  135 19 45 ,   38 29 19,      7.676,      0.000,      0.000,        3.358,       -3.397,      6.008
217             ,  137 02 02 ,   42 17 42,      7.629,      0.000,      0.000,        3.499,       -3.757,      5.643
218             ,  139 52 22 ,   44 16 44,      7.775,      0.000,      0.000,        3.498,       -4.151,      5.567
219             ,  141 38 33 ,   41 40 01,      8.169,      0.000,      0.000,        3.370,       -4.258,      6.102
220             ,  141 38 41 ,   41 40 01,      8.168,      0.000,      0.000,        3.370,       -4.258,      6.102
221             ,  151 13 12 ,   53 12 42,      9.195,      0.000,      0.000,        3.545,       -6.454,      5.506
222             ,  153 05 23 ,   53 12 42,      9.642,      0.000,      0.000,        3.495,       -6.886,      5.774
223             ,  155 28 52 ,   53 49 06,     10.274,      0.000,      0.000,        3.441,       -7.545,      6.065
224             ,  155 27 28 ,   55 33 39,     10.239,      0.000,      0.000,        3.507,       -7.681,      5.790
225             ,  155 13 41 ,   57 09 30,     10.156,      0.000,      0.000,        3.575,       -7.748,      5.508
226             ,  165 15 44 ,   54 43 39,     10.725,      0.000,      0.000,        2.228,       -8.468,      6.193
227             ,  161 25 38 ,   52 54 33,     10.256,      0.000,      0.000,        2.606,       -7.755,      6.185
228             ,  156 56 15 ,   53 25 11,     10.364,      0.000,      0.000,        3.260,       -7.658,      6.177
229             ,  155 49 13 ,   50 52 02,      9.783,      0.000,      0.000,        3.108,       -6.923,      6.174
230             ,  161 29 56 ,   49 31 39,      9.540,      0.000,      0.000,        2.303,       -6.882,      6.192
231             ,  155 35 06 ,   36 12 03,      7.694,      0.000,      0.000,        1.878,       -4.138,      6.209
232             ,  148 17 07 ,   37 46 36,      7.829,      0.000,      0.000,        2.521,       -4.080,      6.188
233             ,  142 10 55 ,   40 33 46,      8.126,      0.000,      0.000,        3.240,       -4.174,      6.173
234             ,  141 20 13 ,   35 31 36,      7.597,      0.000,      0.000,        2.758,       -3.447,      6.183
235             ,  142 43 56 ,   31 12 52,      7.234,      0.000,      0.000,        2.270,       -2.984,      6.187
236             ,  130 04 13 ,   33 51 06,      7.434,      0.000,      0.000,        3.169,       -2.666,      6.174
237             ,  121 48 10 ,   30 24 08,      7.171,      0.000,      0.000,        3.084,       -1.912,      6.185
238             ,  129 14 00 ,   27 03 36,      6.978,      0.000,      0.000,        2.459,       -2.008,      6.214
239             ,  131 48 11 ,   23 31 00,      6.778,      0.000,      0.000,        2.016,       -1.803,      6.215
240             ,  124 31 09 ,   22 16 12,      6.607,      0.000,      0.000,        2.063,       -1.419,      6.114
241             ,  115 34 03 ,   25 26 22,      6.858,      0.000,      0.000,        2.658,       -1.271,      6.193
242             ,  111 32 13 ,   27 14 37,      6.855,      0.000,      0.000,        2.919,       -1.152,      6.095
243             ,  106 02 28 ,   28 32 48,      7.031,      0.000,      0.000,        3.229,       -0.928,      6.176
244             ,  100 50 56 ,   25 35 06,      6.998,      0.000,      0.000,        2.968,       -0.569,      6.312
245             ,  107 45 48 ,   21 28 13,      6.595,      0.000,      0.000,        2.299,       -0.736,      6.137
246             ,   91 45 34 ,   24 41 59,      6.763,      0.000,      0.000,        2.825,       -0.087,      6.145
247             ,   83 19 32 ,   23 58 08,      6.956,      0.000,      0.000,        2.807,        0.328,      6.356
248             ,   80 06 51 ,   18 56 32,      6.559,      0.000,      0.000,        2.097,        0.366,      6.203
249             ,   65 04 50 ,   22 59 20,      6.615,      0.000,      0.000,        2.343,        1.089,      6.090
250             ,   70 24 10 ,   27 46 59,      6.995,      0.000,      0.000,        3.072,        1.094,      6.189
251             ,   52 47 44 ,   26 58 09,      6.941,      0.000,      0.000,        2.507,        1.903,      6.186
252             ,   35 49 38 ,   26 20 19,      6.936,      0.000,      0.000,        1.801,        2.495,      6.216
253             ,   49 50 12 ,   30 10 51,      7.159,      0.000,      0.000,        2.751,        2.321,      6.189
254             ,   51 48 44 ,   32 51 16,      7.352,      0.000,      0.000,        3.135,        2.466,      6.176
255             ,   42 18 57 ,   33 22 37,      7.575,      0.000,      0.000,        2.806,        3.082,      6.326
256             ,   34 30 32 ,   31 53 04,      7.196,      0.000,      0.000,        2.153,        3.132,      6.110
257             ,   37 41 12 ,   34 51 49,      7.524,      0.000,      0.000,        2.629,        3.403,      6.173
258             ,   37 40 39 ,   38 33 40,      7.902,      0.000,      0.000,        3.011,        3.898,      6.179
259             ,   24 13 37 ,   34 46 18,      7.561,      0.000,      0.000,        1.769,        3.932,      6.211
260             ,   24 01 11 ,   38 40 33,      7.949,      0.000,      0.000,        2.022,        4.538,      6.206
261             ,   33 23 40 ,   41 34 06,      8.268,      0.000,      0.000,        3.020,        4.580,      6.186
262             ,   27 11 49 ,   43 03 21,      8.453,      0.000,      0.000,        2.638,        5.133,      6.176
263             ,   20 52 26 ,   42 25 47,      8.398,      0.000,      0.000,        2.019,        5.294,      6.199
264             ,   27 03 54 ,   47 09 53,      9.093,      0.000,      0.000,        3.034,        5.938,      6.183
265             ,   10 42 27 ,   42 14 16,      8.780,      0.000,      0.000,        1.097,        5.799,      6.500
266             ,   10 42 48 ,   39 04 04,      9.307,      0.000,      0.000,        1.090,        5.764,      7.226
267             ,   12 21 43 ,   37 30 31,      8.543,      0.000,      0.000,        1.114,        5.081,      6.777
268             ,   13 30 43 ,   34 00 49,      8.487,      0.000,      0.000,        1.109,        4.616,      7.035
269             ,   13 44 56 ,   32 05 44,      8.798,      0.000,      0.000,        1.111,        4.541,      7.453
270             ,   16 10 05 ,   30 51 45,      7.919,      0.000,      0.000,        1.131,        3.902,      6.798
271             ,   17 45 51 ,   29 40 03,      7.465,      0.000,      0.000,        1.127,        3.519,      6.486
272             ,   17 36 34 ,   27 52 48,      7.895,      0.000,      0.000,        1.117,        3.519,      6.978
273             ,   17 47 54 ,   26 01 37,      8.428,      0.000,      0.000,        1.130,        3.521,      7.574
274             ,   22 12 53 ,   23 32 11,      7.550,      0.000,      0.000,        1.140,        2.791,      6.922
275             ,   25 57 56 ,   21 44 29,      7.091,      0.000,      0.000,        1.150,        2.361,      6.587
276             ,   32 31 49 ,   16 23 30,      7.115,      0.000,      0.000,        1.080,        1.693,      6.826
277             ,   39 05 28 ,   14 04 39,      7.623,      0.000,      0.000,        1.169,        1.439,      7.394
278             ,   52 18 53 ,   11 57 41,      7.169,      0.000,      0.000,        1.176,        0.908,      7.013
279             ,   75 33 44 ,   10 41 07,      6.608,      0.000,      0.000,        1.187,        0.305,      6.494
280             ,   99 49 14 ,    9 53 46,      7.050,      0.000,      0.000,        1.194,       -0.207,      6.945
281             ,  131 20 22 ,   12 15 08,      7.619,      0.000,      0.000,        1.214,       -1.068,      7.446
282             ,  136 11 28 ,   14 27 00,      7.002,      0.000,      0.000,        1.210,       -1.261,      6.781
283             ,  147 39 45 ,   19 00 41,      6.913,      0.000,      0.000,        1.205,       -1.903,      6.536
284             ,  153 09 34 ,   21 58 26,      7.309,      0.000,      0.000,        1.235,       -2.440,      6.778
285             ,  158 34 27 ,   24 34 28,      8.255,      0.000,      0.000,        1.254,       -3.196,      7.508
286             ,  160 58 33 ,   28 44 52,      7.992,      0.000,      0.000,        1.253,       -3.634,      7.007
287             ,  163 23 18 ,   34 21 33,      7.863,      0.000,      0.000,        1.269,       -4.252,      6.491
288             ,  167 50 10 ,   39 22 08,      9.654,      0.000,      0.000,        1.290,       -5.986,      7.464
289             ,  167 50 31 ,   39 22 43,      9.661,      0.000,      0.000,        1.291,       -5.992,      7.468
290             ,  167 50 31 ,   42 05 28,      9.230,      0.000,      0.000,        1.303,       -6.048,      6.850
291             ,  169 33 41 ,   45 45 08,     10.082,      0.000,      0.000,        1.309,       -7.103,      7.035
292             ,  169 37 09 ,   47 32 08,      9.825,      0.000,      0.000,        1.306,       -7.129,      6.633
293             ,  170 11 01 ,   50 19 46,     10.095,      0.000,      0.000,        1.325,       -7.657,      6.444
294             ,  170 10 53 ,   46 21 15,     10.658,      0.000,      0.000,        1.315,       -7.599,      7.356
295             ,  157 18 58 ,   54 47 04,     10.409,      0.000,      0.000,        3.280,       -7.846,      6.002
296             ,  159 15 10 ,   59 17 46,      9.757,      0.000,      0.000,        2.972,       -7.845,      4.982
297             ,  156 09 01 ,   61 01 17,      9.795,      0.000,      0.000,        3.465,       -7.837,      4.745
298             ,  158 45 20 ,   67 32 12,      9.094,      0.000,      0.000,        3.045,       -7.833,      3.475
299             ,  156 02 20 ,   73 18 44,      8.944,      0.000,      0.000,        3.479,       -7.829,      2.568
300             ,  158 41 49 ,   76 13 41,      8.655,      0.000,      0.000,        3.054,       -7.832,      2.060
301             ,  156 03 40 ,   82 46 20,      8.655,      0.000,      0.000,        3.484,       -7.848,      1.089
302             ,  158 59 50 ,   85 24 18,      8.411,      0.000,      0.000,        3.005,       -7.827,      0.674
303             ,  155 24 29 ,   88 11 26,      8.607,      0.000,      0.000,        3.580,       -7.823,      0.272
304             ,  158 13 41 ,   90 54 59,      8.427,      0.000,      0.000,        3.125,       -7.825,     -0.135
305             ,  156 27 16 ,   97 05 40,      8.595,      0.000,      0.000,        3.407,       -7.819,     -1.062
306             ,  168 26 53 ,   98 37 28,      8.115,      0.000,      0.000,        1.607,       -7.861,     -1.217
307             ,  171 46 54 ,   98 37 04,      8.035,      0.000,      0.000,        1.136,       -7.863,     -1.204
308             ,  168 33 45 ,   92 03 42,      8.022,      0.000,      0.000,        1.590,       -7.858,     -0.289
309             ,  171 59 58 ,   85 52 45,      7.961,      0.000,      0.000,        1.105,       -7.863,      0.572
310             ,  168 03 23 ,   83 18 55,      8.086,      0.000,      0.000,        1.662,       -7.857,      0.941
311             ,  171 51 25 ,   77 54 43,      8.126,      0.000,      0.000,        1.126,       -7.866,      1.702
312             ,  168 37 46 ,   75 15 13,      8.292,      0.000,      0.000,        1.581,       -7.861,      2.111
313             ,  171 51 14 ,   70 37 19,      8.422,      0.000,      0.000,        1.126,       -7.865,      2.795
314             ,  168 14 23 ,   67 11 20,      8.710,      0.000,      0.000,        1.636,       -7.861,      3.377
315             ,  172 12 07 ,   62 24 03,      8.961,      0.000,      0.000,        1.077,       -7.868,      4.151
316             ,  168 16 39 ,   58 24 00,      9.434,      0.000,      0.000,        1.632,       -7.867,      4.943
317             ,  172 00 37 ,   55 10 11,      9.683,      0.000,      0.000,        1.105,       -7.871,      5.530
318             ,  170 49 06 ,   52 17 37,     10.086,      0.000,      0.000,        1.273,       -7.878,      6.169
319             ,  172 13 51 ,   48 27 00,     10.611,      0.000,      0.000,        1.073,       -7.868,      7.038
320             ,  171 06 50 ,   46 43 33,     10.936,      0.000,      0.000,        1.230,       -7.867,      7.497
321             ,  182 21 24 ,   47 05 50,     10.777,      0.000,      0.000,       -0.325,       -7.888,      7.337
322             ,  185 52 11 ,   47 06 03,     10.833,      0.000,      0.000,       -0.812,       -7.894,      7.374
323             ,  182 17 54 ,   50 59 45,     10.168,      0.000,      0.000,       -0.317,       -7.895,      6.399
324             ,  185 10 49 ,   54 58 56,      9.689,      0.000,      0.000,       -0.716,       -7.903,      5.560
325             ,  181 47 39 ,   57 33 05,      9.358,      0.000,      0.000,       -0.247,       -7.893,      5.021
326             ,  184 46 22 ,   61 23 39,      9.035,      0.000,      0.000,       -0.660,       -7.905,      4.326
327             ,  182 05 51 ,   66 19 02,      8.625,      0.000,      0.000,       -0.289,       -7.894,      3.465
328             ,  185 22 23 ,   70 43 59,      8.407,      0.000,      0.000,       -0.743,       -7.901,      2.774
329             ,  182 08 57 ,   77 15 19,      8.104,      0.000,      0.000,       -0.296,       -7.899,      1.788
330             ,  185 36 14 ,   82 26 32,      8.008,      0.000,      0.000,       -0.775,       -7.900,      1.053
331             ,  183 22 50 ,   87 47 19,      7.907,      0.000,      0.000,       -0.466,       -7.887,      0.305
332             ,  185 32 27 ,   92 16 26,      7.944,      0.000,      0.000,       -0.766,       -7.901,     -0.315
333             ,  181 39 28 ,   98 32 46,      7.986,      0.000,      0.000,       -0.229,       -7.894,     -1.187
334             ,  194 54 16 ,   98 32 43,      8.280,      0.000,      0.000,       -2.106,       -7.913,     -1.230
335             ,  196 38 21 ,   93 50 58,      8.288,      0.000,      0.000,       -2.368,       -7.923,     -0.556
336             ,  195 18 59 ,   87 43 01,      8.214,      0.000,      0.000,       -2.168,       -7.916,      0.327
337             ,  198 15 57 ,   81 14 50,      8.455,      0.000,      0.000,       -2.619,       -7.935,      1.287
338             ,  195 14 44 ,   76 21 54,      8.442,      0.000,      0.000,       -2.157,       -7.915,      1.990
339             ,  198 42 01 ,   71 19 23,      8.835,      0.000,      0.000,       -2.684,       -7.928,      2.829
340             ,  195 28 13 ,   67 42 59,      8.874,      0.000,      0.000,       -2.190,       -7.914,      3.365
341             ,  198 36 19 ,   63 15 09,      9.370,      0.000,      0.000,       -2.670,       -7.930,      4.217
342             ,  195 34 59 ,   58 27 51,      9.649,      0.000,      0.000,       -2.209,       -7.922,      5.047
343             ,  198 42 20 ,   54 53 47,     10.235,      0.000,      0.000,       -2.685,       -7.931,      5.886
344             ,  195 08 01 ,   51 22 34,     10.502,      0.000,      0.000,       -2.142,       -7.920,      6.555
345             ,  198 15 06 ,   48 16 34,     11.200,      0.000,      0.000,       -2.618,       -7.939,      7.454
346             ,  195 19 39 ,   47 56 54,     11.058,      0.000,      0.000,       -2.171,       -7.919,      7.407
347             ,  202 21 44 ,   96 23 44,      9.414,      0.000,      0.000,       -3.560,       -8.652,     -1.049
348             ,  199 58 49 ,   87 19 05,      9.208,      0.000,      0.000,       -3.143,       -8.644,      0.431
349             ,  202 05 22 ,   82 13 34,      9.428,      0.000,      0.000,       -3.513,       -8.656,      1.275
350             ,  199 52 46 ,   77 32 12,      9.420,      0.000,      0.000,       -3.128,       -8.650,      2.033
351             ,  201 59 34 ,   73 08 17,      9.764,      0.000,      0.000,       -3.499,       -8.664,      2.832
352             ,  200 15 06 ,   68 27 11,      9.918,      0.000,      0.000,       -3.193,       -8.654,      3.642
353             ,  202 02 45 ,   63 31 51,     10.453,      0.000,      0.000,       -3.512,       -8.673,      4.659
354             ,  200 06 47 ,   59 11 32,     10.734,      0.000,      0.000,       -3.170,       -8.657,      5.498
355             ,  202 05 35 ,   55 31 58,     11.341,      0.000,      0.000,       -3.517,       -8.664,      6.418
356             ,  200 09 35 ,   52 13 17,     11.665,      0.000,      0.000,       -3.178,       -8.655,      7.146
357             ,  201 54 53 ,   51 05 11,     11.985,      0.000,      0.000,       -3.481,       -8.652,      7.528
358             ,  190 57 58 ,   50 03 18,     11.452,      0.000,      0.000,       -1.670,       -8.619,      7.353
359             ,  187 52 58 ,   49 14 10,     11.477,      0.000,      0.000,       -1.192,       -8.610,      7.494
360             ,  190 57 40 ,   53 07 56,     10.977,      0.000,      0.000,       -1.670,       -8.622,      6.586
361             ,  188 03 47 ,   56 41 43,     10.413,      0.000,      0.000,       -1.221,       -8.616,      5.717
362             ,  190 46 25 ,   61 50 40,      9.956,      0.000,      0.000,       -1.641,       -8.624,      4.698
363             ,  188 13 41 ,   66 35 36,      9.493,      0.000,      0.000,       -1.247,       -8.622,      3.771
364             ,  190 45 15 ,   71 26 53,      9.258,      0.000,      0.000,       -1.638,       -8.623,      2.946
365             ,  188 09 45 ,   76 49 12,      8.946,      0.000,      0.000,       -1.237,       -8.623,      2.040
366             ,  190 37 41 ,   83 22 53,      8.835,      0.000,      0.000,       -1.619,       -8.626,      1.018
367             ,  188 00 38 ,   87 38 53,      8.713,      0.000,      0.000,       -1.213,       -8.620,      0.358
368             ,  190 46 02 ,   91 56 57,      8.785,      0.000,      0.000,       -1.640,       -8.625,     -0.299
369             ,  187 59 57 ,   98 32 00,      8.798,      0.000,      0.000,       -1.211,       -8.616,     -1.305
370             ,  178 33 54 ,   98 24 35,      8.696,      0.000,      0.000,        0.215,       -8.600,     -1.272
371             ,  175 13 59 ,   98 24 33,      8.713,      0.000,      0.000,        0.716,       -8.590,     -1.274
372             ,  177 50 54 ,   92 21 01,      8.607,      0.000,      0.000,        0.323,       -8.594,     -0.353
373             ,  175 23 15 ,   85 29 36,      8.644,      0.000,      0.000,        0.693,       -8.589,      0.679
374             ,  178 27 26 ,   79 57 41,      8.734,      0.000,      0.000,        0.232,       -8.597,      1.522
375             ,  175 19 26 ,   75 17 31,      8.910,      0.000,      0.000,        0.703,       -8.589,      2.262
376             ,  178 13 07 ,   69 38 18,      9.171,      0.000,      0.000,        0.267,       -8.594,      3.191
377             ,  175 03 13 ,   66 04 17,      9.436,      0.000,      0.000,        0.744,       -8.593,      3.827
378             ,  178 38 40 ,   60 50 43,      9.846,      0.000,      0.000,        0.203,       -8.596,      4.796
379             ,  175 31 59 ,   56 08 28,     10.381,      0.000,      0.000,        0.671,       -8.594,      5.784
380             ,  178 07 23 ,   52 15 24,     10.874,      0.000,      0.000,        0.282,       -8.594,      6.656
381             ,  175 44 51 ,   48 58 40,     11.420,      0.000,      0.000,        0.639,       -8.592,      7.496
382             ,  165 01 21 ,   55 46 18,     10.713,      0.000,      0.000,        2.289,       -8.556,      6.026
383             ,  163 23 34 ,   55 46 57,     10.824,      0.000,      0.000,        2.558,       -8.577,      6.086
384             ,  163 21 00 ,   58 56 58,     10.443,      0.000,      0.000,        2.563,       -8.571,      5.386
385             ,  166 21 52 ,   61 40 33,     10.023,      0.000,      0.000,        2.080,       -8.575,      4.756
386             ,  162 57 03 ,   66 53 07,      9.724,      0.000,      0.000,        2.622,       -8.551,      3.818
387             ,  165 57 03 ,   70 24 36,      9.366,      0.000,      0.000,        2.142,       -8.560,      3.140
388             ,  163 43 50 ,   75 42 40,      9.196,      0.000,      0.000,        2.496,       -8.554,      2.270
389             ,  166 11 49 ,   80 23 40,      8.940,      0.000,      0.000,        2.103,       -8.560,      1.492
390             ,  163 09 43 ,   85 25 40,      8.957,      0.000,      0.000,        2.586,       -8.546,      0.714
391             ,  165 59 25 ,   89 57 47,      8.815,      0.000,      0.000,        2.134,       -8.553,      0.006
392             ,  163 02 32 ,   94 47 37,      8.962,      0.000,      0.000,        2.605,       -8.542,     -0.749
393             ,  166 16 56 ,   96 22 37,      8.863,      0.000,      0.000,        2.089,       -8.557,     -0.984
394             ,  163 03 27 ,   97 42 49,      9.009,      0.000,      0.000,        2.602,       -8.540,     -1.209
395             ,  203 39 27 ,   96 57 55,      8.248,      0.000,      0.000,       -3.285,       -7.499,     -1.000
396             ,  205 02 07 ,   96 03 25,      7.820,      0.000,      0.000,       -3.291,       -7.046,     -0.825
397             ,  203 46 21 ,   86 12 47,      8.188,      0.000,      0.000,       -3.293,       -7.477,      0.541
398             ,  205 27 21 ,   82 33 11,      7.741,      0.000,      0.000,       -3.299,       -6.930,      1.003
399             ,  203 43 31 ,   78 38 50,      8.368,      0.000,      0.000,       -3.301,       -7.511,      1.647
400             ,  205 05 35 ,   73 57 11,      8.070,      0.000,      0.000,       -3.289,       -7.023,      2.231
401             ,  204 00 31 ,   69 27 29,      8.678,      0.000,      0.000,       -3.306,       -7.423,      3.045
402             ,  205 18 43 ,   65 48 58,      8.477,      0.000,      0.000,       -3.306,       -6.991,      3.473
403             ,  203 54 48 ,   62 18 57,      9.221,      0.000,      0.000,       -3.310,       -7.465,      4.284
404             ,  205 06 31 ,   57 09 25,      9.300,      0.000,      0.000,       -3.315,       -7.075,      5.044
405             ,  204 04 24 ,   54 52 31,      9.950,      0.000,      0.000,       -3.320,       -7.430,      5.725
406             ,  204 04 30 ,   49 50 40,     10.648,      0.000,      0.000,       -3.320,       -7.431,      6.867
407             ,  205 01 34 ,   46 13 26,     10.861,      0.000,      0.000,       -3.318,       -7.106,      7.514
408             ,  211 13 44 ,   41 17 23,      9.741,      0.000,      0.000,       -3.333,       -5.497,      7.319
409             ,  213 15 50 ,   43 13 14,      8.880,      0.000,      0.000,       -3.336,       -5.085,      6.471
410             ,  211 03 22 ,   45 55 34,      8.987,      0.000,      0.000,       -3.331,       -5.531,      6.251
411             ,  213 05 48 ,   49 02 26,      8.061,      0.000,      0.000,       -3.324,       -5.100,      5.284
412             ,  211 02 43 ,   54 46 18,      7.920,      0.000,      0.000,       -3.336,       -5.543,      4.568
413             ,  213 12 04 ,   58 55 26,      7.089,      0.000,      0.000,       -3.325,       -5.081,      3.659
414             ,  211 00 05 ,   64 26 00,      7.185,      0.000,      0.000,       -3.338,       -5.555,      3.101
415             ,  213 12 52 ,   70 16 06,      6.444,      0.000,      0.000,       -3.323,       -5.075,      2.176
416             ,  210 44 48 ,   76 39 55,      6.683,      0.000,      0.000,       -3.325,       -5.589,      1.541
417             ,  213 25 41 ,   80 35 02,      6.130,      0.000,      0.000,       -3.331,       -5.047,      1.003
418             ,  211 08 05 ,   86 11 47,      6.446,      0.000,      0.000,       -3.326,       -5.505,      0.428
419             ,  213 10 39 ,   97 06 33,      6.128,      0.000,      0.000,       -3.328,       -5.090,     -0.758
420             ,  210 42 12 ,   98 21 49,      6.574,      0.000,      0.000,       -3.321,       -5.592,     -0.956
421             ,  222 07 19 ,   98 29 53,      5.041,      0.000,      0.000,       -3.344,       -3.698,     -0.745
422             ,  226 57 34 ,   85 07 29,      4.618,      0.000,      0.000,       -3.363,       -3.140,      0.392
423             ,  221 56 16 ,   75 00 13,      5.184,      0.000,      0.000,       -3.347,       -3.725,      1.341
424             ,  226 25 54 ,   65 38 30,      5.076,      0.000,      0.000,       -3.351,       -3.187,      2.094
425             ,  222 08 55 ,   61 16 51,      5.687,      0.000,      0.000,       -3.347,       -3.698,      2.733
426             ,  226 44 28 ,   56 01 30,      5.570,      0.000,      0.000,       -3.364,       -3.166,      3.113
427             ,  222 05 39 ,   50 55 21,      6.438,      0.000,      0.000,       -3.350,       -3.708,      4.058
428             ,  225 47 31 ,   43 56 44,      6.756,      0.000,      0.000,       -3.361,       -3.269,      4.865
429             ,  222 15 59 ,   40 39 08,      7.675,      0.000,      0.000,       -3.363,       -3.700,      5.823
430             ,  226 23 56 ,   36 28 54,      7.823,      0.000,      0.000,       -3.368,       -3.208,      6.290
431             ,  222 52 14 ,   33 41 25,      8.944,      0.000,      0.000,       -3.375,       -3.636,      7.442
432             ,  226 25 41 ,   31 47 18,      8.839,      0.000,      0.000,       -3.374,       -3.210,      7.513
433             ,  242 13 53 ,  109 57 04,      4.065,      0.000,      0.000,       -3.381,       -1.780,     -1.387
434             ,  249 25 21 ,  100 17 37,      3.677,      0.000,      0.000,       -3.387,       -1.272,     -0.657
435             ,  242 16 17 ,   83 13 22,      3.847,      0.000,      0.000,       -3.381,       -1.777,      0.454
436             ,  249 45 20 ,   72 14 32,      3.789,      0.000,      0.000,       -3.385,       -1.248,      1.155
437             ,  241 55 11 ,   62 38 45,      4.318,      0.000,      0.000,       -3.384,       -1.805,      1.984
438             ,  249 51 43 ,   53 19 18,      4.495,      0.000,      0.000,       -3.384,       -1.241,      2.685
439             ,  242 26 20 ,   46 57 02,      5.230,      0.000,      0.000,       -3.388,       -1.768,      3.570
440             ,  249 38 39 ,   40 39 23,      5.558,      0.000,      0.000,       -3.395,       -1.260,      4.216
441             ,  242 34 55 ,   36 07 48,      6.486,      0.000,      0.000,       -3.395,       -1.761,      5.239
442             ,  249 35 43 ,   32 03 55,      6.836,      0.000,      0.000,       -3.401,       -1.265,      5.793
443             ,  242 25 13 ,   30 19 38,      7.589,      0.000,      0.000,       -3.396,       -1.774,      6.550
444             ,  249 48 15 ,   26 19 36,      8.198,      0.000,      0.000,       -3.412,       -1.255,      7.348
445             ,  271 36 45 ,   24 47 12,      8.204,      0.000,      0.000,       -3.438,        0.097,      7.448
446             ,  279 57 19 ,   25 11 40,      8.211,      0.000,      0.000,       -3.443,        0.604,      7.430
447             ,  272 26 49 ,   29 50 23,      6.903,      0.000,      0.000,       -3.432,        0.147,      5.988
448             ,  280 00 13 ,   34 46 49,      6.121,      0.000,      0.000,       -3.439,        0.607,      5.028
449             ,  272 04 42 ,   40 20 25,      5.286,      0.000,      0.000,       -3.420,        0.124,      4.029
450             ,  279 22 35 ,   45 08 12,      4.906,      0.000,      0.000,       -3.431,        0.567,      3.461
451             ,  273 06 18 ,   54 10 18,      4.220,      0.000,      0.000,       -3.416,        0.185,      2.470
452             ,  280 22 53 ,   63 12 58,      3.942,      0.000,      0.000,       -3.462,        0.634,      1.776
453             ,  271 43 24 ,   71 33 31,      3.599,      0.000,      0.000,       -3.413,        0.103,      1.139
454             ,  279 38 25 ,   81 27 06,      3.512,      0.000,      0.000,       -3.424,        0.582,      0.522
455             ,  271 53 12 ,  101 33 57,      3.481,      0.000,      0.000,       -3.409,        0.112,     -0.698
456             ,  280 20 01 ,  112 03 53,      3.747,      0.000,      0.000,       -3.416,        0.623,     -1.408
457             ,  300 07 11 ,  109 30 07,      4.222,      0.000,      0.000,       -3.443,        1.997,     -1.410
458             ,  306 04 50 ,   99 57 40,      4.333,      0.000,      0.000,       -3.449,        2.513,     -0.750
459             ,  300 27 49 ,   83 32 25,      4.007,      0.000,      0.000,       -3.432,        2.019,      0.451
460             ,  306 08 13 ,   74 31 21,      4.434,      0.000,      0.000,       -3.451,        2.520,      1.183
461             ,  300 48 30 ,   64 48 35,      4.414,      0.000,      0.000,       -3.430,        2.046,      1.879
462             ,  306 06 46 ,   60 06 03,      4.929,      0.000,      0.000,       -3.452,        2.518,      2.457
463             ,  299 24 50 ,   51 41 56,      5.045,      0.000,      0.000,       -3.449,        1.944,      3.127
464             ,  305 24 26 ,   46 47 04,      5.817,      0.000,      0.000,       -3.455,        2.456,      3.983
465             ,  300 49 06 ,   41 35 42,      6.040,      0.000,      0.000,       -3.443,        2.054,      4.517
466             ,  305 24 09 ,   38 17 56,      6.867,      0.000,      0.000,       -3.469,        2.466,      5.389
467             ,  301 05 44 ,   34 16 11,      7.126,      0.000,      0.000,       -3.436,        2.072,      5.889
468             ,  305 55 02 ,   32 30 42,      7.980,      0.000,      0.000,       -3.474,        2.516,      6.730
469             ,  300 07 08 ,   28 29 39,      8.380,      0.000,      0.000,       -3.458,        2.006,      7.365
470             ,  318 29 20 ,   35 19 41,      9.075,      0.000,      0.000,       -3.478,        3.930,      7.404
471             ,  321 49 41 ,   37 11 37,      9.359,      0.000,      0.000,       -3.497,        4.448,      7.456
472             ,  318 40 38 ,   40 29 53,      8.093,      0.000,      0.000,       -3.470,        3.947,      6.154
473             ,  321 29 33 ,   45 02 00,      7.958,      0.000,      0.000,       -3.505,        4.406,      5.624
474             ,  318 35 40 ,   48 15 31,      7.063,      0.000,      0.000,       -3.485,        3.953,      4.702
475             ,  321 30 12 ,   52 55 53,      7.090,      0.000,      0.000,       -3.522,        4.428,      4.274
476             ,  318 50 18 ,   58 26 14,      6.244,      0.000,      0.000,       -3.502,        4.005,      3.268
477             ,  321 37 56 ,   63 40 47,      6.294,      0.000,      0.000,       -3.501,        4.423,      2.790
478             ,  318 28 39 ,   70 14 55,      5.557,      0.000,      0.000,       -3.467,        3.915,      1.878
479             ,  321 27 07 ,   76 17 13,      5.776,      0.000,      0.000,       -3.497,        4.389,      1.369
480             ,  318 15 51 ,   81 07 50,      5.272,      0.000,      0.000,       -3.468,        3.887,      0.813
481             ,  322 00 45 ,   85 39 08,      5.702,      0.000,      0.000,       -3.499,        4.481,      0.432
482             ,  318 25 36 ,  104 59 28,      5.413,      0.000,      0.000,       -3.470,        3.912,     -1.400
483             ,  321 41 18 ,  104 04 36,      5.807,      0.000,      0.000,       -3.492,        4.420,     -1.412
484             ,  309 44 01 ,  101 48 56,      5.552,      0.000,      0.000,       -4.179,        3.474,     -1.137
485             ,  307 46 37 ,   97 47 38,      5.327,      0.000,      0.000,       -4.172,        3.233,     -0.722
486             ,  309 51 32 ,   84 27 33,      5.470,      0.000,      0.000,       -4.179,        3.489,      0.528
487             ,  307 45 53 ,   78 13 59,      5.392,      0.000,      0.000,       -4.173,        3.233,      1.100
488             ,  309 45 32 ,   70 00 19,      5.786,      0.000,      0.000,       -4.180,        3.478,      1.978
489             ,  307 50 44 ,   62 35 45,      5.953,      0.000,      0.000,       -4.173,        3.243,      2.740
490             ,  309 33 25 ,   57 04 48,      6.474,      0.000,      0.000,       -4.190,        3.461,      3.518
491             ,  307 30 34 ,   50 50 20,      6.793,      0.000,      0.000,       -4.178,        3.207,      4.290
492             ,  309 17 41 ,   45 30 42,      7.602,      0.000,      0.000,       -4.197,        3.434,      5.327
493             ,  307 27 20 ,   41 07 31,      8.029,      0.000,      0.000,       -4.192,        3.212,      6.048
494             ,  309 33 24 ,   38 15 49,      8.800,      0.000,      0.000,       -4.202,        3.471,      6.910
495             ,  308 08 02 ,   35 28 16,      9.200,      0.000,      0.000,       -4.199,        3.297,      7.493
496             ,  290 33 50 ,   30 54 58,      8.672,      0.000,      0.000,       -4.172,        1.565,      7.440
497             ,  283 52 13 ,   30 09 13,      8.547,      0.000,      0.000,       -4.168,        1.029,      7.391
498             ,  290 28 02 ,   34 53 47,      7.771,      0.000,      0.000,       -4.165,        1.555,      6.374
499             ,  284 35 33 ,   38 34 01,      6.890,      0.000,      0.000,       -4.157,        1.082,      5.387
500             ,  290 15 49 ,   44 32 39,      6.320,      0.000,      0.000,       -4.159,        1.535,      4.504
501             ,  284 36 30 ,   52 39 44,      5.394,      0.000,      0.000,       -4.150,        1.082,      3.271
502             ,  290 31 01 ,   60 39 06,      5.089,      0.000,      0.000,       -4.155,        1.555,      2.494
503             ,  284 46 56 ,   67 56 23,      4.625,      0.000,      0.000,       -4.145,        1.094,      1.737
504             ,  290 34 55 ,   75 32 47,      4.580,      0.000,      0.000,       -4.152,        1.559,      1.143
505             ,  285 00 13 ,   83 06 44,      4.320,      0.000,      0.000,       -4.142,        1.110,      0.518
506             ,  290 18 14 ,  101 28 07,      4.518,      0.000,      0.000,       -4.152,        1.536,     -0.898
507             ,  284 18 35 ,  105 01 20,      4.420,      0.000,      0.000,       -4.137,        1.055,     -1.146
508             ,  264 28 04 ,  105 38 21,      4.291,      0.000,      0.000,       -4.113,       -0.398,     -1.157
509             ,  257 55 44 ,  100 30 33,      4.270,      0.000,      0.000,       -4.105,       -0.878,     -0.779
510             ,  265 32 30 ,   83 01 26,      4.158,      0.000,      0.000,       -4.115,       -0.321,      0.505
511             ,  258 35 44 ,   73 48 45,      4.363,      0.000,      0.000,       -4.107,       -0.828,      1.216
512             ,  265 12 29 ,   65 26 54,      4.545,      0.000,      0.000,       -4.119,       -0.345,      1.888
513             ,  258 05 20 ,   58 06 08,      4.948,      0.000,      0.000,       -4.111,       -0.867,      2.615
514             ,  264 40 23 ,   50 58 35,      5.326,      0.000,      0.000,       -4.120,       -0.384,      3.354
515             ,  258 25 26 ,   45 36 49,      5.884,      0.000,      0.000,       -4.119,       -0.844,      4.115
516             ,  264 42 15 ,   37 53 10,      6.746,      0.000,      0.000,       -4.125,       -0.382,      5.324
517             ,  258 02 13 ,   33 43 26,      7.588,      0.000,      0.000,       -4.121,       -0.873,      6.311
518             ,  264 22 46 ,   29 28 27,      8.446,      0.000,      0.000,       -4.136,       -0.407,      7.353
519             ,  258 48 39 ,   29 31 33,      8.529,      0.000,      0.000,       -4.123,       -0.816,      7.421
520             ,  239 11 10 ,   32 46 34,      8.808,      0.000,      0.000,       -4.095,       -2.443,      7.406
521             ,  236 38 06 ,   36 40 17,      8.210,      0.000,      0.000,       -4.095,       -2.697,      6.585
522             ,  239 39 00 ,   39 04 03,      7.523,      0.000,      0.000,       -4.092,       -2.396,      5.841
523             ,  236 22 00 ,   44 18 11,      7.036,      0.000,      0.000,       -4.091,       -2.722,      5.035
524             ,  239 55 24 ,   49 11 05,      6.242,      0.000,      0.000,       -4.088,       -2.367,      4.080
525             ,  236 43 44 ,   55 02 26,      5.957,      0.000,      0.000,       -4.082,       -2.678,      3.413
526             ,  240 18 57 ,   61 27 56,      5.355,      0.000,      0.000,       -4.087,       -2.330,      2.558
527             ,  236 14 18 ,   69 41 20,      5.240,      0.000,      0.000,       -4.085,       -2.731,      1.819
528             ,  240 17 53 ,   76 12 20,      4.842,      0.000,      0.000,       -4.085,       -2.330,      1.155
529             ,  236 19 51 ,   83 56 56,      4.928,      0.000,      0.000,       -4.079,       -2.717,      0.519
530             ,  221 17 28 ,   85 26 59,      6.161,      0.000,      0.000,       -4.053,       -4.615,      0.489
531             ,  221 17 26 ,   78 20 42,      6.271,      0.000,      0.000,       -4.053,       -4.615,      1.267
532             ,  221 07 39 ,   71 31 38,      6.495,      0.000,      0.000,       -4.052,       -4.640,      2.058
533             ,  221 07 41 ,   65 10 06,      6.792,      0.000,      0.000,       -4.054,       -4.643,      2.852
534             ,  221 07 42 ,   58 20 05,      7.250,      0.000,      0.000,       -4.059,       -4.648,      3.806
535             ,  221 07 39 ,   52 38 41,      7.753,      0.000,      0.000,       -4.053,       -4.642,      4.704
536             ,  221 07 47 ,   48 15 00,      8.262,      0.000,      0.000,       -4.055,       -4.643,      5.502
537             ,  221 07 40 ,   43 34 59,      8.943,      0.000,      0.000,       -4.055,       -4.644,      6.478
538             ,  221 07 42 ,   39 43 35,      9.647,      0.000,      0.000,       -4.055,       -4.644,      7.420
539             ,  325 04 22 ,   39 07 33,      9.846,      0.000,      0.000,       -3.557,        5.094,      7.638
540             ,  335 30 26 ,   39 46 41,     10.052,      0.000,      0.000,       -2.666,        5.853,      7.725
541             ,  346 22 37 ,   34 29 58,      9.392,      0.000,      0.000,       -1.253,        5.170,      7.740
542             ,  347 54 10 ,   34 33 23,      9.278,      0.000,      0.000,       -1.103,        5.146,      7.641
543             ,  354 18 00 ,   37 48 20,      9.675,      0.000,      0.000,       -0.589,        5.901,      7.644
544             ,    2 02 40 ,   34 26 24,      9.269,      0.000,      0.000,        0.187,        5.239,      7.645
545             ,    9 09 46 ,   37 35 00,      9.707,      0.000,      0.000,        0.943,        5.845,      7.692
546             ,   13 39 47 ,   27 17 17,      8.603,      0.000,      0.000,        0.932,        3.833,      7.646
547             ,  355 54 08 ,   26 58 42,      8.573,      0.000,      0.000,       -0.278,        3.879,      7.640
548             ,  336 42 42 ,   28 37 08,      8.685,      0.000,      0.000,       -1.645,        3.821,      7.624
549             ,  319 57 48 ,   31 19 22,      8.933,      0.000,      0.000,       -2.987,        3.555,      7.631
550             ,  309 26 20 ,   34 11 26,      9.238,      0.000,      0.000,       -4.009,        3.298,      7.641
551             ,  305 15 35 ,   27 15 11,      8.584,      0.000,      0.000,       -3.210,        2.269,      7.631
552             ,  318 27 28 ,   21 51 07,      8.232,      0.000,      0.000,       -2.032,        2.293,      7.640
553             ,  343 55 58 ,   16 54 33,      7.991,      0.000,      0.000,       -0.643,        2.234,      7.646
554             ,   22 48 38 ,   16 45 26,      7.991,      0.000,      0.000,        0.893,        2.124,      7.652
555             ,   88 01 56 ,    7 26 34,      7.711,      0.000,      0.000,        0.998,        0.034,      7.646
556             ,   88 01 31 ,  358 23 48,      7.641,      0.000,      0.000,       -0.214,       -0.007,      7.638
557             ,   88 01 30 ,  351 51 46,      7.715,      0.000,      0.000,       -1.091,       -0.038,      7.637
558             ,   88 01 28 ,  343 24 22,      7.968,      0.000,      0.000,       -2.274,       -0.078,      7.636
559             ,   88 01 37 ,  336 02 03,      8.354,      0.000,      0.000,       -3.391,       -0.117,      7.634
560             ,  238 29 56 ,   26 44 11,      8.540,      0.000,      0.000,       -3.276,       -2.008,      7.627
561             ,  237 05 25 ,   31 00 43,      8.901,      0.000,      0.000,       -3.850,       -2.492,      7.629
562             ,  224 44 16 ,   21 53 30,      8.230,      0.000,      0.000,       -2.160,       -2.180,      7.636
563             ,  210 34 38 ,   16 59 44,      7.984,      0.000,      0.000,       -1.187,       -2.009,      7.635
564             ,  184 05 09 ,   15 21 22,      7.919,      0.000,      0.000,       -0.149,       -2.092,      7.636
565             ,  153 35 01 ,   17 17 48,      8.008,      0.000,      0.000,        1.059,       -2.132,      7.646
566             ,  163 03 23 ,   25 32 00,      8.475,      0.000,      0.000,        1.065,       -3.495,      7.648
567             ,  185 46 20 ,   24 22 05,      8.391,      0.000,      0.000,       -0.348,       -3.444,      7.643
568             ,  201 34 47 ,   26 21 29,      8.513,      0.000,      0.000,       -1.390,       -3.515,      7.628
569             ,  218 04 02 ,   27 48 49,      8.628,      0.000,      0.000,       -2.482,       -3.169,      7.631
570             ,  223 01 43 ,   31 54 14,      8.982,      0.000,      0.000,       -3.239,       -3.470,      7.625
571             ,  213 48 04 ,   36 55 17,      9.549,      0.000,      0.000,       -3.191,       -4.766,      7.634
572             ,  201 05 31 ,   33 32 43,      9.168,      0.000,      0.000,       -1.823,       -4.727,      7.641
573             ,  187 29 54 ,   32 26 03,      9.060,      0.000,      0.000,       -0.634,       -4.818,      7.647
574             ,  167 53 01 ,   33 32 40,      9.076,      0.000,      0.000,        1.053,       -4.904,      7.565
575             ,  169 38 43 ,   39 01 47,      9.837,      0.000,      0.000,        1.113,       -6.094,      7.641
576             ,  183 09 00 ,   38 32 50,      9.763,      0.000,      0.000,       -0.334,       -6.075,      7.636
577             ,  195 40 04 ,   39 29 08,      9.888,      0.000,      0.000,       -1.698,       -6.054,      7.632
578             ,  209 13 36 ,   41 35 09,     10.206,      0.000,      0.000,       -3.308,       -5.912,      7.634
579             ,  201 00 19 ,   48 28 07,     11.851,      0.000,      0.000,       -3.180,       -8.282,      7.858
580             ,  200 42 45 ,   45 07 20,     10.817,      0.000,      0.000,       -2.711,       -7.170,      7.633
581             ,  196 18 34 ,   46 27 46,     11.083,      0.000,      0.000,       -2.256,       -7.711,      7.634
582             ,  190 33 51 ,   43 41 39,     10.540,      0.000,      0.000,       -1.335,       -7.157,      7.620
583             ,  188 44 31 ,   47 33 33,     11.348,      0.000,      0.000,       -1.273,       -8.277,      7.658
584             ,  183 44 40 ,   41 42 21,     10.227,      0.000,      0.000,       -0.444,       -6.789,      7.635
585             ,  178 51 08 ,   45 10 01,     10.827,      0.000,      0.000,        0.154,       -7.676,      7.633
586             ,  176 55 28 ,   47 35 32,     11.327,      0.000,      0.000,        0.449,       -8.352,      7.639
587             ,  172 50 06 ,   44 44 43,     10.764,      0.000,      0.000,        0.945,       -7.518,      7.645
588             ,  170 38 54 ,   43 06 53,     10.470,      0.000,      0.000,        1.163,       -7.061,      7.643
589             ,  324 12 29 ,  103 39 23,      6.111,      0.000,      0.000,       -3.473,        4.816,     -1.443
590             ,  329 15 59 ,  103 38 47,      6.106,      0.000,      0.000,       -3.033,        5.101,     -1.441
591             ,  335 30 11 ,  103 11 14,      6.322,      0.000,      0.000,       -2.552,        5.601,     -1.442
592             ,  335 30 06 ,  105 39 53,      5.346,      0.000,      0.000,       -2.134,        4.684,     -1.444
593             ,  342 24 09 ,  104 43 21,      5.673,      0.000,      0.000,       -1.659,        5.230,     -1.442
594             ,  349 24 57 ,  107 48 43,      4.730,      0.000,      0.000,       -0.827,        4.426,     -1.447
595             ,  354 53 09 ,  104 16 50,      5.861,      0.000,      0.000,       -0.506,        5.657,     -1.446
596             ,    2 10 58 ,  105 30 07,      5.393,      0.000,      0.000,        0.198,        5.193,     -1.441
597             ,    9 46 02 ,  107 52 27,      4.710,      0.000,      0.000,        0.760,        4.417,     -1.446
598             ,   13 10 24 ,  103 52 36,      5.983,      0.000,      0.000,        1.324,        5.655,     -1.435
599             ,   19 02 08 ,  104 57 01,      5.588,      0.000,      0.000,        1.761,        5.103,     -1.442
600             ,   25 49 15 ,  103 05 09,      6.368,      0.000,      0.000,        2.702,        5.583,     -1.442
601             ,   33 25 12 ,  104 58 13,      5.569,      0.000,      0.000,        2.963,        4.490,     -1.438
602             ,   45 03 54 ,  108 55 31,      4.432,      0.000,      0.000,        2.968,        2.961,     -1.437
603             ,   37 48 07 ,  110 43 00,      4.059,      0.000,      0.000,        2.327,        3.000,     -1.436
604             ,   28 45 33 ,  115 09 59,      3.361,      0.000,      0.000,        1.464,        2.667,     -1.429
605             ,   15 52 24 ,  118 07 28,      3.033,      0.000,      0.000,        0.732,        2.573,     -1.430
606             ,  357 31 01 ,  121 07 10,      2.758,      0.000,      0.000,       -0.102,        2.359,     -1.425
607             ,  333 26 57 ,  118 41 07,      2.963,      0.000,      0.000,       -1.162,        2.325,     -1.422
608             ,  316 49 07 ,  114 03 56,      3.508,      0.000,      0.000,       -2.192,        2.336,     -1.431
609             ,  310 46 48 ,  107 09 47,      4.891,      0.000,      0.000,       -3.539,        3.052,     -1.443
610             ,  289 01 54 ,  111 15 10,      3.980,      0.000,      0.000,       -3.506,        1.210,     -1.443
611             ,  296 22 31 ,  120 18 51,      2.850,      0.000,      0.000,       -2.204,        1.093,     -1.439
612             ,  307 59 06 ,  131 31 26,      2.153,      0.000,      0.000,       -1.271,        0.992,     -1.427
613             ,  352 07 28 ,  141 05 30,      1.830,      0.000,      0.000,       -0.157,        1.138,     -1.424
614             ,   43 22 23 ,  136 04 29,      1.966,      0.000,      0.000,        0.937,        0.992,     -1.416
615             ,   60 36 37 ,  123 32 08,      2.572,      0.000,      0.000,        1.868,        1.052,     -1.421
616             ,   67 56 25 ,  112 59 52,      3.659,      0.000,      0.000,        3.121,        1.265,     -1.429
617             ,   88 46 53 ,  114 54 30,      3.370,      0.000,      0.000,        3.056,        0.065,     -1.419
618             ,   88 46 37 ,  126 16 22,      2.396,      0.000,      0.000,        1.931,        0.041,     -1.417
619             ,   88 53 25 ,  144 19 53,      1.746,      0.000,      0.000,        1.018,        0.020,     -1.419
620             ,  112 29 29 ,  112 46 58,      3.651,      0.000,      0.000,        3.110,       -1.288,     -1.414
621             ,  118 24 21 ,  120 58 07,      2.756,      0.000,      0.000,        2.078,       -1.124,     -1.418
622             ,  139 58 03 ,  132 49 46,      2.088,      0.000,      0.000,        0.985,       -1.172,     -1.419
623             ,  185 12 35 ,  138 16 27,      1.902,      0.000,      0.000,       -0.115,       -1.261,     -1.420
624             ,  231 51 51 ,  128 05 16,      2.310,      0.000,      0.000,       -1.430,       -1.123,     -1.425
625             ,  242 40 16 ,  118 24 39,      2.997,      0.000,      0.000,       -2.342,       -1.210,     -1.426
626             ,  248 39 55 ,  112 09 52,      3.798,      0.000,      0.000,       -3.277,       -1.280,     -1.433
627             ,  261 35 04 ,  112 10 13,      3.803,      0.000,      0.000,       -3.484,       -0.515,     -1.435
628             ,  267 21 30 ,  122 21 23,      2.676,      0.000,      0.000,       -2.258,       -0.104,     -1.432
629             ,  267 17 36 ,  138 03 16,      1.915,      0.000,      0.000,       -1.279,       -0.060,     -1.425
630             ,  231 48 19 ,  108 06 54,      4.597,      0.000,      0.000,       -3.434,       -2.702,     -1.429
631             ,  217 09 26 ,  113 41 30,      3.545,      0.000,      0.000,       -1.961,       -2.587,     -1.425
632             ,  200 16 18 ,  118 29 04,      2.979,      0.000,      0.000,       -0.907,       -2.456,     -1.421
633             ,  175 21 06 ,  121 44 04,      2.696,      0.000,      0.000,        0.186,       -2.286,     -1.418
634             ,  150 52 52 ,  118 35 55,      2.964,      0.000,      0.000,        1.266,       -2.273,     -1.419
635             ,  132 28 03 ,  113 55 01,      3.499,      0.000,      0.000,        2.360,       -2.160,     -1.419
636             ,  124 19 42 ,  111 00 22,      3.949,      0.000,      0.000,        3.044,       -2.079,     -1.416
637             ,  137 19 09 ,  107 30 15,      4.721,      0.000,      0.000,        3.052,       -3.310,     -1.420
638             ,  149 55 20 ,  109 20 22,      4.311,      0.000,      0.000,        2.039,       -3.520,     -1.428
639             ,  164 45 33 ,  112 40 00,      3.699,      0.000,      0.000,        0.897,       -3.293,     -1.425
640             ,  184 07 05 ,  112 40 31,      3.703,      0.000,      0.000,       -0.245,       -3.408,     -1.428
641             ,  200 06 20 ,  110 07 50,      4.149,      0.000,      0.000,       -1.339,       -3.659,     -1.428
642             ,  214 32 40 ,  108 43 42,      4.449,      0.000,      0.000,       -2.389,       -3.470,     -1.428
643             ,  217 09 52 ,  104 07 52,      5.892,      0.000,      0.000,       -3.451,       -4.553,     -1.438
644             ,  206 35 53 ,  106 25 59,      5.083,      0.000,      0.000,       -2.183,       -4.359,     -1.438
645             ,  191 40 12 ,  107 11 55,      4.854,      0.000,      0.000,       -0.938,       -4.541,     -1.435
646             ,  181 46 53 ,  107 15 30,      4.813,      0.000,      0.000,       -0.143,       -4.595,     -1.428
647             ,  170 09 03 ,  107 12 09,      4.837,      0.000,      0.000,        0.790,       -4.553,     -1.431
648             ,  158 45 52 ,  105 05 17,      5.472,      0.000,      0.000,        1.914,       -4.925,     -1.424
649             ,  146 43 10 ,  104 21 57,      5.763,      0.000,      0.000,        3.064,       -4.668,     -1.430
650             ,  157 08 51 ,  102 18 58,      6.786,      0.000,      0.000,        2.575,       -6.109,     -1.447
651             ,  158 17 37 ,  102 43 28,      6.488,      0.000,      0.000,        2.341,       -5.880,     -1.429
652             ,  167 30 09 ,  103 26 40,      6.128,      0.000,      0.000,        1.290,       -5.819,     -1.425
653             ,  176 17 25 ,  103 39 23,      6.058,      0.000,      0.000,        0.381,       -5.875,     -1.430
654             ,  185 49 18 ,  103 15 36,      6.267,      0.000,      0.000,       -0.619,       -6.068,     -1.437
655             ,  193 03 17 ,  103 20 44,      6.219,      0.000,      0.000,       -1.367,       -5.894,     -1.435
656             ,  205 51 53 ,  102 29 52,      6.633,      0.000,      0.000,       -2.825,       -5.827,     -1.435
657             ,  204 02 53 ,  100 17 08,      8.014,      0.000,      0.000,       -3.213,       -7.201,     -1.431
658             ,  196 44 49 ,   99 52 43,      8.363,      0.000,      0.000,       -2.374,       -7.889,     -1.435
659             ,  192 47 24 ,   99 53 05,      8.351,      0.000,      0.000,       -1.821,       -8.023,     -1.434
660             ,  187 51 18 ,   99 32 45,      8.675,      0.000,      0.000,       -1.169,       -8.475,     -1.439
661             ,  178 57 33 ,   99 32 47,      8.618,      0.000,      0.000,        0.154,       -8.498,     -1.429
662             ,  176 03 02 ,   99 45 27,      8.454,      0.000,      0.000,        0.574,       -8.312,     -1.433
663             ,  175 56 33 ,  101 17 57,      7.320,      0.000,      0.000,        0.508,       -7.160,     -1.434
664             ,  173 10 27 ,  100 20 57,      7.994,      0.000,      0.000,        0.935,       -7.808,     -1.436
665             ,  169 59 59 ,  101 16 03,      7.318,      0.000,      0.000,        1.246,       -7.068,     -1.430
666             ,  164 31 52 ,  101 16 18,      7.317,      0.000,      0.000,        1.914,       -6.916,     -1.430
667             ,  163 14 26 ,   99 35 50,      8.639,      0.000,      0.000,        2.456,       -8.156,     -1.440
668             ,  158 59 54 ,  100 03 20,      8.234,      0.000,      0.000,        2.906,       -7.569,     -1.438
669             ,  154 11 48 ,  101 07 27,      7.416,      0.000,      0.000,        3.167,       -6.551,     -1.431
670             ,  359 58 19 ,   90 02 44,      5.372,      0.000,      0.000,       -0.003,        5.372,     -0.004
671             ,  210 42 19 ,  139 15 35,      1.861,      0.000,      0.000,       -0.620,       -1.044,     -1.410
