CHECKING DISTANT FROM POINTS TO AVERAGE PLANE TO REMOVE INCORRECT POINT. 

Distant of points(mm) belongs the plane 0 (63 points): 
14.62(656), 13.77(630), 10.63(625),  9.07(631),  8.54(638),  8.06(654),  7.80(622),  7.70(611),  7.50(620),  7.24(621),  6.82(659),  6.78(624),  6.78(609),  6.63(603),  6.40(602),  6.39(615),  6.33(637),  6.31(651),  5.92(606),  5.87(633),  5.30(599),  5.18(617),  4.71(657),  4.37(636),  4.26(607),  4.17(650),  3.92(632),  3.91(614),  3.85(616),  3.81(613),  3.76(658),  3.61(610),  3.34(653),  3.28(642),  3.12(641),  3.11(619),  3.02(652),  2.86(627),  2.72(645),  2.69(634),  2.55(628),  2.55(601),  2.06(639),  1.77(640),  1.57(629),  1.54(635),  1.51(623),  1.49(648),  1.29(649),  1.22(604),  1.03(618),  1.01(597),  0.96(600),  0.87(646),  0.85(643),  0.77(655),  0.76(598),  0.70(644),  0.68(605),  0.42(647),  0.35(612),  0.26(608),  0.24(626), 
Distant of points(mm) belongs the plane 1 (40 points): 
12.84(594),  9.64(595),  9.58(592),  9.31(560),  8.26(561),  7.37(593),  6.80(579),  6.20(578),  6.00(562),  5.07(590),  5.02(575),  4.66(565),  4.56(572),  4.10(586),  3.93(588),  3.82(559),  3.69(580),  3.64(574),  3.42(558),  3.39(570),  3.29(577),  3.20(585),  3.14(584),  2.84(583),  2.72(564),  2.59(573),  2.44(571),  2.25(581),  2.19(576),  2.01(596),  1.93(589),  1.76(563),  1.58(582),  1.47(568),  1.38(567),  1.13(569),  0.43(591),  0.41(566),  0.09(587),  0.08(557), 
Distant of points(mm) belongs the plane 5 (22 points): 
11.92(123), 10.92(130), 10.09(125),  9.95(113),  9.05(122),  8.75(131),  6.89(128),  5.68(111),  5.63(129),  4.66(116),  4.11(110),  3.80(127),  3.31(124),  3.09(120),  2.45(114),  1.70(115),  1.30(118),  1.24(112),  0.83(121),  0.58(119),  0.39(126),  0.01(117), 
Distant of points(mm) belongs the plane 6 (49 points): 
22.03(163), 14.70(134), 13.12(136), 12.52(159), 11.88(150), 11.64(156), 10.88(145), 10.74(135), 10.46(180),  9.94(182),  9.69(153),  8.66(181),  8.21(176),  7.51(178),  6.59(171),  6.40(162),  6.20(141),  4.97(183),  4.69(179),  4.56(138),  4.31(177),  4.25(137),  4.21(170),  3.56(168),  3.38(142),  2.94(139),  2.89(132),  2.61(144),  2.52(167),  2.49(149),  2.43(146),  2.34(175),  2.13(155),  2.09(143),  1.92(166),  1.50(184),  1.32(133),  0.98(151),  0.88(140),  0.86(148),  0.85(173),  0.71(174),  0.69(152),  0.60(172),  0.51(160),  0.50(169),  0.49(147),  0.42(165),  0.30(154), 
Distant of points(mm) belongs the plane 7 (19 points): 
12.12(188),  9.49(196),  8.91(197),  8.16(195),  7.43(203),  6.74(201),  5.27(187),  5.13(191),  4.92(190),  4.43(202),  3.19(194),  2.06(199),  1.97(186),  1.58(193),  1.51(185),  1.46(192),  1.46(189),  1.19(200),  0.64(204), 
Distant of points(mm) belongs the plane 8 (23 points): 
19.60(205), 17.16(224), 16.71(212), 14.98(211), 11.94(225), 10.32(207),  9.52(221),  8.88(222),  8.37(226),  7.66(218),  6.85(214),  6.55(209),  5.47(216),  5.00(215),  4.85(213),  4.31(227),  3.62(210),  3.37(219),  2.77(223),  1.69(206),  0.63(217),  0.61(208),  0.17(220), 
Distant of points(mm) belongs the plane 9 (14 points): 
 6.16(233),  5.24(238),  4.97(237),  3.84(235),  3.09(228),  2.26(240),  1.85(236),  1.68(230),  1.63(239),  1.26(229),  0.81(241),  0.67(232),  0.47(234),  0.27(231), 
