CHECKING DISTANT FROM POINTS TO AVERAGE PLANE TO REMOVE INCORRECT POINT. 

Distant of points(mm) belongs the plane 0 (45 points): 
13.90(415),  9.25(428),  8.16(418),  8.03(434),  7.91(430),  7.88(448),  7.70(424),  6.41(425),  6.17(439),  5.74(417),  5.43(445),  5.15(437),  5.06(435),  5.01(421),  4.31(453),  4.09(427),  3.75(454),  3.63(429),  3.54(458),  3.29(416),  3.18(438),  3.10(441),  2.83(423),  2.76(447),  2.64(422),  2.64(452),  2.34(443),  2.07(420),  2.07(455),  1.74(446),  1.66(432),  1.55(433),  1.43(419),  1.15(457),  1.00(459),  0.97(426),  0.85(450),  0.64(431),  0.61(442),  0.35(451),  0.34(444),  0.33(449),  0.23(440),  0.16(456),  0.05(436), 
Distant of points(mm) belongs the plane 1 (21 points): 
 9.92(388),  9.37(395),  6.08(398),  5.91(385),  5.11(396),  4.79(380),  4.35(382),  4.24(386),  4.06(393),  3.90(379),  3.66(387),  2.80(389),  2.77(390),  2.35(378),  2.24(383),  1.33(397),  1.31(394),  1.08(381),  0.63(391),  0.40(392),  0.09(384), 
Distant of points(mm) belongs the plane 2 (15 points): 
14.62(414), 11.90(399), 11.68(403), 11.35(404), 11.14(407),  9.40(410),  6.45(400),  5.67(402),  5.35(405),  4.82(413),  4.63(408),  4.61(401),  4.28(411),  1.66(409),  0.47(406), 
Distant of points(mm) belongs the plane 3 (39 points): 
18.10(44), 15.93(45), 14.88(32), 13.26(26), 11.63(36),  9.60(40),  8.48(24),  8.46(49),  8.31(42),  8.09(31),  8.00(25),  7.75(37),  7.47(33),  6.68(46),  6.49(12),  6.06(18),  5.92(43),  5.76(35),  5.47(13),  4.94(16),  4.86(38),  4.65(48),  3.76(29),  3.44(34),  3.05(14),  2.91(47),  2.63(17),  2.24(19),  1.96(23),  1.91(15),  1.87(20),  1.80(30),  1.77(22),  1.18(21),  0.95(28),  0.74(27),  0.50(11),  0.44(41),  0.30(39), 
Distant of points(mm) belongs the plane 4 (39 points): 
16.98(75), 15.45(66), 13.67(74), 12.56(72), 10.99(85), 10.10(62),  9.65(86),  9.29(80),  9.14(77),  8.79(82),  8.46(55),  8.04(67),  7.99(63),  7.88(79),  7.85(84),  7.16(60),  6.56(73),  5.94(53),  5.80(89),  5.67(76),  5.20(64),  5.10(52),  4.69(71),  4.30(83),  4.18(61),  3.27(51),  3.20(69),  3.18(54),  3.05(56),  2.57(57),  2.35(88),  1.86(68),  1.75(50),  1.63(58),  1.61(59),  0.86(65),  0.85(81),  0.74(78),  0.01(70), 
Distant of points(mm) belongs the plane 5 (40 points): 
15.95(250), 14.75(217), 13.44(224), 10.62(220),  9.26(254),  8.65(249),  8.49(230),  8.39(229),  8.16(215),  7.84(240),  7.09(225),  6.69(223),  6.66(253),  6.32(236),  6.31(237),  5.28(242),  5.00(248),  4.08(246),  3.99(221),  3.81(239),  3.77(226),  3.75(243),  3.72(219),  3.72(247),  3.61(252),  3.29(245),  2.47(238),  2.40(222),  2.01(232),  1.91(244),  1.60(227),  1.54(228),  1.46(251),  1.15(218),  0.84(231),  0.57(216),  0.24(234),  0.19(233),  0.11(241),  0.04(235), 
Distant of points(mm) belongs the plane 6 (40 points): 
23.42(289), 14.03(290), 10.89(281),  9.84(269),  8.24(255),  8.09(258),  6.24(287),  5.63(280),  5.48(274),  5.32(286),  5.18(262),  5.14(271),  5.04(279),  4.84(285),  4.65(259),  4.51(261),  4.38(282),  4.19(288),  3.97(275),  3.40(266),  3.40(260),  3.38(265),  3.26(257),  3.18(293),  3.04(273),  3.03(276),  3.03(284),  3.00(256),  2.71(272),  2.69(283),  2.56(267),  2.39(277),  2.37(291),  2.34(294),  1.35(264),  1.15(263),  0.77(278),  0.75(268),  0.57(270),  0.20(292), 
Distant of points(mm) belongs the plane 7 (10 points): 
 7.24(95),  4.10(96),  3.13(97),  3.10(90),  2.44(94),  1.85(91),  1.79(92),  1.23(99),  0.96(98),  0.88(93), 
Distant of points(mm) belongs the plane 8 (45 points): 
23.49(106), 13.91(131),  9.48(120),  9.18(107),  8.45(100),  8.18(102),  8.00(101),  7.79(104),  7.19(118),  6.23(114),  6.12(119),  5.41(135),  5.22(108),  5.08(126),  5.06(137),  4.93(125),  4.45(139),  4.02(134),  3.97(103),  3.91(127),  3.84(105),  3.83(142),  3.79(112),  3.75(130),  2.66(123),  2.61(111),  2.59(129),  2.30(115),  2.23(124),  2.04(143),  1.96(122),  1.50(140),  1.50(141),  1.43(117),  1.37(121),  1.31(128),  1.30(138),  1.23(144),  1.18(136),  1.17(110),  0.67(109),  0.59(133),  0.46(116),  0.23(132),  0.04(113), 
Distant of points(mm) belongs the plane 9 (59 points): 
12.01(160), 10.43(199), 10.30(159),  9.55(186),  8.11(150),  7.70(152),  7.15(171),  7.14(196),  6.88(187),  6.68(153),  6.53(197),  6.39(190),  6.31(185),  6.18(175),  5.98(147),  5.64(161),  5.55(194),  5.49(202),  5.38(169),  5.32(195),  5.26(188),  4.59(173),  4.57(172),  4.47(181),  4.45(203),  4.19(178),  4.03(204),  3.84(191),  3.81(200),  3.78(168),  3.56(189),  3.55(149),  3.49(184),  3.40(180),  3.33(155),  2.87(166),  2.61(148),  2.56(192),  2.55(156),  2.54(176),  2.37(146),  2.17(167),  2.07(154),  1.96(145),  1.92(177),  1.27(164),  1.27(182),  1.10(198),  1.05(174),  1.01(201),  0.78(179),  0.72(163),  0.54(162),  0.35(183),  0.27(165),  0.18(158),  0.16(170),  0.11(157),  0.04(193), 
Distant of points(mm) belongs the plane 10 (10 points): 
 6.99(214),  6.56(210),  5.88(211),  4.95(212),  3.70(209),  3.29(206),  2.00(213),  1.71(205),  1.69(208),  1.14(207), 
Distant of points(mm) belongs the plane 11 (18 points): 
 8.11(296),  8.10(300),  4.51(297),  3.75(305),  3.04(298),  2.66(306),  2.66(307),  2.32(310),  2.06(299),  1.52(311),  1.05(303),  1.04(312),  1.00(301),  0.69(309),  0.51(308),  0.48(304),  0.37(302),  0.31(295), 
Distant of points(mm) belongs the plane 12 (40 points): 
11.74(335),  9.89(336),  8.69(334),  7.65(316),  6.78(337),  6.58(315),  6.38(340),  6.36(342),  6.12(317),  5.98(347),  5.84(353),  4.86(346),  3.91(321),  3.87(352),  3.85(318),  3.80(320),  3.67(313),  3.13(323),  2.86(325),  2.74(341),  2.64(333),  2.57(326),  2.43(348),  2.42(314),  2.32(338),  2.05(343),  1.99(332),  1.98(351),  1.89(344),  1.81(349),  1.60(328),  1.52(322),  1.48(339),  1.24(324),  1.21(345),  1.12(331),  0.70(329),  0.64(319),  0.26(330),  0.06(327), 
Distant of points(mm) belongs the plane 13 (10 points): 
 5.21(356),  5.00(361),  4.53(364),  4.33(357),  3.85(359),  2.81(360),  1.94(363),  1.89(358),  1.60(365),  0.18(362), 
Distant of points(mm) belongs the plane 14 (12 points): 
 8.16(373),  6.13(369),  5.55(370),  4.59(374),  3.55(376),  2.21(368),  2.01(371),  2.00(372),  1.63(377),  1.57(375),  1.13(367),  0.03(366), 
