   Point ID     ,  Hz.(º ' "),  V.(º ' "),Slope Dist.(m),Refl.Ht.(m),Inst.Ht.(m),Easting(m),  Northing(m),  Height(m)
ADG             ,    0 00 00 ,   89 58 05,          0,      0.000,      0.000,            0,            0,          0
2               ,    0 00 58 ,   89 58 08,      7.235,      0.000,      0.000,        0.002,        7.235,      0.004
3               ,  317 25 19 ,  132 27 51,      2.123,      0.000,      0.000,       -1.060,        1.153,     -1.433
4               ,  317 36 45 ,   13 20 35,      7.836,      0.000,      0.000,       -1.219,        1.336,      7.624
5               ,   18 37 14 ,   98 32 44,      7.709,      0.000,      0.000,        2.434,        7.224,     -1.146
6               ,   18 37 14 ,   91 31 39,      7.627,      0.000,      0.000,        2.435,        7.226,     -0.203
7               ,   18 37 18 ,   84 03 37,      7.667,      0.000,      0.000,        2.435,        7.227,      0.793
8               ,   18 37 17 ,   76 38 58,      7.838,      0.000,      0.000,        2.435,        7.227,      1.810
9               ,   18 37 24 ,   67 51 57,      8.233,      0.000,      0.000,        2.435,        7.227,      3.102
10              ,   18 37 27 ,   61 57 26,      8.641,      0.000,      0.000,        2.436,        7.228,      4.063
11              ,   18 37 15 ,   54 52 48,      9.328,      0.000,      0.000,        2.436,        7.230,      5.366
12              ,   15 26 43 ,   52 50 51,      9.420,      0.000,      0.000,        2.000,        7.237,      5.689
13              ,   15 26 41 ,   60 42 16,      8.600,      0.000,      0.000,        1.997,        7.230,      4.208
14              ,   15 26 39 ,   68 49 50,      8.040,      0.000,      0.000,        1.996,        7.226,      2.903
15              ,   15 26 39 ,   76 14 53,      7.717,      0.000,      0.000,        1.996,        7.225,      1.834
16              ,   15 26 39 ,   83 50 34,      7.536,      0.000,      0.000,        1.995,        7.222,      0.808
17              ,   15 26 38 ,   90 58 34,      7.492,      0.000,      0.000,        1.995,        7.220,     -0.128
18              ,   15 26 40 ,   98 22 22,      7.568,      0.000,      0.000,        1.994,        7.217,     -1.102
19              ,    4 30 40 ,   99 02 21,      7.347,      0.000,      0.000,        0.571,        7.233,     -1.154
20              ,    4 30 43 ,   90 56 53,      7.258,      0.000,      0.000,        0.571,        7.234,     -0.120
21              ,    4 30 51 ,   81 50 26,      7.331,      0.000,      0.000,        0.571,        7.234,      1.040
22              ,    4 30 51 ,   73 23 47,      7.575,      0.000,      0.000,        0.571,        7.236,      2.164
23              ,    4 30 51 ,   66 09 21,      7.941,      0.000,      0.000,        0.572,        7.241,      3.210
24              ,    4 30 54 ,   60 20 07,      8.362,      0.000,      0.000,        0.572,        7.244,      4.139
25              ,    4 30 53 ,   55 41 27,      8.790,      0.000,      0.000,        0.572,        7.238,      4.955
26              ,    4 30 54 ,   50 17 48,      9.442,      0.000,      0.000,        0.572,        7.242,      6.032
27              ,    4 30 48 ,   44 47 19,     10.320,      0.000,      0.000,        0.572,        7.247,      7.324
28              ,    1 06 21 ,   44 28 09,     10.334,      0.000,      0.000,        0.140,        7.238,      7.375
29              ,    1 06 19 ,   48 52 26,      9.606,      0.000,      0.000,        0.140,        7.235,      6.318
30              ,    1 06 20 ,   55 38 15,      8.767,      0.000,      0.000,        0.140,        7.235,      4.948
31              ,    1 06 18 ,   63 02 31,      8.124,      0.000,      0.000,        0.140,        7.240,      3.683
32              ,    1 06 19 ,   74 16 01,      7.520,      0.000,      0.000,        0.140,        7.237,      2.039
33              ,    1 06 20 ,   81 40 38,      7.315,      0.000,      0.000,        0.140,        7.237,      1.059
34              ,    1 06 21 ,   90 09 51,      7.237,      0.000,      0.000,        0.140,        7.235,     -0.021
35              ,    1 06 21 ,   99 11 07,      7.329,      0.000,      0.000,        0.140,        7.234,     -1.170
36              ,  348 27 36 ,   99 52 08,      7.500,      0.000,      0.000,       -1.478,        7.239,     -1.285
37              ,  349 24 07 ,   92 15 44,      7.369,      0.000,      0.000,       -1.354,        7.237,     -0.291
38              ,  349 24 08 ,   86 00 54,      7.384,      0.000,      0.000,       -1.355,        7.240,      0.513
39              ,  349 24 10 ,   79 22 08,      7.494,      0.000,      0.000,       -1.355,        7.240,      1.382
40              ,  349 24 10 ,   73 39 13,      7.678,      0.000,      0.000,       -1.355,        7.242,      2.161
41              ,  349 24 04 ,   67 04 59,      8.002,      0.000,      0.000,       -1.356,        7.244,      3.116
42              ,  349 24 08 ,   61 32 23,      8.383,      0.000,      0.000,       -1.355,        7.244,      3.995
43              ,  349 16 01 ,   55 14 12,      8.968,      0.000,      0.000,       -1.372,        7.238,      5.113
44              ,  349 16 05 ,   50 02 13,      9.616,      0.000,      0.000,       -1.372,        7.241,      6.176
45              ,  349 11 09 ,   44 36 58,     10.501,      0.000,      0.000,       -1.384,        7.245,      7.475
46              ,  346 54 22 ,   45 03 27,     10.508,      0.000,      0.000,       -1.685,        7.244,      7.423
47              ,  346 54 22 ,   49 39 14,      9.755,      0.000,      0.000,       -1.684,        7.241,      6.315
48              ,  347 01 39 ,   54 10 24,      9.163,      0.000,      0.000,       -1.668,        7.240,      5.363
49              ,  347 01 38 ,   60 35 39,      8.530,      0.000,      0.000,       -1.668,        7.241,      4.188
50              ,  347 01 37 ,   66 44 23,      8.089,      0.000,      0.000,       -1.668,        7.242,      3.194
51              ,  347 01 38 ,   75 00 44,      7.690,      0.000,      0.000,       -1.668,        7.239,      1.989
52              ,  347 01 38 ,   83 15 50,      7.480,      0.000,      0.000,       -1.668,        7.239,      0.877
53              ,  347 01 40 ,   88 39 04,      7.431,      0.000,      0.000,       -1.668,        7.239,      0.175
54              ,  336 04 44 ,   85 52 33,      7.939,      0.000,      0.000,       -3.211,        7.238,      0.571
55              ,  336 04 52 ,   79 47 10,      8.043,      0.000,      0.000,       -3.209,        7.235,      1.426
56              ,  336 04 51 ,   72 22 56,      8.308,      0.000,      0.000,       -3.210,        7.238,      2.515
57              ,  336 04 47 ,   65 54 36,      8.677,      0.000,      0.000,       -3.212,        7.241,      3.542
58              ,  336 04 48 ,   59 42 22,      9.172,      0.000,      0.000,       -3.211,        7.240,      4.627
59              ,  336 04 52 ,   53 44 26,      9.828,      0.000,      0.000,       -3.213,        7.244,      5.813
60              ,  336 04 10 ,   47 30 17,     10.768,      0.000,      0.000,       -3.221,        7.257,      7.274
61              ,  333 42 07 ,   47 30 27,     10.988,      0.000,      0.000,       -3.589,        7.263,      7.422
62              ,  333 42 08 ,   51 20 15,     10.370,      0.000,      0.000,       -3.587,        7.259,      6.478
63              ,  333 42 07 ,   58 02 26,      9.536,      0.000,      0.000,       -3.585,        7.254,      5.048
64              ,  333 42 06 ,   65 23 56,      8.894,      0.000,      0.000,       -3.583,        7.250,      3.703
65              ,  333 42 05 ,   73 00 18,      8.453,      0.000,      0.000,       -3.581,        7.247,      2.471
66              ,  333 42 06 ,   80 47 25,      8.181,      0.000,      0.000,       -3.578,        7.239,      1.309
67              ,  333 42 09 ,   86 43 07,      8.086,      0.000,      0.000,       -3.576,        7.237,      0.463
68              ,   22 16 02 ,   98 28 51,      8.670,      0.000,      0.000,        3.250,        7.936,     -1.279
69              ,   23 20 33 ,   94 16 27,      8.663,      0.000,      0.000,        3.423,        7.932,     -0.646
70              ,   23 20 35 ,   87 40 30,      8.641,      0.000,      0.000,        3.421,        7.927,      0.351
71              ,   23 20 33 ,   82 30 41,      8.708,      0.000,      0.000,        3.421,        7.927,      1.135
72              ,   23 20 48 ,   76 40 13,      8.869,      0.000,      0.000,        3.420,        7.924,      2.045
73              ,   23 20 49 ,   69 27 18,      9.220,      0.000,      0.000,        3.421,        7.927,      3.236
74              ,   23 20 47 ,   59 58 09,      9.989,      0.000,      0.000,        3.427,        7.940,      4.999
75              ,   22 27 46 ,   55 34 02,     10.425,      0.000,      0.000,        3.285,        7.946,      5.895
76              ,   20 00 56 ,   55 34 06,     10.252,      0.000,      0.000,        2.894,        7.945,      5.796
77              ,   20 10 40 ,   59 44 15,      9.791,      0.000,      0.000,        2.917,        7.938,      4.934
78              ,   20 10 38 ,   63 31 05,      9.437,      0.000,      0.000,        2.914,        7.928,      4.208
79              ,   20 10 39 ,   70 43 11,      8.948,      0.000,      0.000,        2.913,        7.928,      2.954
80              ,   20 24 55 ,   78 28 32,      8.632,      0.000,      0.000,        2.950,        7.927,      1.724
81              ,   20 24 52 ,   85 09 57,      8.491,      0.000,      0.000,        2.951,        7.929,      0.716
82              ,   20 15 17 ,   90 58 31,      8.455,      0.000,      0.000,        2.927,        7.931,     -0.144
83              ,   20 15 14 ,   98 31 57,      8.554,      0.000,      0.000,        2.928,        7.936,     -1.269
84              ,   10 39 36 ,   98 31 43,      8.160,      0.000,      0.000,        1.493,        7.930,     -1.210
85              ,   10 39 36 ,   91 01 45,      8.075,      0.000,      0.000,        1.493,        7.934,     -0.145
86              ,   10 39 45 ,   84 45 09,      8.113,      0.000,      0.000,        1.495,        7.939,      0.742
87              ,   10 39 50 ,   79 36 57,      8.216,      0.000,      0.000,        1.495,        7.942,      1.481
88              ,   10 39 51 ,   73 40 05,      8.425,      0.000,      0.000,        1.496,        7.945,      2.369
89              ,   10 39 52 ,   67 45 36,      8.740,      0.000,      0.000,        1.497,        7.950,      3.308
90              ,   10 39 51 ,   61 33 49,      9.202,      0.000,      0.000,        1.497,        7.952,      4.382
91              ,   10 39 45 ,   56 54 11,      9.653,      0.000,      0.000,        1.496,        7.947,      5.271
92              ,    7 38 05 ,   47 26 32,     10.903,      0.000,      0.000,        1.067,        7.960,      7.374
93              ,    7 38 04 ,   51 54 54,     10.194,      0.000,      0.000,        1.066,        7.953,      6.288
94              ,    7 38 06 ,   57 40 44,      9.490,      0.000,      0.000,        1.065,        7.948,      5.074
95              ,    7 38 03 ,   63 14 58,      8.988,      0.000,      0.000,        1.066,        7.955,      4.046
96              ,    7 38 03 ,   70 21 34,      8.517,      0.000,      0.000,        1.066,        7.950,      2.863
97              ,    7 38 02 ,   76 52 30,      8.233,      0.000,      0.000,        1.065,        7.947,      1.870
98              ,    7 38 01 ,   83 41 20,      8.064,      0.000,      0.000,        1.065,        7.944,      0.886
99              ,    7 38 00 ,   90 32 51,      8.014,      0.000,      0.000,        1.065,        7.943,     -0.077
100             ,    7 38 04 ,   97 56 11,      8.089,      0.000,      0.000,        1.064,        7.941,     -1.117
101             ,  357 25 48 ,   99 02 49,      8.054,      0.000,      0.000,       -0.357,        7.946,     -1.266
102             ,  357 25 52 ,   92 11 17,      7.961,      0.000,      0.000,       -0.357,        7.947,     -0.304
103             ,  357 25 56 ,   85 37 06,      7.981,      0.000,      0.000,       -0.356,        7.950,      0.610
104             ,  357 26 02 ,   75 43 14,      8.213,      0.000,      0.000,       -0.356,        7.951,      2.026
105             ,  357 26 03 ,   68 33 00,      8.552,      0.000,      0.000,       -0.356,        7.952,      3.127
106             ,  357 26 02 ,   63 14 16,      8.916,      0.000,      0.000,       -0.356,        7.953,      4.015
107             ,  357 26 00 ,   57 07 26,      9.480,      0.000,      0.000,       -0.357,        7.954,      5.146
108             ,  357 26 06 ,   51 44 58,     10.132,      0.000,      0.000,       -0.356,        7.949,      6.273
109             ,  357 25 56 ,   47 14 12,     10.835,      0.000,      0.000,       -0.356,        7.946,      7.356
110             ,  355 13 41 ,   47 14 12,     10.870,      0.000,      0.000,       -0.664,        7.953,      7.380
111             ,  355 13 43 ,   52 14 07,     10.096,      0.000,      0.000,       -0.664,        7.953,      6.183
112             ,  355 13 44 ,   59 39 01,      9.245,      0.000,      0.000,       -0.664,        7.951,      4.672
113             ,  355 13 41 ,   69 58 50,      8.493,      0.000,      0.000,       -0.664,        7.952,      2.908
114             ,  355 13 43 ,   75 31 34,      8.240,      0.000,      0.000,       -0.664,        7.951,      2.060
115             ,  355 13 43 ,   81 26 54,      8.067,      0.000,      0.000,       -0.664,        7.950,      1.200
116             ,  355 13 45 ,   86 48 12,      7.989,      0.000,      0.000,       -0.663,        7.949,      0.445
117             ,  341 34 56 ,   95 06 53,      8.408,      0.000,      0.000,       -2.646,        7.946,     -0.750
118             ,  342 46 52 ,   88 11 59,      8.324,      0.000,      0.000,       -2.463,        7.947,      0.261
119             ,  342 47 00 ,   81 17 19,      8.418,      0.000,      0.000,       -2.463,        7.948,      1.275
120             ,  342 46 59 ,   76 06 07,      8.574,      0.000,      0.000,       -2.463,        7.950,      2.059
121             ,  342 46 59 ,   69 16 45,      8.902,      0.000,      0.000,       -2.465,        7.953,      3.150
122             ,  342 47 00 ,   60 54 45,      9.525,      0.000,      0.000,       -2.464,        7.951,      4.631
123             ,  342 46 57 ,   55 44 37,     10.072,      0.000,      0.000,       -2.464,        7.952,      5.669
124             ,  342 46 57 ,   51 45 50,     10.602,      0.000,      0.000,       -2.465,        7.954,      6.561
125             ,  342 19 05 ,   48 01 48,     11.240,      0.000,      0.000,       -2.538,        7.962,      7.517
126             ,  340 57 35 ,   48 10 56,     11.306,      0.000,      0.000,       -2.749,        7.965,      7.538
127             ,  340 57 33 ,   55 28 11,     10.212,      0.000,      0.000,       -2.745,        7.953,      5.789
128             ,  340 57 30 ,   61 47 49,      9.543,      0.000,      0.000,       -2.744,        7.950,      4.510
129             ,  340 57 30 ,   70 30 26,      8.923,      0.000,      0.000,       -2.744,        7.952,      2.978
130             ,  340 57 29 ,   77 53 31,      8.599,      0.000,      0.000,       -2.743,        7.948,      1.804
131             ,  340 57 29 ,   85 39 44,      8.431,      0.000,      0.000,       -2.743,        7.947,      0.638
132             ,  340 57 31 ,   86 51 49,      8.418,      0.000,      0.000,       -2.742,        7.946,      0.461
133             ,   24 03 58 ,   95 11 21,      8.606,      0.000,      0.000,        3.495,        7.826,     -0.778
134             ,   29 01 22 ,   95 51 32,      7.272,      0.000,      0.000,        3.510,        6.326,     -0.742
135             ,   36 09 10 ,   97 02 44,      6.004,      0.000,      0.000,        3.515,        4.811,     -0.736
136             ,   47 10 44 ,   98 31 49,      4.847,      0.000,      0.000,        3.516,        3.258,     -0.719
137             ,   59 33 21 ,  100 12 24,      4.139,      0.000,      0.000,        3.512,        2.064,     -0.733
138             ,   74 53 30 ,  101 09 14,      3.714,      0.000,      0.000,        3.518,        0.950,     -0.718
139             ,   92 02 59 ,  101 17 25,      3.590,      0.000,      0.000,        3.519,       -0.126,     -0.703
140             ,  111 33 00 ,  101 17 47,      3.842,      0.000,      0.000,        3.505,       -1.384,     -0.753
141             ,  127 07 49 ,   99 03 24,      4.463,      0.000,      0.000,        3.514,       -2.660,     -0.703
142             ,  142 34 23 ,   98 23 56,      5.784,      0.000,      0.000,        3.477,       -4.544,     -0.845
143             ,  143 39 39 ,  103 02 05,      5.813,      0.000,      0.000,        3.356,       -4.562,     -1.311
144             ,  129 06 38 ,  107 36 44,      4.528,      0.000,      0.000,        3.349,       -2.723,     -1.370
145             ,  107 20 27 ,  110 52 36,      3.761,      0.000,      0.000,        3.355,       -1.048,     -1.340
146             ,   89 32 00 ,  111 44 32,      3.616,      0.000,      0.000,        3.358,        0.027,     -1.339
147             ,   72 32 49 ,  110 57 44,      3.763,      0.000,      0.000,        3.353,        1.054,     -1.346
148             ,   55 34 59 ,  108 19 53,      4.288,      0.000,      0.000,        3.358,        2.301,     -1.349
149             ,   43 23 49 ,  105 44 13,      5.069,      0.000,      0.000,        3.352,        3.545,     -1.375
150             ,   35 39 29 ,  103 23 39,      5.939,      0.000,      0.000,        3.368,        4.694,     -1.376
151             ,   28 54 53 ,  100 55 50,      7.096,      0.000,      0.000,        3.369,        6.099,     -1.346
152             ,   23 26 12 ,   98 47 00,      8.550,      0.000,      0.000,        3.361,        7.753,     -1.306
153             ,   24 25 52 ,   97 15 09,      8.345,      0.000,      0.000,        3.424,        7.537,     -1.054
154             ,   31 25 17 ,   98 44 47,      6.691,      0.000,      0.000,        3.448,        5.643,     -1.017
155             ,   47 55 56 ,  102 24 02,      4.741,      0.000,      0.000,        3.437,        3.102,     -1.018
156             ,   63 10 21 ,  105 18 21,      3.988,      0.000,      0.000,        3.433,        1.736,     -1.053
157             ,   77 32 16 ,  106 29 06,      3.667,      0.000,      0.000,        3.433,        0.759,     -1.041
158             ,  105 28 16 ,  106 29 04,      3.709,      0.000,      0.000,        3.427,       -0.949,     -1.052
159             ,  129 48 07 ,  103 07 09,      4.588,      0.000,      0.000,        3.433,       -2.860,     -1.041
160             ,   24 52 48 ,   92 58 35,      8.405,      0.000,      0.000,        3.531,        7.615,     -0.436
161             ,   24 52 49 ,   84 53 33,      8.430,      0.000,      0.000,        3.533,        7.617,      0.750
162             ,   24 52 47 ,   79 41 03,      8.526,      0.000,      0.000,        3.529,        7.609,      1.527
163             ,   24 52 51 ,   75 17 50,      8.676,      0.000,      0.000,        3.531,        7.613,      2.202
164             ,   24 52 51 ,   68 04 27,      9.043,      0.000,      0.000,        3.529,        7.610,      3.377
165             ,   24 22 48 ,   59 17 22,      9.938,      0.000,      0.000,        3.527,        7.782,      5.075
166             ,   28 56 16 ,   54 51 12,      8.907,      0.000,      0.000,        3.524,        6.374,      5.128
167             ,   30 40 30 ,   62 58 31,      7.764,      0.000,      0.000,        3.529,        5.949,      3.528
168             ,   30 40 28 ,   69 41 56,      7.378,      0.000,      0.000,        3.530,        5.951,      2.560
169             ,   30 40 25 ,   72 57 43,      7.240,      0.000,      0.000,        3.531,        5.954,      2.121
170             ,   30 40 22 ,   77 18 34,      7.097,      0.000,      0.000,        3.532,        5.955,      1.559
171             ,   30 40 24 ,   81 29 47,      7.003,      0.000,      0.000,        3.533,        5.957,      1.036
172             ,   30 40 26 ,   86 35 53,      6.940,      0.000,      0.000,        3.534,        5.958,      0.412
173             ,   30 40 26 ,   92 46 29,      6.939,      0.000,      0.000,        3.536,        5.961,     -0.336
174             ,   39 22 04 ,   94 40 55,      5.597,      0.000,      0.000,        3.538,        4.312,     -0.457
175             ,   39 22 02 ,   88 15 21,      5.578,      0.000,      0.000,        3.537,        4.310,      0.170
176             ,   39 22 01 ,   82 53 07,      5.616,      0.000,      0.000,        3.534,        4.308,      0.696
177             ,   39 21 59 ,   77 18 33,      5.707,      0.000,      0.000,        3.531,        4.304,      1.254
178             ,   39 22 05 ,   72 04 46,      5.849,      0.000,      0.000,        3.530,        4.302,      1.800
179             ,   39 22 05 ,   64 41 13,      6.152,      0.000,      0.000,        3.528,        4.299,      2.630
180             ,   39 22 05 ,   57 50 13,      6.566,      0.000,      0.000,        3.526,        4.297,      3.495
181             ,   39 22 11 ,   48 40 39,      7.382,      0.000,      0.000,        3.517,        4.286,      4.874
182             ,   39 22 06 ,   46 57 09,      7.585,      0.000,      0.000,        3.516,        4.285,      5.178
183             ,   52 05 46 ,   40 33 11,      6.864,      0.000,      0.000,        3.521,        2.741,      5.215
184             ,   52 29 21 ,   42 13 27,      6.605,      0.000,      0.000,        3.521,        2.703,      4.891
185             ,   52 34 32 ,   51 18 18,      5.694,      0.000,      0.000,        3.529,        2.700,      3.559
186             ,   53 57 06 ,   55 59 27,      5.266,      0.000,      0.000,        3.529,        2.569,      2.945
187             ,   54 37 05 ,   60 36 55,      4.973,      0.000,      0.000,        3.533,        2.509,      2.440
188             ,   54 37 04 ,   66 47 13,      4.716,      0.000,      0.000,        3.534,        2.510,      1.859
189             ,   54 37 02 ,   74 05 16,      4.507,      0.000,      0.000,        3.534,        2.510,      1.236
190             ,   54 37 00 ,   83 28 40,      4.363,      0.000,      0.000,        3.534,        2.510,      0.496
191             ,   54 37 01 ,   93 46 04,      4.345,      0.000,      0.000,        3.535,        2.510,     -0.286
192             ,   54 37 05 ,   97 22 37,      4.370,      0.000,      0.000,        3.533,        2.509,     -0.561
193             ,   71 34 40 ,   97 22 38,      3.760,      0.000,      0.000,        3.537,        1.178,     -0.483
194             ,   71 34 39 ,   87 30 13,      3.733,      0.000,      0.000,        3.538,        1.179,      0.163
195             ,   71 34 41 ,   79 28 48,      3.794,      0.000,      0.000,        3.540,        1.179,      0.693
196             ,   71 34 45 ,   73 01 59,      3.897,      0.000,      0.000,        3.536,        1.178,      1.137
197             ,   71 34 39 ,   65 04 28,      4.114,      0.000,      0.000,        3.540,        1.179,      1.734
198             ,   72 45 36 ,   59 26 58,      4.300,      0.000,      0.000,        3.537,        1.097,      2.186
199             ,   72 45 34 ,   54 02 29,      4.571,      0.000,      0.000,        3.534,        1.097,      2.684
200             ,   72 45 34 ,   46 50 52,      5.068,      0.000,      0.000,        3.531,        1.096,      3.466
201             ,   70 43 41 ,   37 28 57,      6.131,      0.000,      0.000,        3.522,        1.231,      4.866
202             ,   70 32 39 ,   35 53 43,      6.367,      0.000,      0.000,        3.520,        1.243,      5.158
203             ,   93 02 52 ,   33 59 26,      6.327,      0.000,      0.000,        3.532,       -0.188,      5.246
204             ,   93 02 52 ,   35 56 45,      6.018,      0.000,      0.000,        3.527,       -0.188,      4.872
205             ,   93 02 47 ,   44 47 06,      5.017,      0.000,      0.000,        3.529,       -0.188,      3.561
206             ,   93 02 46 ,   52 08 09,      4.477,      0.000,      0.000,        3.530,       -0.188,      2.748
207             ,   93 02 51 ,   58 19 49,      4.159,      0.000,      0.000,        3.535,       -0.188,      2.184
208             ,   93 02 46 ,   65 20 42,      3.893,      0.000,      0.000,        3.533,       -0.188,      1.624
209             ,   93 02 47 ,   73 21 17,      3.696,      0.000,      0.000,        3.536,       -0.188,      1.059
210             ,   93 02 48 ,   79 43 31,      3.598,      0.000,      0.000,        3.535,       -0.188,      0.642
211             ,   93 02 48 ,   88 09 36,      3.541,      0.000,      0.000,        3.534,       -0.188,      0.114
212             ,   93 02 49 ,   96 33 39,      3.563,      0.000,      0.000,        3.534,       -0.188,     -0.407
213             ,  114 27 48 ,   96 33 10,      3.907,      0.000,      0.000,        3.533,       -1.607,     -0.446
214             ,  114 27 48 ,   83 37 06,      3.904,      0.000,      0.000,        3.531,       -1.607,      0.434
215             ,  114 27 56 ,   71 41 52,      4.089,      0.000,      0.000,        3.534,       -1.608,      1.284
216             ,  114 27 57 ,   60 19 40,      4.467,      0.000,      0.000,        3.532,       -1.607,      2.211
217             ,  114 27 58 ,   54 00 12,      4.790,      0.000,      0.000,        3.527,       -1.605,      2.815
218             ,  114 27 56 ,   48 04 51,      5.210,      0.000,      0.000,        3.528,       -1.605,      3.481
219             ,  114 28 04 ,   38 27 22,      6.225,      0.000,      0.000,        3.524,       -1.604,      4.875
220             ,  114 27 52 ,   36 17 14,      6.540,      0.000,      0.000,        3.523,       -1.603,      5.271
221             ,  129 43 13 ,   41 19 41,      6.945,      0.000,      0.000,        3.528,       -2.931,      5.216
222             ,  129 43 10 ,   43 14 19,      6.696,      0.000,      0.000,        3.528,       -2.931,      4.878
223             ,  127 38 33 ,   52 11 23,      5.639,      0.000,      0.000,        3.528,       -2.721,      3.457
224             ,  127 38 34 ,   56 02 53,      5.373,      0.000,      0.000,        3.529,       -2.722,      3.001
225             ,  127 38 35 ,   59 59 05,      5.150,      0.000,      0.000,        3.531,       -2.724,      2.576
226             ,  127 12 02 ,   64 44 02,      4.895,      0.000,      0.000,        3.526,       -2.677,      2.089
227             ,  127 12 05 ,   73 15 42,      4.626,      0.000,      0.000,        3.529,       -2.679,      1.332
228             ,  127 12 04 ,   81 02 36,      4.488,      0.000,      0.000,        3.531,       -2.680,      0.699
229             ,  126 54 07 ,   97 17 44,      4.450,      0.000,      0.000,        3.529,       -2.650,     -0.565
230             ,  137 15 15 ,   94 32 59,      5.217,      0.000,      0.000,        3.530,       -3.819,     -0.414
231             ,  139 03 49 ,   89 17 33,      5.379,      0.000,      0.000,        3.524,       -4.063,      0.066
232             ,  141 43 50 ,   85 01 24,      5.708,      0.000,      0.000,        3.522,       -4.465,      0.495
233             ,  141 43 57 ,   77 49 28,      5.810,      0.000,      0.000,        3.518,       -4.459,      1.225
234             ,  141 43 55 ,   60 34 16,      6.527,      0.000,      0.000,        3.521,       -4.463,      3.207
235             ,  141 43 53 ,   48 03 02,      7.670,      0.000,      0.000,        3.533,       -4.479,      5.127
236             ,  142 24 20 ,   46 20 43,      7.920,      0.000,      0.000,        3.496,       -4.540,      5.467
237             ,  143 28 54 ,   43 11 02,      8.245,      0.000,      0.000,        3.358,       -4.535,      6.012
238             ,  136 32 52 ,   41 42 26,      7.560,      0.000,      0.000,        3.459,       -3.651,      5.644
239             ,  128 41 46 ,   39 19 31,      7.056,      0.000,      0.000,        3.490,       -2.796,      5.458
240             ,  131 13 15 ,   36 35 17,      7.486,      0.000,      0.000,        3.356,       -2.941,      6.011
241             ,  122 51 21 ,   33 12 06,      7.255,      0.000,      0.000,        3.337,       -2.155,      6.070
242             ,  120 39 23 ,   36 33 11,      6.801,      0.000,      0.000,        3.484,       -2.065,      5.463
243             ,  112 19 27 ,   33 13 42,      6.778,      0.000,      0.000,        3.436,       -1.411,      5.670
244             ,  105 46 55 ,   29 50 51,      6.990,      0.000,      0.000,        3.348,       -0.946,      6.063
245             ,  104 30 18 ,   33 21 36,      6.555,      0.000,      0.000,        3.490,       -0.903,      5.475
246             ,   92 16 45 ,   31 21 08,      6.634,      0.000,      0.000,        3.449,       -0.137,      5.666
247             ,   78 58 31 ,   29 26 13,      6.937,      0.000,      0.000,        3.346,        0.652,      6.041
248             ,   78 58 39 ,   32 48 55,      6.538,      0.000,      0.000,        3.478,        0.677,      5.495
249             ,   68 41 49 ,   33 58 03,      6.660,      0.000,      0.000,        3.467,        1.352,      5.524
250             ,   66 45 22 ,   30 50 12,      7.064,      0.000,      0.000,        3.327,        1.429,      6.066
251             ,   56 37 25 ,   35 56 26,      7.006,      0.000,      0.000,        3.434,        2.262,      5.672
252             ,   51 22 34 ,   35 22 23,      7.395,      0.000,      0.000,        3.345,        2.672,      6.030
253             ,   53 14 26 ,   38 17 32,      7.003,      0.000,      0.000,        3.477,        2.597,      5.496
254             ,   44 50 15 ,   40 39 27,      7.486,      0.000,      0.000,        3.439,        3.459,      5.679
255             ,   37 34 11 ,   42 24 17,      8.142,      0.000,      0.000,        3.348,        4.352,      6.012
256             ,   38 16 25 ,   45 47 34,      7.835,      0.000,      0.000,        3.479,        4.409,      5.463
257             ,   34 08 17 ,   44 39 54,      8.473,      0.000,      0.000,        3.343,        4.930,      6.026
258             ,   36 17 57 ,   46 55 21,      8.034,      0.000,      0.000,        3.474,        4.730,      5.487
259             ,   31 45 29 ,   48 41 21,      8.659,      0.000,      0.000,        3.423,        5.530,      5.716
260             ,   27 22 52 ,   50 04 53,      9.459,      0.000,      0.000,        3.336,        6.442,      6.070
261             ,   28 40 08 ,   52 49 41,      9.094,      0.000,      0.000,        3.476,        6.358,      5.495
262             ,   24 06 37 ,   57 13 08,     10.132,      0.000,      0.000,        3.480,        7.775,      5.486
263             ,   23 08 36 ,   55 15 42,     10.423,      0.000,      0.000,        3.366,        7.876,      5.939
264             ,   26 29 13 ,   49 23 31,      9.446,      0.000,      0.000,        3.198,        6.418,      6.148
265             ,   23 19 35 ,   48 23 29,      9.274,      0.000,      0.000,        2.746,        6.368,      6.158
266             ,   16 09 05 ,   47 27 57,      9.129,      0.000,      0.000,        1.871,        6.462,      6.172
267             ,   23 00 29 ,   45 05 06,      8.716,      0.000,      0.000,        2.413,        5.681,      6.154
268             ,   23 08 58 ,   41 49 29,      8.269,      0.000,      0.000,        2.168,        5.070,      6.162
269             ,   32 16 13 ,   44 06 34,      8.553,      0.000,      0.000,        3.179,        5.034,      6.141
270             ,   36 32 22 ,   41 06 40,      8.164,      0.000,      0.000,        3.196,        4.313,      6.151
271             ,   32 31 13 ,   40 02 10,      8.039,      0.000,      0.000,        2.780,        4.360,      6.155
272             ,   23 17 12 ,   37 45 59,      7.806,      0.000,      0.000,        1.890,        4.391,      6.171
273             ,   33 50 27 ,   35 06 32,      7.527,      0.000,      0.000,        2.411,        3.595,      6.157
274             ,   33 16 10 ,   28 55 06,      7.054,      0.000,      0.000,        1.871,        2.852,      6.174
275             ,   41 27 46 ,   30 36 38,      7.163,      0.000,      0.000,        2.415,        2.733,      6.165
276             ,   49 31 37 ,   34 42 51,      7.489,      0.000,      0.000,        3.244,        2.768,      6.156
277             ,   40 04 26 ,   25 03 03,      6.821,      0.000,      0.000,        1.859,        2.210,      6.179
278             ,   54 15 48 ,   32 51 18,      7.333,      0.000,      0.000,        3.229,        2.323,      6.160
279             ,   55 56 15 ,   28 04 02,      6.992,      0.000,      0.000,        2.725,        1.843,      6.170
280             ,   65 06 53 ,   29 58 17,      7.107,      0.000,      0.000,        3.221,        1.494,      6.156
281             ,   54 17 38 ,   20 54 24,      6.622,      0.000,      0.000,        1.919,        1.379,      6.186
282             ,   71 44 49 ,   17 55 02,      6.503,      0.000,      0.000,        1.900,        0.627,      6.187
283             ,   78 20 26 ,   28 03 55,      6.983,      0.000,      0.000,        3.218,        0.664,      6.162
284             ,   91 02 32 ,   24 30 30,      6.784,      0.000,      0.000,        2.814,       -0.051,      6.173
285             ,  116 53 41 ,   18 46 18,      6.542,      0.000,      0.000,        1.877,       -0.952,      6.194
286             ,  107 58 53 ,   28 47 16,      7.038,      0.000,      0.000,        3.224,       -1.046,      6.168
287             ,  116 03 24 ,   30 30 10,      7.158,      0.000,      0.000,        3.264,       -1.596,      6.168
288             ,  123 10 42 ,   22 59 09,      6.722,      0.000,      0.000,        2.197,       -1.437,      6.189
289             ,  124 19 22 ,   28 16 15,      7.017,      0.000,      0.000,        2.745,       -1.874,      6.180
290             ,  138 26 33 ,   28 14 21,      7.029,      0.000,      0.000,        2.206,       -2.489,      6.192
291             ,  127 04 41 ,   33 11 20,      7.373,      0.000,      0.000,        3.220,       -2.433,      6.170
292             ,  132 42 48 ,   35 18 04,      7.563,      0.000,      0.000,        3.211,       -2.964,      6.172
293             ,  143 28 26 ,   31 15 23,      7.245,      0.000,      0.000,        2.238,       -3.021,      6.194
294             ,  147 27 35 ,   36 17 42,      7.655,      0.000,      0.000,        2.437,       -3.820,      6.170
295             ,  144 34 39 ,   42 03 47,      8.310,      0.000,      0.000,        3.227,       -4.537,      6.169
296             ,  156 50 41 ,   42 14 12,      8.361,      0.000,      0.000,        2.210,       -5.168,      6.190
297             ,  164 00 43 ,   35 02 03,      7.893,      0.000,      0.000,        1.248,       -4.356,      6.463
298             ,  164 24 59 ,   33 26 29,      8.454,      0.000,      0.000,        1.252,       -4.488,      7.054
299             ,  164 24 05 ,   31 59 15,      8.804,      0.000,      0.000,        1.254,       -4.492,      7.467
300             ,  161 16 10 ,   28 59 17,      8.043,      0.000,      0.000,        1.252,       -3.692,      7.036
301             ,  154 41 18 ,   24 09 36,      7.114,      0.000,      0.000,        1.245,       -2.632,      6.491
302             ,  154 51 04 ,   22 37 07,      7.619,      0.000,      0.000,        1.245,       -2.652,      7.033
303             ,  155 05 20 ,   21 33 45,      8.052,      0.000,      0.000,        1.247,       -2.684,      7.489
304             ,  146 13 17 ,   18 00 16,      7.229,      0.000,      0.000,        1.242,       -1.857,      6.875
305             ,  135 36 43 ,   15 16 38,      6.742,      0.000,      0.000,        1.243,       -1.270,      6.504
306             ,  135 27 32 ,   14 23 21,      7.107,      0.000,      0.000,        1.239,       -1.259,      6.884
307             ,  135 11 55 ,   13 17 51,      7.636,      0.000,      0.000,        1.238,       -1.246,      7.431
308             ,  114 41 31 ,   11 05 19,      7.091,      0.000,      0.000,        1.239,       -0.570,      6.959
309             ,   91 13 25 ,   10 16 07,      6.962,      0.000,      0.000,        1.241,       -0.027,      6.850
310             ,   63 30 57 ,   12 06 07,      6.600,      0.000,      0.000,        1.238,        0.617,      6.453
311             ,   63 16 17 ,   11 22 58,      7.023,      0.000,      0.000,        1.238,        0.623,      6.885
312             ,   63 02 14 ,   10 32 29,      7.587,      0.000,      0.000,        1.237,        0.629,      7.459
313             ,   43 40 01 ,   14 47 32,      7.006,      0.000,      0.000,        1.235,        1.294,      6.773
314             ,   31 30 09 ,   20 01 56,      6.901,      0.000,      0.000,        1.235,        2.015,      6.483
315             ,   30 36 24 ,   19 15 49,      7.322,      0.000,      0.000,        1.230,        2.079,      6.912
316             ,   29 19 53 ,   18 38 32,      7.878,      0.000,      0.000,        1.234,        2.196,      7.465
317             ,   23 52 32 ,   23 29 57,      7.607,      0.000,      0.000,        1.228,        2.773,      6.976
318             ,   19 49 29 ,   29 44 00,      7.337,      0.000,      0.000,        1.234,        3.423,      6.371
319             ,   18 43 23 ,   28 40 27,      7.942,      0.000,      0.000,        1.223,        3.609,      6.968
320             ,   18 07 47 ,   27 53 51,      8.428,      0.000,      0.000,        1.227,        3.747,      7.448
321             ,   16 16 04 ,   32 19 02,      8.173,      0.000,      0.000,        1.224,        4.194,      6.907
322             ,   14 16 05 ,   37 43 14,      8.171,      0.000,      0.000,        1.232,        4.845,      6.464
323             ,   13 43 05 ,   36 54 40,      8.619,      0.000,      0.000,        1.228,        5.029,      6.891
324             ,   13 21 44 ,   35 48 30,      9.064,      0.000,      0.000,        1.226,        5.159,      7.351
325             ,   12 18 30 ,   39 18 38,      9.082,      0.000,      0.000,        1.227,        5.621,      7.027
326             ,   11 31 36 ,   43 56 58,      8.880,      0.000,      0.000,        1.231,        6.039,      6.393
327             ,   10 48 54 ,   42 30 57,      9.660,      0.000,      0.000,        1.225,        6.412,      7.120
328             ,   10 48 44 ,   41 25 38,      9.845,      0.000,      0.000,        1.222,        6.399,      7.382
329             ,    9 57 05 ,   45 37 33,      9.908,      0.000,      0.000,        1.224,        6.976,      6.929
330             ,    9 08 03 ,   50 29 50,     10.040,      0.000,      0.000,        1.230,        7.649,      6.387
331             ,    8 56 23 ,   48 45 44,     10.481,      0.000,      0.000,        1.225,        7.786,      6.909
332             ,    8 58 04 ,   46 24 01,     10.809,      0.000,      0.000,        1.220,        7.732,      7.454
333             ,  211 08 22 ,  102 52 51,      5.545,      0.000,      0.000,       -2.795,       -4.627,     -1.236
334             ,  211 08 25 ,   86 51 12,      5.419,      0.000,      0.000,       -2.798,       -4.631,      0.297
335             ,  211 08 26 ,   76 50 12,      5.559,      0.000,      0.000,       -2.799,       -4.633,      1.266
336             ,  211 08 28 ,   66 49 39,      5.892,      0.000,      0.000,       -2.801,       -4.636,      2.318
337             ,  211 08 27 ,   60 00 24,      6.253,      0.000,      0.000,       -2.801,       -4.635,      3.126
338             ,  211 08 30 ,   53 53 38,      6.706,      0.000,      0.000,       -2.802,       -4.637,      3.951
339             ,  211 08 29 ,   47 25 31,      7.358,      0.000,      0.000,       -2.802,       -4.638,      4.978
340             ,  211 08 31 ,   41 14 55,      8.208,      0.000,      0.000,       -2.799,       -4.632,      6.171
341             ,  211 08 29 ,   35 55 26,      9.203,      0.000,      0.000,       -2.792,       -4.621,      7.453
342             ,  206 17 41 ,   34 54 02,      8.997,      0.000,      0.000,       -2.280,       -4.615,      7.379
343             ,  206 17 38 ,   39 33 33,      8.103,      0.000,      0.000,       -2.286,       -4.627,      6.247
344             ,  206 17 39 ,   45 54 21,      7.199,      0.000,      0.000,       -2.290,       -4.635,      5.009
345             ,  206 17 39 ,   52 26 08,      6.529,      0.000,      0.000,       -2.293,       -4.640,      3.980
346             ,  206 17 37 ,   62 02 46,      5.854,      0.000,      0.000,       -2.291,       -4.636,      2.744
347             ,  206 17 37 ,   71 01 03,      5.466,      0.000,      0.000,       -2.290,       -4.634,      1.778
348             ,  206 17 44 ,   80 35 23,      5.238,      0.000,      0.000,       -2.289,       -4.633,      0.856
349             ,  206 17 42 ,   95 02 06,      5.182,      0.000,      0.000,       -2.287,       -4.628,     -0.455
350             ,  206 17 42 ,  102 28 28,      5.287,      0.000,      0.000,       -2.287,       -4.628,     -1.142
351             ,  190 59 45 ,   94 48 56,      4.730,      0.000,      0.000,       -0.899,       -4.626,     -0.397
352             ,  190 59 50 ,   86 45 03,      4.721,      0.000,      0.000,       -0.899,       -4.626,      0.268
353             ,  190 59 50 ,   76 50 43,      4.841,      0.000,      0.000,       -0.899,       -4.627,      1.102
354             ,  190 59 50 ,   69 52 32,      5.021,      0.000,      0.000,       -0.899,       -4.628,      1.728
355             ,  190 59 49 ,   62 00 42,      5.339,      0.000,      0.000,       -0.899,       -4.628,      2.506
356             ,  190 37 45 ,   53 45 03,      5.838,      0.000,      0.000,       -0.868,       -4.627,      3.452
357             ,  190 37 52 ,   46 17 23,      6.512,      0.000,      0.000,       -0.868,       -4.626,      4.500
358             ,  190 37 53 ,   41 43 23,      7.076,      0.000,      0.000,       -0.869,       -4.629,      5.282
359             ,  190 37 58 ,   37 09 24,      7.789,      0.000,      0.000,       -0.868,       -4.624,      6.208
360             ,  190 37 57 ,   32 08 40,      8.829,      0.000,      0.000,       -0.867,       -4.617,      7.475
361             ,  184 43 27 ,   31 44 51,      8.830,      0.000,      0.000,       -0.383,       -4.630,      7.508
362             ,  184 43 26 ,   36 34 30,      7.794,      0.000,      0.000,       -0.382,       -4.629,      6.259
363             ,  184 43 25 ,   40 07 07,      7.207,      0.000,      0.000,       -0.382,       -4.629,      5.512
364             ,  184 43 26 ,   43 32 40,      6.739,      0.000,      0.000,       -0.382,       -4.627,      4.885
365             ,  184 43 22 ,   52 57 17,      5.810,      0.000,      0.000,       -0.382,       -4.622,      3.500
366             ,  184 43 20 ,   61 31 15,      5.277,      0.000,      0.000,       -0.382,       -4.623,      2.516
367             ,  184 43 20 ,   71 18 35,      4.898,      0.000,      0.000,       -0.382,       -4.624,      1.570
368             ,  184 43 21 ,   81 13 23,      4.696,      0.000,      0.000,       -0.382,       -4.625,      0.717
369             ,  184 43 22 ,   93 26 57,      4.649,      0.000,      0.000,       -0.382,       -4.625,     -0.280
370             ,  184 43 25 ,  105 10 26,      4.808,      0.000,      0.000,       -0.382,       -4.625,     -1.259
371             ,  167 29 36 ,  105 10 05,      4.901,      0.000,      0.000,        1.024,       -4.618,     -1.282
372             ,  167 29 37 ,   94 27 34,      4.747,      0.000,      0.000,        1.025,       -4.620,     -0.369
373             ,  167 29 51 ,   83 54 13,      4.756,      0.000,      0.000,        1.024,       -4.617,      0.505
374             ,  167 29 59 ,   74 40 13,      4.912,      0.000,      0.000,        1.025,       -4.625,      1.299
375             ,  167 29 59 ,   66 02 18,      5.185,      0.000,      0.000,        1.026,       -4.626,      2.106
376             ,  166 53 19 ,   57 53 49,      5.608,      0.000,      0.000,        1.078,       -4.626,      2.980
377             ,  166 53 37 ,   45 41 39,      6.634,      0.000,      0.000,        1.077,       -4.624,      4.634
378             ,  166 53 39 ,   38 44 07,      7.579,      0.000,      0.000,        1.075,       -4.619,      5.912
379             ,  166 53 34 ,   32 30 48,      8.815,      0.000,      0.000,        1.074,       -4.615,      7.433
380             ,  162 05 19 ,   45 07 34,      6.852,      0.000,      0.000,        1.493,       -4.620,      4.834
381             ,  162 05 20 ,   55 24 51,      5.900,      0.000,      0.000,        1.494,       -4.622,      3.349
382             ,  162 05 19 ,   64 11 23,      5.396,      0.000,      0.000,        1.494,       -4.622,      2.349
383             ,  162 05 16 ,   73 06 52,      5.076,      0.000,      0.000,        1.494,       -4.622,      1.474
384             ,  162 05 11 ,   82 13 48,      4.900,      0.000,      0.000,        1.493,       -4.620,      0.662
385             ,  162 05 11 ,   89 45 53,      4.856,      0.000,      0.000,        1.494,       -4.621,      0.020
386             ,  162 05 10 ,   96 47 12,      4.890,      0.000,      0.000,        1.494,       -4.621,     -0.578
387             ,  162 05 12 ,  104 07 31,      5.006,      0.000,      0.000,        1.493,       -4.620,     -1.222
388             ,  147 26 48 ,  102 44 36,      5.615,      0.000,      0.000,        2.947,       -4.616,     -1.239
389             ,  147 26 56 ,   97 24 03,      5.524,      0.000,      0.000,        2.947,       -4.617,     -0.712
390             ,  147 28 42 ,   67 00 44,      5.956,      0.000,      0.000,        2.948,       -4.623,      2.326
391             ,  147 56 50 ,   50 01 19,      7.124,      0.000,      0.000,        2.897,       -4.627,      4.577
392             ,  147 56 52 ,   45 56 01,      7.585,      0.000,      0.000,        2.892,       -4.619,      5.275
393             ,  147 56 39 ,   42 14 51,      8.109,      0.000,      0.000,        2.894,       -4.621,      6.002
394             ,  144 53 42 ,   43 04 42,      8.280,      0.000,      0.000,        3.252,       -4.627,      6.048
395             ,  143 04 40 ,   47 40 20,      7.825,      0.000,      0.000,        3.475,       -4.625,      5.269
396             ,  143 04 46 ,   50 07 08,      7.542,      0.000,      0.000,        3.477,       -4.627,      4.836
397             ,  143 04 49 ,   58 46 03,      6.779,      0.000,      0.000,        3.482,       -4.634,      3.515
398             ,  143 22 15 ,   71 24 40,      6.088,      0.000,      0.000,        3.443,       -4.630,      1.941
399             ,  143 22 17 ,   76 54 00,      5.926,      0.000,      0.000,        3.443,       -4.632,      1.343
400             ,  143 22 16 ,   81 05 28,      5.842,      0.000,      0.000,        3.443,       -4.632,      0.905
401             ,  143 27 35 ,   97 34 10,      5.811,      0.000,      0.000,        3.430,       -4.628,     -0.766
402             ,  144 33 36 ,  102 31 27,      5.818,      0.000,      0.000,        3.293,       -4.627,     -1.262
403             ,  155 18 08 ,  101 38 01,      5.987,      0.000,      0.000,        2.450,       -5.328,     -1.207
404             ,  155 18 19 ,   93 44 46,      5.878,      0.000,      0.000,        2.450,       -5.329,     -0.384
405             ,  155 18 33 ,   86 39 17,      5.874,      0.000,      0.000,        2.450,       -5.328,      0.343
406             ,  155 18 29 ,   80 57 19,      5.939,      0.000,      0.000,        2.450,       -5.329,      0.934
407             ,  155 18 32 ,   73 35 07,      6.116,      0.000,      0.000,        2.451,       -5.330,      1.728
408             ,  155 18 32 ,   68 54 53,      6.288,      0.000,      0.000,        2.451,       -5.331,      2.262
409             ,  154 51 31 ,   58 41 32,      6.896,      0.000,      0.000,        2.503,       -5.334,      3.583
410             ,  154 40 52 ,   46 58 36,      8.070,      0.000,      0.000,        2.523,       -5.333,      5.506
411             ,  154 40 52 ,   44 48 50,      8.370,      0.000,      0.000,        2.523,       -5.333,      5.938
412             ,  158 32 40 ,   43 23 26,      8.343,      0.000,      0.000,        2.096,       -5.334,      6.063
413             ,  158 32 37 ,   46 44 52,      7.868,      0.000,      0.000,        2.096,       -5.333,      5.391
414             ,  159 51 17 ,   59 33 01,      6.587,      0.000,      0.000,        1.956,       -5.331,      3.338
415             ,  159 51 20 ,   64 43 23,      6.279,      0.000,      0.000,        1.955,       -5.331,      2.681
416             ,  159 51 16 ,   71 03 23,      6.004,      0.000,      0.000,        1.956,       -5.331,      1.949
417             ,  159 51 15 ,   79 22 44,      5.778,      0.000,      0.000,        1.956,       -5.331,      1.065
418             ,  159 51 19 ,   86 08 24,      5.693,      0.000,      0.000,        1.956,       -5.332,      0.383
419             ,  159 51 18 ,   95 08 11,      5.702,      0.000,      0.000,        1.956,       -5.332,     -0.510
420             ,  159 51 19 ,  102 27 32,      5.818,      0.000,      0.000,        1.956,       -5.333,     -1.255
421             ,  174 12 32 ,  102 20 08,      5.484,      0.000,      0.000,        0.541,       -5.330,     -1.172
422             ,  174 12 29 ,   94 19 38,      5.374,      0.000,      0.000,        0.541,       -5.331,     -0.405
423             ,  174 12 31 ,   86 41 13,      5.369,      0.000,      0.000,        0.541,       -5.332,      0.310
424             ,  174 12 35 ,   78 14 28,      5.477,      0.000,      0.000,        0.541,       -5.335,      1.116
425             ,  174 12 36 ,   69 52 21,      5.712,      0.000,      0.000,        0.541,       -5.336,      1.966
426             ,  174 12 33 ,   61 17 23,      6.117,      0.000,      0.000,        0.541,       -5.337,      2.938
427             ,  174 12 37 ,   54 08 18,      6.620,      0.000,      0.000,        0.541,       -5.338,      3.878
428             ,  173 42 58 ,   45 33 12,      7.524,      0.000,      0.000,        0.588,       -5.339,      5.269
429             ,  173 43 09 ,   40 39 59,      8.241,      0.000,      0.000,        0.588,       -5.338,      6.251
430             ,  173 43 12 ,   35 52 16,      9.156,      0.000,      0.000,        0.587,       -5.333,      7.420
431             ,  178 13 59 ,   35 54 43,      9.109,      0.000,      0.000,        0.165,       -5.340,      7.377
432             ,  179 02 11 ,   41 19 05,      8.087,      0.000,      0.000,        0.090,       -5.339,      6.074
433             ,  179 02 06 ,   45 42 41,      7.458,      0.000,      0.000,        0.090,       -5.338,      5.208
434             ,  179 02 08 ,   53 00 29,      6.681,      0.000,      0.000,        0.090,       -5.335,      4.020
435             ,  179 02 04 ,   60 41 35,      6.119,      0.000,      0.000,        0.090,       -5.335,      2.995
436             ,  179 02 03 ,   71 04 16,      5.641,      0.000,      0.000,        0.090,       -5.335,      1.830
437             ,  179 02 05 ,   81 22 14,      5.396,      0.000,      0.000,        0.090,       -5.334,      0.810
438             ,  179 02 05 ,   89 45 27,      5.337,      0.000,      0.000,        0.090,       -5.336,      0.023
439             ,  179 02 05 ,  102 38 47,      5.471,      0.000,      0.000,        0.090,       -5.338,     -1.198
440             ,  193 40 45 ,   95 41 09,      5.528,      0.000,      0.000,       -1.301,       -5.345,     -0.548
441             ,  193 45 59 ,   95 41 09,      5.529,      0.000,      0.000,       -1.309,       -5.344,     -0.548
442             ,  193 46 10 ,   88 18 06,      5.505,      0.000,      0.000,       -1.310,       -5.344,      0.163
443             ,  193 46 08 ,   78 13 46,      5.620,      0.000,      0.000,       -1.309,       -5.344,      1.146
444             ,  193 46 04 ,   69 46 11,      5.865,      0.000,      0.000,       -1.310,       -5.345,      2.028
445             ,  193 46 10 ,   62 18 51,      6.215,      0.000,      0.000,       -1.310,       -5.345,      2.888
446             ,  193 46 06 ,   55 49 42,      6.652,      0.000,      0.000,       -1.310,       -5.345,      3.736
447             ,  193 06 18 ,   46 14 08,      7.590,      0.000,      0.000,       -1.243,       -5.339,      5.250
448             ,  193 06 18 ,   40 43 05,      8.394,      0.000,      0.000,       -1.242,       -5.333,      6.362
449             ,  193 31 12 ,   36 20 28,      9.245,      0.000,      0.000,       -1.281,       -5.327,      7.447
450             ,  198 38 42 ,   36 49 54,      9.370,      0.000,      0.000,       -1.796,       -5.322,      7.500
451             ,  198 38 32 ,   40 30 07,      8.665,      0.000,      0.000,       -1.799,       -5.332,      6.588
452             ,  198 38 30 ,   45 38 14,      7.883,      0.000,      0.000,       -1.801,       -5.340,      5.512
453             ,  198 38 33 ,   50 09 45,      7.348,      0.000,      0.000,       -1.804,       -5.347,      4.707
454             ,  198 38 31 ,   56 00 01,      6.805,      0.000,      0.000,       -1.803,       -5.346,      3.805
455             ,  198 38 32 ,   63 56 41,      6.277,      0.000,      0.000,       -1.803,       -5.343,      2.757
456             ,  198 38 31 ,   70 49 00,      5.968,      0.000,      0.000,       -1.802,       -5.341,      1.961
457             ,  198 38 35 ,   82 13 25,      5.688,      0.000,      0.000,       -1.802,       -5.340,      0.770
458             ,  198 38 33 ,   91 47 33,      5.636,      0.000,      0.000,       -1.801,       -5.338,     -0.176
459             ,  198 38 35 ,   96 36 31,      5.670,      0.000,      0.000,       -1.801,       -5.337,     -0.653
460             ,  212 01 14 ,   87 18 48,      6.312,      0.000,      0.000,       -3.343,       -5.346,      0.296
461             ,  212 07 46 ,   80 34 45,      6.400,      0.000,      0.000,       -3.358,       -5.347,      1.048
462             ,  212 07 53 ,   71 58 30,      6.645,      0.000,      0.000,       -3.361,       -5.351,      2.056
463             ,  212 07 52 ,   64 53 23,      6.979,      0.000,      0.000,       -3.361,       -5.351,      2.962
464             ,  212 07 57 ,   57 43 41,      7.473,      0.000,      0.000,       -3.361,       -5.351,      3.990
465             ,  212 07 52 ,   52 09 26,      8.003,      0.000,      0.000,       -3.361,       -5.352,      4.910
466             ,  212 07 51 ,   46 09 25,      8.741,      0.000,      0.000,       -3.353,       -5.339,      6.055
467             ,  212 07 52 ,   40 13 33,      9.748,      0.000,      0.000,       -3.348,       -5.331,      7.443
468             ,  214 10 38 ,   40 40 31,      9.874,      0.000,      0.000,       -3.615,       -5.324,      7.488
469             ,  214 10 36 ,   45 10 19,      9.088,      0.000,      0.000,       -3.621,       -5.332,      6.407
470             ,  214 10 29 ,   52 05 01,      8.196,      0.000,      0.000,       -3.632,       -5.350,      5.037
471             ,  214 10 32 ,   60 56 57,      7.395,      0.000,      0.000,       -3.631,       -5.348,      3.591
472             ,  214 10 30 ,   71 05 17,      6.831,      0.000,      0.000,       -3.630,       -5.346,      2.214
473             ,  214 10 31 ,   81 34 14,      6.529,      0.000,      0.000,       -3.628,       -5.343,      0.957
474             ,  214 10 33 ,   86 24 59,      6.470,      0.000,      0.000,       -3.627,       -5.342,      0.404
475             ,  214 10 33 ,  101 31 45,      6.594,      0.000,      0.000,       -3.629,       -5.345,     -1.318
476             ,  223 57 15 ,  104 27 34,      5.028,      0.000,      0.000,       -3.380,       -3.505,     -1.256
477             ,  223 57 17 ,   98 30 34,      4.920,      0.000,      0.000,       -3.377,       -3.503,     -0.728
478             ,  223 57 18 ,   85 35 44,      4.873,      0.000,      0.000,       -3.372,       -3.498,      0.374
479             ,  223 57 19 ,   75 05 11,      5.024,      0.000,      0.000,       -3.370,       -3.495,      1.293
480             ,  223 57 22 ,   66 13 57,      5.302,      0.000,      0.000,       -3.368,       -3.493,      2.137
481             ,  223 57 27 ,   58 10 13,      5.705,      0.000,      0.000,       -3.365,       -3.489,      3.009
482             ,  223 57 19 ,   50 40 57,      6.260,      0.000,      0.000,       -3.361,       -3.486,      3.966
483             ,  223 57 19 ,   45 29 56,      6.784,      0.000,      0.000,       -3.358,       -3.483,      4.755
484             ,  223 57 28 ,   39 58 01,      7.534,      0.000,      0.000,       -3.359,       -3.484,      5.774
485             ,  223 57 28 ,   33 22 24,      8.800,      0.000,      0.000,       -3.360,       -3.484,      7.349
486             ,  228 10 49 ,   31 20 14,      8.670,      0.000,      0.000,       -3.360,       -3.006,      7.405
487             ,  228 10 44 ,   36 39 52,      7.544,      0.000,      0.000,       -3.357,       -3.004,      6.051
488             ,  228 10 47 ,   42 25 25,      6.673,      0.000,      0.000,       -3.355,       -3.002,      4.926
489             ,  228 10 44 ,   50 01 21,      5.881,      0.000,      0.000,       -3.359,       -3.005,      3.779
490             ,  228 10 35 ,   58 50 15,      5.273,      0.000,      0.000,       -3.362,       -3.009,      2.728
491             ,  228 10 40 ,   68 05 51,      4.869,      0.000,      0.000,       -3.367,       -3.012,      1.816
492             ,  228 10 42 ,   78 27 00,      4.614,      0.000,      0.000,       -3.369,       -3.014,      0.924
493             ,  228 10 41 ,   85 40 20,      4.535,      0.000,      0.000,       -3.370,       -3.016,      0.342
494             ,  228 10 45 ,  105 11 34,      4.700,      0.000,      0.000,       -3.380,       -3.025,     -1.232
495             ,  244 16 57 ,  108 30 25,      3.962,      0.000,      0.000,       -3.385,       -1.630,     -1.258
496             ,  244 17 05 ,  100 00 42,      3.811,      0.000,      0.000,       -3.382,       -1.629,     -0.663
497             ,  244 17 17 ,   83 38 05,      3.770,      0.000,      0.000,       -3.376,       -1.625,      0.418
498             ,  244 17 16 ,   72 58 49,      3.914,      0.000,      0.000,       -3.372,       -1.624,      1.146
499             ,  244 17 18 ,   62 30 34,      4.212,      0.000,      0.000,       -3.366,       -1.621,      1.944
500             ,  244 17 18 ,   55 09 08,      4.548,      0.000,      0.000,       -3.363,       -1.619,      2.599
501             ,  244 17 15 ,   46 34 33,      5.136,      0.000,      0.000,       -3.361,       -1.618,      3.530
502             ,  244 17 11 ,   41 11 42,      5.661,      0.000,      0.000,       -3.359,       -1.618,      4.260
503             ,  244 17 12 ,   33 46 55,      6.705,      0.000,      0.000,       -3.359,       -1.618,      5.573
504             ,  244 17 08 ,   26 52 04,      8.255,      0.000,      0.000,       -3.361,       -1.619,      7.364
505             ,  251 39 27 ,   25 37 47,      8.173,      0.000,      0.000,       -3.356,       -1.113,      7.369
506             ,  251 39 23 ,   33 10 29,      6.466,      0.000,      0.000,       -3.358,       -1.113,      5.412
507             ,  251 39 24 ,   41 09 10,      5.383,      0.000,      0.000,       -3.363,       -1.115,      4.053
508             ,  251 39 24 ,   53 33 41,      4.407,      0.000,      0.000,       -3.365,       -1.116,      2.618
509             ,  251 39 24 ,   66 49 29,      3.863,      0.000,      0.000,       -3.371,       -1.118,      1.520
510             ,  251 39 21 ,   79 11 18,      3.620,      0.000,      0.000,       -3.375,       -1.119,      0.679
511             ,  251 39 20 ,   99 57 35,      3.616,      0.000,      0.000,       -3.380,       -1.121,     -0.625
512             ,  251 39 25 ,  109 34 44,      3.783,      0.000,      0.000,       -3.384,       -1.122,     -1.268
513             ,  275 09 03 ,  109 34 18,      3.610,      0.000,      0.000,       -3.387,        0.305,     -1.209
514             ,  275 09 00 ,  100 36 25,      3.457,      0.000,      0.000,       -3.385,        0.305,     -0.636
515             ,  275 08 55 ,   82 25 07,      3.422,      0.000,      0.000,       -3.378,        0.304,      0.451
516             ,  275 09 01 ,   63 36 02,      3.782,      0.000,      0.000,       -3.374,        0.304,      1.681
517             ,  275 09 01 ,   51 24 57,      4.327,      0.000,      0.000,       -3.369,        0.304,      2.699
518             ,  275 09 04 ,   41 33 05,      5.090,      0.000,      0.000,       -3.363,        0.303,      3.809
519             ,  275 09 04 ,   34 47 45,      5.909,      0.000,      0.000,       -3.358,        0.303,      4.852
520             ,  275 09 05 ,   29 07 13,      6.930,      0.000,      0.000,       -3.359,        0.303,      6.054
521             ,  275 09 07 ,   24 35 41,      8.106,      0.000,      0.000,       -3.360,        0.303,      7.370
522             ,  283 04 20 ,   24 58 36,      8.177,      0.000,      0.000,       -3.363,        0.781,      7.412
523             ,  283 04 14 ,   30 22 57,      6.825,      0.000,      0.000,       -3.363,        0.781,      5.888
524             ,  283 04 14 ,   34 57 07,      6.024,      0.000,      0.000,       -3.362,        0.780,      4.938
525             ,  283 04 10 ,   42 22 54,      5.125,      0.000,      0.000,       -3.365,        0.781,      3.785
526             ,  283 04 11 ,   51 57 13,      4.395,      0.000,      0.000,       -3.371,        0.783,      2.709
527             ,  283 04 12 ,   61 27 50,      3.944,      0.000,      0.000,       -3.375,        0.784,      1.884
528             ,  283 04 09 ,   73 07 37,      3.626,      0.000,      0.000,       -3.380,        0.785,      1.052
529             ,  283 04 10 ,   84 43 45,      3.487,      0.000,      0.000,       -3.382,        0.785,      0.320
530             ,  283 04 12 ,  101 08 28,      3.543,      0.000,      0.000,       -3.386,        0.786,     -0.685
531             ,  283 04 15 ,  108 46 37,      3.674,      0.000,      0.000,       -3.389,        0.787,     -1.183
532             ,  302 49 34 ,  106 15 24,      4.205,      0.000,      0.000,       -3.392,        2.188,     -1.177
533             ,  302 49 35 ,   85 02 09,      4.048,      0.000,      0.000,       -3.389,        2.186,      0.350
534             ,  302 49 43 ,   73 36 51,      4.196,      0.000,      0.000,       -3.383,        2.182,      1.184
535             ,  302 49 40 ,   63 40 51,      4.485,      0.000,      0.000,       -3.378,        2.179,      1.988
536             ,  302 49 43 ,   54 42 03,      4.922,      0.000,      0.000,       -3.376,        2.178,      2.844
537             ,  302 49 44 ,   46 50 39,      5.497,      0.000,      0.000,       -3.370,        2.174,      3.760
538             ,  302 49 43 ,   40 10 02,      6.210,      0.000,      0.000,       -3.366,        2.172,      4.745
539             ,  302 49 42 ,   34 53 48,      6.999,      0.000,      0.000,       -3.365,        2.171,      5.741
540             ,  302 49 43 ,   28 41 09,      8.354,      0.000,      0.000,       -3.370,        2.174,      7.329
541             ,  308 26 30 ,   30 12 35,      8.575,      0.000,      0.000,       -3.379,        2.682,      7.410
542             ,  308 26 23 ,   35 33 38,      7.408,      0.000,      0.000,       -3.374,        2.678,      6.026
543             ,  308 26 23 ,   42 18 43,      6.399,      0.000,      0.000,       -3.374,        2.678,      4.732
544             ,  308 26 22 ,   48 00 32,      5.807,      0.000,      0.000,       -3.381,        2.683,      3.885
545             ,  308 26 23 ,   58 24 58,      5.072,      0.000,      0.000,       -3.384,        2.686,      2.656
546             ,  308 26 20 ,   70 09 47,      4.595,      0.000,      0.000,       -3.386,        2.687,      1.559
547             ,  308 26 21 ,   80 35 43,      4.385,      0.000,      0.000,       -3.389,        2.690,      0.717
548             ,  308 26 21 ,   98 51 28,      4.384,      0.000,      0.000,       -3.393,        2.693,     -0.675
549             ,  308 26 22 ,  106 01 11,      4.509,      0.000,      0.000,       -3.394,        2.694,     -1.244
550             ,  320 35 06 ,  102 44 47,      5.494,      0.000,      0.000,       -3.403,        4.140,     -1.212
551             ,  320 35 11 ,   86 01 33,      5.362,      0.000,      0.000,       -3.396,        4.133,      0.372
552             ,  320 35 17 ,   74 24 50,      5.546,      0.000,      0.000,       -3.391,        4.127,      1.490
553             ,  320 35 14 ,   65 06 44,      5.885,      0.000,      0.000,       -3.389,        4.124,      2.476
554             ,  320 35 15 ,   56 26 57,      6.396,      0.000,      0.000,       -3.384,        4.118,      3.535
555             ,  320 35 14 ,   49 00 57,      7.055,      0.000,      0.000,       -3.381,        4.114,      4.627
556             ,  320 35 15 ,   42 10 39,      7.926,      0.000,      0.000,       -3.379,        4.112,      5.874
557             ,  320 35 15 ,   36 20 32,      8.980,      0.000,      0.000,       -3.379,        4.111,      7.233
558             ,  323 41 45 ,   37 36 33,      9.352,      0.000,      0.000,       -3.379,        4.600,      7.409
559             ,  323 41 38 ,   42 34 25,      8.451,      0.000,      0.000,       -3.385,        4.608,      6.224
560             ,  323 41 38 ,   50 45 59,      7.402,      0.000,      0.000,       -3.395,        4.620,      4.682
561             ,  323 36 12 ,   58 27 27,      6.728,      0.000,      0.000,       -3.402,        4.616,      3.520
562             ,  323 36 15 ,   69 32 25,      6.120,      0.000,      0.000,       -3.403,        4.616,      2.139
563             ,  323 36 17 ,   80 05 45,      5.822,      0.000,      0.000,       -3.403,        4.617,      1.001
564             ,  323 36 16 ,   86 55 48,      5.743,      0.000,      0.000,       -3.403,        4.616,      0.308
565             ,  323 36 18 ,   96 43 33,      5.769,      0.000,      0.000,       -3.399,        4.612,     -0.676
566             ,  323 36 18 ,  102 26 33,      5.869,      0.000,      0.000,       -3.401,        4.614,     -1.265
567             ,  330 33 49 ,  100 39 48,      7.034,      0.000,      0.000,       -3.397,        6.020,     -1.302
568             ,  330 33 55 ,   86 26 02,      6.904,      0.000,      0.000,       -3.386,        6.001,      0.429
569             ,  330 33 56 ,   76 25 14,      7.092,      0.000,      0.000,       -3.388,        6.004,      1.665
570             ,  330 33 58 ,   69 08 20,      7.383,      0.000,      0.000,       -3.390,        6.008,      2.629
571             ,  330 33 57 ,   62 09 54,      7.802,      0.000,      0.000,       -3.391,        6.009,      3.643
572             ,  330 33 57 ,   55 04 58,      8.422,      0.000,      0.000,       -3.394,        6.014,      4.821
573             ,  330 33 56 ,   49 29 41,      9.060,      0.000,      0.000,       -3.385,        6.000,      5.885
574             ,  330 33 52 ,   43 28 50,      9.973,      0.000,      0.000,       -3.372,        5.977,      7.236
575             ,  332 25 33 ,   44 47 44,     10.348,      0.000,      0.000,       -3.375,        6.463,      7.343
576             ,  332 25 22 ,   51 11 07,      9.409,      0.000,      0.000,       -3.394,        6.498,      5.898
577             ,  332 25 23 ,   56 58 39,      8.764,      0.000,      0.000,       -3.402,        6.514,      4.776
578             ,  332 25 23 ,   62 51 36,      8.260,      0.000,      0.000,       -3.403,        6.515,      3.768
579             ,  332 25 22 ,   71 05 21,      7.769,      0.000,      0.000,       -3.403,        6.515,      2.518
580             ,  332 25 22 ,   78 08 46,      7.505,      0.000,      0.000,       -3.400,        6.511,      1.542
581             ,  332 25 26 ,   87 23 13,      7.353,      0.000,      0.000,       -3.400,        6.511,      0.335
582             ,  332 06 20 ,   99 57 30,      7.369,      0.000,      0.000,       -3.396,        6.415,     -1.274
583             ,  311 39 15 ,  103 40 19,      5.660,      0.000,      0.000,       -4.109,        3.655,     -1.338
584             ,  311 39 12 ,   97 31 53,      5.545,      0.000,      0.000,       -4.107,        3.653,     -0.727
585             ,  311 39 17 ,   85 11 56,      5.511,      0.000,      0.000,       -4.103,        3.650,      0.461
586             ,  311 39 21 ,   76 11 01,      5.651,      0.000,      0.000,       -4.100,        3.647,      1.349
587             ,  311 39 18 ,   67 32 48,      5.931,      0.000,      0.000,       -4.095,        3.643,      2.265
588             ,  311 39 16 ,   59 23 19,      6.368,      0.000,      0.000,       -4.095,        3.642,      3.243
589             ,  311 39 18 ,   52 06 04,      6.938,      0.000,      0.000,       -4.091,        3.639,      4.262
590             ,  311 39 23 ,   46 59 21,      7.479,      0.000,      0.000,       -4.086,        3.635,      5.102
591             ,  311 39 30 ,   42 12 41,      8.142,      0.000,      0.000,       -4.087,        3.636,      6.030
592             ,  311 39 24 ,   36 46 24,      9.136,      0.000,      0.000,       -4.086,        3.635,      7.318
593             ,  310 10 04 ,   35 44 07,      9.160,      0.000,      0.000,       -4.088,        3.451,      7.435
594             ,  310 10 04 ,   40 03 25,      8.306,      0.000,      0.000,       -4.084,        3.448,      6.357
595             ,  310 10 03 ,   45 15 18,      7.526,      0.000,      0.000,       -4.085,        3.448,      5.298
596             ,  310 10 01 ,   52 59 30,      6.701,      0.000,      0.000,       -4.089,        3.451,      4.033
597             ,  310 10 01 ,   62 35 11,      6.030,      0.000,      0.000,       -4.091,        3.453,      2.776
598             ,  310 10 01 ,   71 58 01,      5.633,      0.000,      0.000,       -4.093,        3.455,      1.744
599             ,  310 10 02 ,   82 38 49,      5.405,      0.000,      0.000,       -4.096,        3.457,      0.692
600             ,  310 10 03 ,  104 20 44,      5.543,      0.000,      0.000,       -4.104,        3.464,     -1.373
601             ,  292 43 07 ,  106 12 44,      4.635,      0.000,      0.000,       -4.106,        1.719,     -1.294
602             ,  292 43 12 ,   84 25 50,      4.461,      0.000,      0.000,       -4.095,        1.715,      0.433
603             ,  292 43 14 ,   72 19 51,      4.651,      0.000,      0.000,       -4.088,        1.712,      1.412
604             ,  292 43 19 ,   61 39 34,      5.031,      0.000,      0.000,       -4.085,        1.711,      2.388
605             ,  292 43 19 ,   51 23 09,      5.660,      0.000,      0.000,       -4.080,        1.708,      3.532
606             ,  292 43 25 ,   43 19 00,      6.440,      0.000,      0.000,       -4.075,        1.707,      4.686
607             ,  292 43 26 ,   36 14 17,      7.476,      0.000,      0.000,       -4.076,        1.707,      6.030
608             ,  292 43 22 ,   31 05 10,      8.562,      0.000,      0.000,       -4.078,        1.708,      7.332
609             ,  287 22 50 ,   29 48 05,      8.599,      0.000,      0.000,       -4.078,        1.277,      7.461
610             ,  287 22 41 ,   35 37 45,      7.330,      0.000,      0.000,       -4.075,        1.275,      5.958
611             ,  287 22 42 ,   41 47 45,      6.407,      0.000,      0.000,       -4.075,        1.275,      4.777
612             ,  287 22 43 ,   46 45 03,      5.863,      0.000,      0.000,       -4.076,        1.276,      4.017
613             ,  287 22 42 ,   59 28 45,      4.966,      0.000,      0.000,       -4.083,        1.278,      2.522
614             ,  287 22 41 ,   72 23 46,      4.493,      0.000,      0.000,       -4.087,        1.279,      1.359
615             ,  287 22 44 ,   83 00 14,      4.317,      0.000,      0.000,       -4.090,        1.280,      0.526
616             ,  287 22 45 ,  107 19 47,      4.500,      0.000,      0.000,       -4.100,        1.283,     -1.340
617             ,  267 51 50 ,   84 06 36,      4.112,      0.000,      0.000,       -4.087,       -0.152,      0.422
618             ,  267 51 56 ,   72 54 06,      4.274,      0.000,      0.000,       -4.082,       -0.152,      1.256
619             ,  267 52 02 ,   61 57 22,      4.625,      0.000,      0.000,       -4.079,       -0.152,      2.174
620             ,  267 52 05 ,   51 38 56,      5.199,      0.000,      0.000,       -4.075,       -0.152,      3.226
621             ,  267 52 05 ,   43 38 25,      5.906,      0.000,      0.000,       -4.073,       -0.152,      4.274
622             ,  267 52 03 ,   38 22 34,      6.553,      0.000,      0.000,       -4.066,       -0.151,      5.137
623             ,  267 52 06 ,   33 04 47,      7.453,      0.000,      0.000,       -4.065,       -0.151,      6.245
624             ,  267 51 56 ,   28 56 28,      8.406,      0.000,      0.000,       -4.065,       -0.151,      7.356
625             ,  261 02 40 ,   29 04 32,      8.481,      0.000,      0.000,       -4.071,       -0.642,      7.412
626             ,  261 02 44 ,   33 48 56,      7.400,      0.000,      0.000,       -4.068,       -0.641,      6.148
627             ,  261 02 56 ,   39 14 36,      6.516,      0.000,      0.000,       -4.072,       -0.641,      5.046
628             ,  261 02 51 ,   48 02 11,      5.547,      0.000,      0.000,       -4.075,       -0.642,      3.709
629             ,  261 02 47 ,   61 15 05,      4.709,      0.000,      0.000,       -4.078,       -0.643,      2.265
630             ,  261 02 40 ,   73 29 37,      4.312,      0.000,      0.000,       -4.084,       -0.644,      1.225
631             ,  261 02 50 ,   84 58 58,      4.155,      0.000,      0.000,       -4.088,       -0.644,      0.363
632             ,  260 03 37 ,  108 06 37,      4.372,      0.000,      0.000,       -4.093,       -0.717,     -1.359
633             ,  241 55 56 ,  105 38 42,      4.819,      0.000,      0.000,       -4.095,       -2.183,     -1.300
634             ,  241 56 04 ,   85 08 09,      4.648,      0.000,      0.000,       -4.087,       -2.179,      0.394
635             ,  242 29 32 ,   70 59 49,      4.868,      0.000,      0.000,       -4.082,       -2.126,      1.585
636             ,  242 29 37 ,   57 36 50,      5.441,      0.000,      0.000,       -4.075,       -2.122,      2.914
637             ,  242 29 35 ,   50 49 00,      5.921,      0.000,      0.000,       -4.071,       -2.120,      3.741
638             ,  242 29 36 ,   44 32 01,      6.536,      0.000,      0.000,       -4.066,       -2.117,      4.659
639             ,  242 29 37 ,   37 36 11,      7.513,      0.000,      0.000,       -4.066,       -2.117,      5.952
640             ,  242 29 17 ,   32 08 11,      8.627,      0.000,      0.000,       -4.070,       -2.120,      7.305
641             ,  238 38 08 ,   33 10 30,      8.710,      0.000,      0.000,       -4.069,       -2.481,      7.290
642             ,  237 49 21 ,   38 33 24,      7.710,      0.000,      0.000,       -4.067,       -2.559,      6.029
643             ,  237 49 20 ,   45 12 32,      6.771,      0.000,      0.000,       -4.067,       -2.559,      4.770
644             ,  237 49 22 ,   50 03 05,      6.279,      0.000,      0.000,       -4.074,       -2.563,      4.032
645             ,  237 49 20 ,   59 26 34,      5.599,      0.000,      0.000,       -4.081,       -2.568,      2.847
646             ,  237 49 24 ,   69 00 50,      5.172,      0.000,      0.000,       -4.087,       -2.571,      1.852
647             ,  237 49 26 ,   79 01 00,      4.920,      0.000,      0.000,       -4.088,       -2.572,      0.937
648             ,  237 49 24 ,   98 49 24,      4.892,      0.000,      0.000,       -4.092,       -2.574,     -0.750
649             ,  237 49 27 ,  105 13 02,      5.014,      0.000,      0.000,       -4.095,       -2.576,     -1.316
650             ,  222 33 22 ,  102 04 57,      6.186,      0.000,      0.000,       -4.091,       -4.455,     -1.295
651             ,  222 33 25 ,   86 10 19,      6.045,      0.000,      0.000,       -4.079,       -4.443,      0.404
652             ,  222 33 25 ,   77 49 49,      6.168,      0.000,      0.000,       -4.078,       -4.441,      1.300
653             ,  222 33 30 ,   71 00 46,      6.373,      0.000,      0.000,       -4.076,       -4.439,      2.073
654             ,  222 33 35 ,   64 29 12,      6.677,      0.000,      0.000,       -4.075,       -4.438,      2.876
655             ,  222 33 34 ,   58 45 13,      7.049,      0.000,      0.000,       -4.076,       -4.439,      3.657
656             ,  222 33 33 ,   53 39 28,      7.483,      0.000,      0.000,       -4.077,       -4.440,      4.434
657             ,  222 33 30 ,   48 39 55,      8.026,      0.000,      0.000,       -4.076,       -4.439,      5.301
658             ,  222 33 36 ,   43 45 42,      8.704,      0.000,      0.000,       -4.072,       -4.434,      6.286
659             ,  222 33 35 ,   39 10 32,      9.530,      0.000,      0.000,       -4.072,       -4.434,      7.388
660             ,    7 47 50 ,   45 32 12,     10.886,      0.000,      0.000,        1.054,        7.697,      7.625
661             ,  356 54 47 ,   45 32 10,     10.894,      0.000,      0.000,       -0.419,        7.764,      7.631
662             ,  340 46 33 ,   47 06 52,     11.219,      0.000,      0.000,       -2.707,        7.762,      7.635
663             ,  333 36 33 ,   45 54 19,     10.973,      0.000,      0.000,       -3.503,        7.059,      7.635
664             ,  339 37 53 ,   44 36 27,     10.726,      0.000,      0.000,       -2.622,        7.061,      7.636
665             ,  350 28 04 ,   42 40 22,     10.386,      0.000,      0.000,       -1.166,        6.943,      7.636
666             ,    7 53 27 ,   42 40 25,     10.370,      0.000,      0.000,        0.965,        6.962,      7.624
667             ,   11 41 27 ,   35 05 12,      9.318,      0.000,      0.000,        1.085,        5.245,      7.624
668             ,  358 31 46 ,   35 05 09,      9.325,      0.000,      0.000,       -0.138,        5.359,      7.631
669             ,  353 24 21 ,   35 14 26,      9.346,      0.000,      0.000,       -0.619,        5.357,      7.633
670             ,  345 29 36 ,   35 39 52,      9.400,      0.000,      0.000,       -1.373,        5.306,      7.637
671             ,  336 18 30 ,   37 11 56,      9.587,      0.000,      0.000,       -2.329,        5.308,      7.637
672             ,  326 27 36 ,   39 32 58,      9.903,      0.000,      0.000,       -3.484,        5.256,      7.636
673             ,  322 11 10 ,   34 25 29,      9.256,      0.000,      0.000,       -3.208,        4.134,      7.635
674             ,  330 24 27 ,   32 24 08,      9.038,      0.000,      0.000,       -2.392,        4.212,      7.631
675             ,  341 14 12 ,   30 47 24,      8.882,      0.000,      0.000,       -1.462,        4.305,      7.630
676             ,  357 24 01 ,   28 28 33,      8.675,      0.000,      0.000,       -0.188,        4.132,      7.626
677             ,   15 51 25 ,   27 24 19,      8.585,      0.000,      0.000,        1.080,        3.801,      7.621
678             ,   20 38 57 ,   21 47 48,      8.207,      0.000,      0.000,        1.075,        2.852,      7.621
679             ,    1 33 51 ,   20 41 42,      8.151,      0.000,      0.000,        0.079,        2.880,      7.625
680             ,  346 10 57 ,   20 57 07,      8.166,      0.000,      0.000,       -0.697,        2.836,      7.626
681             ,  330 07 09 ,   22 28 11,      8.251,      0.000,      0.000,       -1.571,        2.734,      7.625
682             ,  316 19 32 ,   25 59 30,      8.491,      0.000,      0.000,       -2.570,        2.692,      7.633
683             ,  308 30 32 ,   28 38 18,      8.701,      0.000,      0.000,       -3.263,        2.596,      7.636
684             ,  287 46 20 ,   28 19 44,      8.669,      0.000,      0.000,       -3.918,        1.256,      7.631
685             ,  290 10 12 ,   23 00 52,      8.290,      0.000,      0.000,       -3.042,        1.118,      7.631
686             ,  292 37 52 ,   19 28 47,      8.092,      0.000,      0.000,       -2.491,        1.038,      7.629
687             ,  304 33 30 ,   13 13 07,      7.833,      0.000,      0.000,       -1.475,        1.016,      7.626
688             ,  331 01 46 ,    8 16 53,      7.703,      0.000,      0.000,       -0.537,        0.971,      7.623
689             ,  350 42 26 ,    6 50 25,      7.678,      0.000,      0.000,       -0.148,        0.902,      7.623
690             ,   26 14 15 ,    7 12 17,      7.683,      0.000,      0.000,        0.426,        0.864,      7.623
691             ,   52 42 01 ,    9 56 46,      7.741,      0.000,      0.000,        1.064,        0.810,      7.625
692             ,  106 26 52 ,    8 31 05,      7.716,      0.000,      0.000,        1.096,       -0.324,      7.631
693             ,  136 51 53 ,    4 08 01,      7.651,      0.000,      0.000,        0.377,       -0.403,      7.632
694             ,  226 56 11 ,    4 37 37,      7.663,      0.000,      0.000,       -0.452,       -0.422,      7.638
695             ,  254 40 15 ,   11 55 52,      7.805,      0.000,      0.000,       -1.556,       -0.427,      7.637
696             ,  262 14 41 ,   20 04 22,      8.134,      0.000,      0.000,       -2.766,       -0.377,      7.640
697             ,  264 46 53 ,   27 18 36,      8.593,      0.000,      0.000,       -3.926,       -0.359,      7.636
698             ,  238 17 43 ,   30 12 40,      8.841,      0.000,      0.000,       -3.785,       -2.338,      7.640
699             ,  226 25 20 ,   25 44 07,      8.480,      0.000,      0.000,       -2.668,       -2.538,      7.639
700             ,  206 53 15 ,   20 12 21,      8.138,      0.000,      0.000,       -1.271,       -2.507,      7.637
701             ,  181 27 35 ,   17 59 54,      8.033,      0.000,      0.000,       -0.063,       -2.481,      7.639
702             ,  158 45 50 ,   20 04 56,      8.133,      0.000,      0.000,        1.012,       -2.603,      7.639
703             ,  165 34 54 ,   30 56 06,      8.911,      0.000,      0.000,        1.141,       -4.437,      7.644
704             ,  177 23 09 ,   30 56 07,      8.913,      0.000,      0.000,        0.209,       -4.577,      7.645
705             ,  197 13 01 ,   32 36 36,      9.073,      0.000,      0.000,       -1.447,       -4.671,      7.643
706             ,  214 59 02 ,   36 49 28,      9.558,      0.000,      0.000,       -3.284,       -4.693,      7.651
707             ,  221 51 44 ,   38 06 50,      9.721,      0.000,      0.000,       -4.004,       -4.469,      7.648
708             ,  213 58 55 ,   38 57 10,      9.837,      0.000,      0.000,       -3.457,       -5.128,      7.650
709             ,  195 32 28 ,   34 56 10,      9.324,      0.000,      0.000,       -1.431,       -5.144,      7.644
710             ,  175 52 32 ,   34 04 47,      9.230,      0.000,      0.000,        0.372,       -5.159,      7.645
711             ,  339 22 01 ,  100 10 11,      8.176,      0.000,      0.000,       -2.836,        7.531,     -1.444
712             ,  339 57 04 ,  101 15 43,      7.353,      0.000,      0.000,       -2.472,        6.774,     -1.436
713             ,  336 38 36 ,  101 34 54,      7.148,      0.000,      0.000,       -2.776,        6.428,     -1.435
714             ,  325 18 52 ,  102 08 51,      6.868,      0.000,      0.000,       -3.821,        5.521,     -1.445
715             ,  330 52 30 ,  104 10 50,      5.831,      0.000,      0.000,       -2.752,        4.938,     -1.428
716             ,  348 25 35 ,  103 41 07,      6.040,      0.000,      0.000,       -1.177,        5.750,     -1.429
717             ,  346 18 18 ,  105 42 44,      5.267,      0.000,      0.000,       -1.200,        4.926,     -1.426
718             ,  344 58 06 ,  108 52 26,      4.409,      0.000,      0.000,       -1.082,        4.030,     -1.426
719             ,  357 00 24 ,  100 41 34,      7.759,      0.000,      0.000,       -0.398,        7.614,     -1.440
720             ,  357 00 28 ,  101 51 50,      6.982,      0.000,      0.000,       -0.357,        6.823,     -1.435
721             ,    2 03 35 ,  102 36 01,      6.577,      0.000,      0.000,        0.231,        6.414,     -1.435
722             ,    8 41 41 ,  100 34 56,      7.818,      0.000,      0.000,        1.162,        7.596,     -1.436
723             ,    8 42 12 ,  101 51 49,      6.983,      0.000,      0.000,        1.034,        6.755,     -1.436
724             ,   16 30 03 ,  101 04 45,      7.470,      0.000,      0.000,        2.082,        7.029,     -1.436
725             ,   21 39 28 ,  100 07 41,      8.142,      0.000,      0.000,        2.958,        7.450,     -1.432
726             ,   24 25 03 ,  101 32 15,      7.150,      0.000,      0.000,        2.896,        6.379,     -1.430
727             ,   28 34 51 ,  102 38 15,      6.533,      0.000,      0.000,        3.050,        5.598,     -1.429
728             ,   21 36 21 ,  103 09 08,      6.313,      0.000,      0.000,        2.264,        5.715,     -1.436
729             ,   21 36 34 ,  103 09 16,      6.313,      0.000,      0.000,        2.264,        5.715,     -1.437
730             ,   12 19 27 ,  104 03 46,      5.910,      0.000,      0.000,        1.224,        5.601,     -1.436
731             ,    2 52 30 ,  104 03 51,      5.914,      0.000,      0.000,        0.288,        5.730,     -1.437
732             ,  353 35 33 ,  104 43 40,      5.628,      0.000,      0.000,       -0.607,        5.409,     -1.431
733             ,  311 22 08 ,  107 41 20,      4.735,      0.000,      0.000,       -3.385,        2.981,     -1.439
734             ,  315 27 17 ,  109 32 56,      4.281,      0.000,      0.000,       -2.830,        2.875,     -1.432
735             ,  328 47 13 ,  113 51 29,      3.546,      0.000,      0.000,       -1.681,        2.773,     -1.434
736             ,  343 47 28 ,  116 10 03,      3.254,      0.000,      0.000,       -0.815,        2.805,     -1.435
737             ,    4 54 53 ,  117 46 46,      3.083,      0.000,      0.000,        0.234,        2.718,     -1.437
738             ,   24 37 01 ,  115 19 36,      3.363,      0.000,      0.000,        1.266,        2.764,     -1.439
739             ,   33 39 20 ,  112 36 44,      3.743,      0.000,      0.000,        1.915,        2.876,     -1.439
740             ,   44 51 39 ,  108 44 55,      4.493,      0.000,      0.000,        3.001,        3.016,     -1.444
741             ,   29 11 57 ,  106 37 55,      5.030,      0.000,      0.000,        2.351,        4.207,     -1.440
742             ,   16 27 02 ,  107 39 11,      4.733,      0.000,      0.000,        1.277,        4.325,     -1.435
743             ,    3 51 38 ,  108 29 36,      4.516,      0.000,      0.000,        0.288,        4.273,     -1.432
744             ,  351 13 08 ,  108 05 39,      4.592,      0.000,      0.000,       -0.666,        4.313,     -1.426
745             ,  290 26 35 ,  109 03 27,      4.402,      0.000,      0.000,       -3.899,        1.453,     -1.437
746             ,  293 03 46 ,  115 02 43,      3.385,      0.000,      0.000,       -2.821,        1.201,     -1.433
747             ,  305 22 26 ,  125 17 10,      2.481,      0.000,      0.000,       -1.651,        1.172,     -1.433
748             ,  328 57 24 ,  134 08 05,      2.065,      0.000,      0.000,       -0.764,        1.270,     -1.438
749             ,   15 51 09 ,  138 26 05,      1.916,      0.000,      0.000,        0.347,        1.223,     -1.433
750             ,   45 30 30 ,  129 05 39,      2.278,      0.000,      0.000,        1.261,        1.239,     -1.437
751             ,   59 12 53 ,  121 09 34,      2.773,      0.000,      0.000,        2.039,        1.215,     -1.435
752             ,   65 13 14 ,  113 15 30,      3.634,      0.000,      0.000,        3.031,        1.399,     -1.435
753             ,   84 11 57 ,  115 12 47,      3.358,      0.000,      0.000,        3.022,        0.307,     -1.430
754             ,   84 11 57 ,  126 02 41,      2.438,      0.000,      0.000,        1.961,        0.199,     -1.435
755             ,   84 11 59 ,  138 34 48,      1.922,      0.000,      0.000,        1.265,        0.129,     -1.441
756             ,  281 12 38 ,  149 00 25,      1.675,      0.000,      0.000,       -0.846,        0.168,     -1.436
757             ,  281 12 35 ,  130 19 05,      2.217,      0.000,      0.000,       -1.658,        0.329,     -1.434
758             ,  276 59 43 ,  116 46 07,      3.178,      0.000,      0.000,       -2.816,        0.346,     -1.431
759             ,  255 47 32 ,  111 57 14,      3.845,      0.000,      0.000,       -3.457,       -0.875,     -1.437
760             ,  249 00 42 ,  118 40 36,      2.983,      0.000,      0.000,       -2.443,       -0.937,     -1.431
761             ,  238 07 44 ,  130 18 06,      2.221,      0.000,      0.000,       -1.438,       -0.894,     -1.437
762             ,  214 05 25 ,  139 26 09,      1.897,      0.000,      0.000,       -0.692,       -1.022,     -1.441
763             ,  190 48 36 ,  139 20 37,      1.893,      0.000,      0.000,       -0.231,       -1.212,     -1.436
764             ,  164 45 07 ,  138 37 32,      1.917,      0.000,      0.000,        0.333,       -1.223,     -1.439
765             ,  135 41 01 ,  127 58 49,      2.345,      0.000,      0.000,        1.291,       -1.322,     -1.443
766             ,  121 01 44 ,  117 37 10,      3.108,      0.000,      0.000,        2.360,       -1.420,     -1.441
767             ,  129 50 12 ,  110 00 36,      4.217,      0.000,      0.000,        3.043,       -2.539,     -1.443
768             ,  137 13 37 ,  113 03 36,      3.687,      0.000,      0.000,        2.304,       -2.490,     -1.444
769             ,  150 40 41 ,  117 31 53,      3.128,      0.000,      0.000,        1.359,       -2.419,     -1.446
770             ,  172 03 36 ,  121 06 52,      2.795,      0.000,      0.000,        0.330,       -2.370,     -1.444
771             ,  196 24 17 ,  120 59 13,      2.809,      0.000,      0.000,       -0.680,       -2.310,     -1.446
772             ,  230 15 17 ,  111 14 21,      3.965,      0.000,      0.000,       -2.841,       -2.363,     -1.436
773             ,  236 20 58 ,  107 16 26,      4.851,      0.000,      0.000,       -3.856,       -2.567,     -1.440
774             ,  221 46 01 ,  103 30 34,      6.133,      0.000,      0.000,       -3.972,       -4.448,     -1.433
775             ,  213 12 51 ,  103 25 38,      6.183,      0.000,      0.000,       -3.294,       -5.031,     -1.436
776             ,  212 56 55 ,  105 53 02,      5.248,      0.000,      0.000,       -2.745,       -4.236,     -1.436
777             ,  195 45 37 ,  114 34 59,      3.468,      0.000,      0.000,       -0.857,       -3.035,     -1.443
778             ,  181 46 16 ,  114 34 45,      3.482,      0.000,      0.000,       -0.098,       -3.165,     -1.448
779             ,  179 57 40 ,  106 11 24,      5.171,      0.000,      0.000,        0.003,       -4.966,     -1.442
780             ,  170 57 06 ,  106 45 06,      4.998,      0.000,      0.000,        0.753,       -4.726,     -1.441
781             ,  167 20 06 ,  110 54 26,      4.063,      0.000,      0.000,        0.832,       -3.703,     -1.450
782             ,  161 01 02 ,  107 07 47,      4.895,      0.000,      0.000,        1.522,       -4.423,     -1.442
783             ,  154 49 49 ,  109 24 38,      4.355,      0.000,      0.000,        1.747,       -3.717,     -1.447
784             ,  151 54 34 ,  104 26 55,      5.791,      0.000,      0.000,        2.640,       -4.947,     -1.445
785             ,  144 00 04 ,  105 28 50,      5.420,      0.000,      0.000,        3.070,       -4.226,     -1.447
786             ,  359 56 15 ,   89 55 27,      7.235,      0.000,      0.000,       -0.008,        7.235,      0.010
787             ,  317 13 11 ,  132 20 37,      2.130,      0.000,      0.000,       -1.069,        1.155,     -1.435
