#OKS At   -20 : After 3 points 
1.659223, -5.586218, -1.414000 
2.075743, -3.451038, -1.414000 
-1.433737, -5.563477, -1.414000 
#OKS At   -15 : After 5 points 
2.608798, -0.739273, -1.409000 
1.663254, -5.586248, -1.409000 
-3.936135, -5.545077, -1.409000 
-3.893975, -1.034302, -1.409000 
2.906279, 3.058907, -1.409000 
#OKS At   -10 : After 7 points 
2.612557, -0.740883, -1.404000 
1.667285, -5.586277, -1.404000 
-3.936135, -5.545077, -1.404000 
-3.837485, 5.009722, -1.404000 
0.636590, 7.702726, -1.404000 
3.271432, 7.680547, -1.404000 
3.270494, 7.659527, -1.404000 
#OKS At    -5 : After 6 points 
2.616316, -0.742493, -1.399000 
1.671316, -5.586307, -1.399000 
-3.936135, -5.545077, -1.399000 
-3.811965, 7.740166, -1.399000 
3.272670, 7.680530, -1.399000 
3.268224, 7.580944, -1.399000 
#OKS At     0 : After 6 points 
2.620075, -0.744103, -1.394000 
1.675347, -5.586337, -1.394000 
-3.936135, -5.545077, -1.394000 
-3.811965, 7.740160, -1.394000 
3.273908, 7.680512, -1.394000 
3.265955, 7.502361, -1.394000 
#OKS At   100 : After 6 points 
2.695258, -0.776305, -1.294000 
1.755964, -5.586929, -1.294000 
-3.936135, -5.545077, -1.294000 
-3.811966, 7.740025, -1.294000 
3.298669, 7.680170, -1.294000 
3.220564, 5.930699, -1.294000 
#OKS At   200 : After 6 points 
2.770440, -0.808507, -1.194000 
1.836581, -5.587522, -1.194000 
-3.936135, -5.545077, -1.194000 
-3.811968, 7.739891, -1.194000 
3.323429, 7.679827, -1.194000 
3.175172, 4.359037, -1.194000 
#OKS At   300 : After 6 points 
2.845623, -0.840709, -1.094000 
1.917199, -5.588115, -1.094000 
-3.936135, -5.545077, -1.094000 
-3.811969, 7.739757, -1.094000 
3.348190, 7.679484, -1.094000 
3.129781, 2.787375, -1.094000 
#OKS At   400 : After 6 points 
2.920805, -0.872910, -0.994000 
1.997816, -5.588708, -0.994000 
-3.936135, -5.545077, -0.994000 
-3.811970, 7.739623, -0.994000 
3.372951, 7.679142, -0.994000 
3.084390, 1.215714, -0.994000 
#OKS At   500 : After 6 points 
2.995988, -0.905112, -0.894000 
2.078434, -5.589301, -0.894000 
-3.936135, -5.545077, -0.894000 
-3.811971, 7.739488, -0.894000 
3.397711, 7.678799, -0.894000 
3.038999, -0.355948, -0.894000 
#OKS At   600 : After 6 points 
2.991660, -1.340611, -0.794000 
2.159051, -5.589893, -0.794000 
-3.936135, -5.545077, -0.794000 
-3.811973, 7.739354, -0.794000 
3.422472, 7.678456, -0.794000 
3.038850, -0.914235, -0.794000 
#OKS At   700 : After 6 points 
2.943240, -1.999756, -0.694000 
2.239668, -5.590486, -0.694000 
-3.936135, -5.545077, -0.694000 
-3.811974, 7.739220, -0.694000 
3.447233, 7.678114, -0.694000 
3.063790, -0.910561, -0.694000 
#OKS At   800 : After 6 points 
2.894820, -2.658902, -0.594000 
2.320286, -5.591079, -0.594000 
-3.936135, -5.545077, -0.594000 
-3.811975, 7.739086, -0.594000 
3.471993, 7.677771, -0.594000 
3.088731, -0.906886, -0.594000 
#OKS At   900 : After 7 points 
2.846400, -3.318047, -0.494000 
2.400903, -5.591672, -0.494000 
-3.936135, -5.545077, -0.494000 
-3.811976, 7.738951, -0.494000 
3.477714, 7.677588, -0.494000 
3.472017, 7.123357, -0.494000 
3.113671, -0.903211, -0.494000 
#OKS At  1000 : After 7 points 
2.797980, -3.977192, -0.394000 
2.481521, -5.592264, -0.394000 
-3.936135, -5.545077, -0.394000 
-3.811978, 7.738817, -0.394000 
3.477632, 7.677455, -0.394000 
3.464502, 6.400066, -0.394000 
3.138611, -0.899536, -0.394000 
#OKS At  1100 : After 7 points 
2.749559, -4.636337, -0.294000 
2.562138, -5.592857, -0.294000 
-3.936135, -5.545077, -0.294000 
-3.811979, 7.738683, -0.294000 
3.477550, 7.677321, -0.294000 
3.456987, 5.676775, -0.294000 
3.163551, -0.895862, -0.294000 
#OKS At  1200 : After 7 points 
2.701139, -5.295482, -0.194000 
2.642755, -5.593450, -0.194000 
-3.936135, -5.545077, -0.194000 
-3.811980, 7.738549, -0.194000 
3.477468, 7.677188, -0.194000 
3.449471, 4.953484, -0.194000 
3.188491, -0.892187, -0.194000 
#OKS At  1300 : After 6 points 
3.441956, 4.230193, -0.094000 
3.477386, 7.677054, -0.094000 
-3.811981, 7.738414, -0.094000 
-3.936135, -5.545077, -0.094000 
2.692653, -5.593817, -0.094000 
3.213431, -0.888512, -0.094000 
#OKS At  1400 : After 6 points 
3.434440, 3.506902, 0.006000 
3.477304, 7.676921, 0.006000 
-3.811983, 7.738280, 0.006000 
-3.936135, -5.545077, 0.006000 
2.717167, -5.593997, 0.006000 
3.238371, -0.884837, 0.006000 
#OKS At  1500 : After 6 points 
3.426925, 2.783611, 0.106000 
3.477222, 7.676787, 0.106000 
-3.811984, 7.738146, 0.106000 
-3.936135, -5.545077, 0.106000 
2.741680, -5.594177, 0.106000 
3.263311, -0.881162, 0.106000 
#OKS At  1600 : After 6 points 
3.419409, 2.060320, 0.206000 
3.477140, 7.676653, 0.206000 
-3.811985, 7.738012, 0.206000 
-3.936135, -5.545077, 0.206000 
2.766193, -5.594357, 0.206000 
3.288251, -0.877488, 0.206000 
#OKS At  1700 : After 6 points 
3.411894, 1.337029, 0.306000 
3.477058, 7.676520, 0.306000 
-3.811986, 7.737877, 0.306000 
-3.936135, -5.545077, 0.306000 
2.790707, -5.594538, 0.306000 
3.313191, -0.873813, 0.306000 
#OKS At  1800 : After 6 points 
3.404378, 0.613737, 0.406000 
3.476976, 7.676386, 0.406000 
-3.811988, 7.737743, 0.406000 
-3.936135, -5.545077, 0.406000 
2.815220, -5.594718, 0.406000 
3.338131, -0.870138, 0.406000 
#OKS At  1900 : After 6 points 
3.396863, -0.109554, 0.506000 
3.476894, 7.676253, 0.506000 
-3.811989, 7.737609, 0.506000 
-3.936135, -5.545077, 0.506000 
2.839733, -5.594898, 0.506000 
3.363071, -0.866463, 0.506000 
#OKS At  2000 : After 6 points 
3.389347, -0.832845, 0.606000 
3.476812, 7.676119, 0.606000 
-3.811990, 7.737475, 0.606000 
-3.936135, -5.545077, 0.606000 
2.864247, -5.595078, 0.606000 
3.388011, -0.862788, 0.606000 
#OKS At  2100 : After 5 points 
3.386544, -1.097699, 0.706000 
3.476730, 7.675986, 0.706000 
-3.811991, 7.737340, 0.706000 
-3.936135, -5.545077, 0.706000 
2.888760, -5.595259, 0.706000 
#OKS At  2200 : After 5 points 
3.383944, -1.342858, 0.806000 
3.476648, 7.675852, 0.806000 
-3.811993, 7.737206, 0.806000 
-3.936135, -5.545077, 0.806000 
2.913273, -5.595439, 0.806000 
#OKS At  2300 : After 5 points 
3.381343, -1.588018, 0.906000 
3.476566, 7.675718, 0.906000 
-3.811994, 7.737072, 0.906000 
-3.936135, -5.545077, 0.906000 
2.937787, -5.595619, 0.906000 
#OKS At  2400 : After 5 points 
3.378742, -1.833178, 1.006000 
3.476484, 7.675585, 1.006000 
-3.811995, 7.736938, 1.006000 
-3.936135, -5.545077, 1.006000 
2.962300, -5.595799, 1.006000 
#OKS At  2500 : After 5 points 
3.376142, -2.078337, 1.106000 
3.476402, 7.675451, 1.106000 
-3.811996, 7.736803, 1.106000 
-3.936135, -5.545077, 1.106000 
2.986814, -5.595980, 1.106000 
#OKS At  2600 : After 5 points 
3.373541, -2.323497, 1.206000 
3.476320, 7.675318, 1.206000 
-3.811998, 7.736669, 1.206000 
-3.936135, -5.545077, 1.206000 
3.011327, -5.596160, 1.206000 
#OKS At  2700 : After 5 points 
3.370940, -2.568657, 1.306000 
3.476238, 7.675184, 1.306000 
-3.811999, 7.736535, 1.306000 
-3.936135, -5.545077, 1.306000 
3.035840, -5.596340, 1.306000 
#OKS At  2800 : After 5 points 
3.368340, -2.813816, 1.406000 
3.476156, 7.675051, 1.406000 
-3.812000, 7.736401, 1.406000 
-3.936135, -5.545077, 1.406000 
3.060354, -5.596520, 1.406000 
#OKS At  2900 : After 5 points 
3.365739, -3.058976, 1.506000 
3.476074, 7.674917, 1.506000 
-3.812001, 7.736266, 1.506000 
-3.936135, -5.545077, 1.506000 
3.084867, -5.596701, 1.506000 
#OKS At  3000 : After 5 points 
3.363138, -3.304136, 1.606000 
3.475992, 7.674783, 1.606000 
-3.812003, 7.736132, 1.606000 
-3.936135, -5.545077, 1.606000 
3.109380, -5.596881, 1.606000 
#OKS At  3100 : After 5 points 
3.360538, -3.549296, 1.706000 
3.475910, 7.674650, 1.706000 
-3.812004, 7.735998, 1.706000 
-3.936135, -5.545077, 1.706000 
3.133894, -5.597061, 1.706000 
#OKS At  3200 : After 5 points 
3.357937, -3.794455, 1.806000 
3.475828, 7.674516, 1.806000 
-3.812005, 7.735864, 1.806000 
-3.936135, -5.545077, 1.806000 
3.158407, -5.597241, 1.806000 
#OKS At  3300 : After 5 points 
3.355336, -4.039615, 1.906000 
3.475746, 7.674383, 1.906000 
-3.812006, 7.735729, 1.906000 
-3.936135, -5.545077, 1.906000 
3.182920, -5.597421, 1.906000 
#OKS At  3400 : After 5 points 
3.352736, -4.284775, 2.006000 
3.475664, 7.674249, 2.006000 
-3.812008, 7.735595, 2.006000 
-3.936135, -5.545077, 2.006000 
3.207434, -5.597602, 2.006000 
#OKS At  3500 : After 5 points 
3.350135, -4.529934, 2.106000 
3.475582, 7.674116, 2.106000 
-3.812009, 7.735461, 2.106000 
-3.936135, -5.545077, 2.106000 
3.231947, -5.597782, 2.106000 
#OKS At  3600 : After 5 points 
3.347534, -4.775094, 2.206000 
3.475500, 7.673982, 2.206000 
-3.812010, 7.735327, 2.206000 
-3.936135, -5.545077, 2.206000 
3.256460, -5.597962, 2.206000 
#OKS At  3700 : After 5 points 
3.344934, -5.020254, 2.306000 
3.475418, 7.673848, 2.306000 
-3.812012, 7.735192, 2.306000 
-3.936135, -5.545077, 2.306000 
3.280974, -5.598142, 2.306000 
#OKS At  3800 : After 5 points 
3.342333, -5.265413, 2.406000 
3.475336, 7.673715, 2.406000 
-3.812013, 7.735058, 2.406000 
-3.936135, -5.545077, 2.406000 
3.305487, -5.598323, 2.406000 
#OKS At  3900 : After 5 points 
3.339732, -5.510573, 2.506000 
3.475254, 7.673581, 2.506000 
-3.812014, 7.734924, 2.506000 
-3.936135, -5.545077, 2.506000 
3.330000, -5.598503, 2.506000 
#OKS At  4000 : After 4 points 
3.338747, -5.598567, 2.606000 
3.475172, 7.673448, 2.606000 
-3.812015, 7.734790, 2.606000 
-3.936135, -5.545077, 2.606000 
#OKS At  4100 : After 4 points 
3.338666, -5.598567, 2.706000 
3.475090, 7.673314, 2.706000 
-3.812017, 7.734655, 2.706000 
-3.936135, -5.545077, 2.706000 
#OKS At  4200 : After 4 points 
3.338586, -5.598566, 2.806000 
3.475008, 7.673181, 2.806000 
-3.812018, 7.734521, 2.806000 
-3.936135, -5.545077, 2.806000 
#OKS At  4300 : After 4 points 
3.338505, -5.598565, 2.906000 
3.474926, 7.673047, 2.906000 
-3.812019, 7.734387, 2.906000 
-3.936135, -5.545077, 2.906000 
#OKS At  4400 : After 4 points 
3.338424, -5.598565, 3.006000 
3.474844, 7.672913, 3.006000 
-3.812020, 7.734253, 3.006000 
-3.936135, -5.545077, 3.006000 
#OKS At  4500 : After 4 points 
3.338344, -5.598564, 3.106000 
3.474762, 7.672780, 3.106000 
-3.812022, 7.734118, 3.106000 
-3.936135, -5.545077, 3.106000 
#OKS At  4600 : After 4 points 
3.338263, -5.598564, 3.206000 
3.474680, 7.672646, 3.206000 
-3.812023, 7.733984, 3.206000 
-3.936135, -5.545077, 3.206000 
#OKS At  4700 : After 4 points 
3.338183, -5.598563, 3.306000 
3.474598, 7.672513, 3.306000 
-3.812024, 7.733850, 3.306000 
-3.936135, -5.545077, 3.306000 
#OKS At  4800 : After 4 points 
3.338102, -5.598562, 3.406000 
3.474516, 7.672379, 3.406000 
-3.812025, 7.733715, 3.406000 
-3.936135, -5.545077, 3.406000 
#OKS At  4900 : After 4 points 
3.338021, -5.598562, 3.506000 
3.474434, 7.672246, 3.506000 
-3.812027, 7.733581, 3.506000 
-3.936135, -5.545077, 3.506000 
#OKS At  5000 : After 4 points 
3.337941, -5.598561, 3.606000 
3.474352, 7.672112, 3.606000 
-3.812028, 7.733447, 3.606000 
-3.936135, -5.545077, 3.606000 
#OKS At  5100 : After 4 points 
3.337860, -5.598561, 3.706000 
3.474270, 7.671978, 3.706000 
-3.812029, 7.733313, 3.706000 
-3.936135, -5.545077, 3.706000 
#OKS At  5200 : After 4 points 
3.337779, -5.598560, 3.806000 
3.474188, 7.671845, 3.806000 
-3.812030, 7.733178, 3.806000 
-3.936135, -5.545077, 3.806000 
#OKS At  5300 : After 4 points 
3.337699, -5.598560, 3.906000 
3.474106, 7.671711, 3.906000 
-3.812032, 7.733044, 3.906000 
-3.936135, -5.545077, 3.906000 
#OKS At  5400 : After 4 points 
3.337618, -5.598559, 4.006000 
3.474024, 7.671578, 4.006000 
-3.812033, 7.732910, 4.006000 
-3.936135, -5.545077, 4.006000 
#OKS At  5500 : After 4 points 
3.337537, -5.598558, 4.106000 
3.473942, 7.671444, 4.106000 
-3.812034, 7.732776, 4.106000 
-3.936135, -5.545077, 4.106000 
#OKS At  5600 : After 4 points 
3.337457, -5.598558, 4.206000 
3.473860, 7.671311, 4.206000 
-3.812035, 7.732641, 4.206000 
-3.936135, -5.545077, 4.206000 
#OKS At  5700 : After 4 points 
3.337376, -5.598557, 4.306000 
3.473778, 7.671177, 4.306000 
-3.812037, 7.732507, 4.306000 
-3.936135, -5.545077, 4.306000 
#OKS At  5800 : After 4 points 
3.337295, -5.598557, 4.406000 
3.473695, 7.671043, 4.406000 
-3.812038, 7.732373, 4.406000 
-3.936135, -5.545077, 4.406000 
#OKS At  5900 : After 4 points 
3.337215, -5.598556, 4.506000 
3.473613, 7.670910, 4.506000 
-3.812039, 7.732239, 4.506000 
-3.936135, -5.545077, 4.506000 
#OKS At  6000 : After 4 points 
3.337134, -5.598555, 4.606000 
3.473531, 7.670776, 4.606000 
-3.812040, 7.732104, 4.606000 
-3.936135, -5.545077, 4.606000 
#OKS At  6100 : After 4 points 
3.337054, -5.598555, 4.706000 
3.473449, 7.670643, 4.706000 
-3.812042, 7.731970, 4.706000 
-3.936135, -5.545077, 4.706000 
#OKS At  6200 : After 4 points 
3.336973, -5.598554, 4.806000 
3.473367, 7.670509, 4.806000 
-3.812043, 7.731836, 4.806000 
-3.936135, -5.545077, 4.806000 
#OKS At  6300 : After 4 points 
3.336892, -5.598554, 4.906000 
3.473285, 7.670376, 4.906000 
-3.812044, 7.731702, 4.906000 
-3.936135, -5.545077, 4.906000 
#OKS At  6400 : After 4 points 
3.336812, -5.598553, 5.006000 
3.473203, 7.670242, 5.006000 
-3.812045, 7.731567, 5.006000 
-3.936135, -5.545077, 5.006000 
#OKS At  6500 : After 4 points 
3.336731, -5.598552, 5.106000 
3.473121, 7.670108, 5.106000 
-3.812047, 7.731433, 5.106000 
-3.936135, -5.545077, 5.106000 
#OKS At  6600 : After 4 points 
3.336650, -5.598552, 5.206000 
3.473039, 7.669975, 5.206000 
-3.812048, 7.731299, 5.206000 
-3.936135, -5.545077, 5.206000 
#OKS At  6700 : After 4 points 
3.336570, -5.598551, 5.306000 
3.472957, 7.669841, 5.306000 
-3.812049, 7.731165, 5.306000 
-3.936135, -5.545077, 5.306000 
#OKS At  6800 : After 4 points 
3.318933, -5.598422, 5.406000 
3.456713, 7.669844, 5.406000 
-3.812050, 7.731030, 5.406000 
-3.936135, -5.545077, 5.406000 
#OKS At  6900 : After 4 points 
3.295263, -5.598248, 5.506000 
3.433042, 7.669909, 5.506000 
-3.812052, 7.730896, 5.506000 
-3.936135, -5.545077, 5.506000 
#OKS At  7000 : After 4 points 
3.271594, -5.598073, 5.606000 
3.409372, 7.669974, 5.606000 
-3.812053, 7.730762, 5.606000 
-3.936135, -5.545077, 5.606000 
#OKS At  7100 : After 4 points 
3.247925, -5.597899, 5.706000 
3.385702, 7.670039, 5.706000 
-3.812054, 7.730628, 5.706000 
-3.936135, -5.545077, 5.706000 
#OKS At  7200 : After 4 points 
3.224256, -5.597725, 5.806000 
3.362031, 7.670104, 5.806000 
-3.812055, 7.730493, 5.806000 
-3.936135, -5.545077, 5.806000 
#OKS At  7300 : After 4 points 
3.200587, -5.597551, 5.906000 
3.338361, 7.670169, 5.906000 
-3.812057, 7.730359, 5.906000 
-3.936135, -5.545077, 5.906000 
#OKS At  7400 : After 4 points 
3.176917, -5.597377, 6.006000 
3.314690, 7.670234, 6.006000 
-3.812058, 7.730225, 6.006000 
-3.936135, -5.545077, 6.006000 
#OKS At  7500 : After 4 points 
3.153248, -5.597203, 6.106000 
3.291020, 7.670299, 6.106000 
-3.812059, 7.730091, 6.106000 
-3.936135, -5.545077, 6.106000 
#OKS At  7600 : After 4 points 
-3.936135, -5.545077, 6.206000 
-3.812060, 7.729956, 6.206000 
2.313291, 7.678395, 6.206000 
1.078541, -5.581949, 6.206000 
#OKS At  7700 : After 4 points 
1.053968, -5.581768, 6.306000 
1.183146, 7.687774, 6.306000 
-3.812062, 7.729822, 6.306000 
-3.936135, -5.545077, 6.306000 
#OKS At  7800 : After 4 points 
1.053958, -5.581768, 6.406000 
1.183135, 7.687640, 6.406000 
-3.812063, 7.729688, 6.406000 
-3.936135, -5.545077, 6.406000 
#OKS At  7900 : After 4 points 
1.053948, -5.581768, 6.506000 
1.183124, 7.687505, 6.506000 
-3.812064, 7.729554, 6.506000 
-3.936135, -5.545077, 6.506000 
#OKS At  8000 : After 4 points 
1.053938, -5.581768, 6.606000 
1.183113, 7.687371, 6.606000 
-3.812065, 7.729419, 6.606000 
-3.936135, -5.545077, 6.606000 
#OKS At  8100 : After 4 points 
1.053928, -5.581768, 6.706000 
1.183102, 7.687237, 6.706000 
-3.812067, 7.729285, 6.706000 
-3.936135, -5.545077, 6.706000 
#OKS At  8200 : After 4 points 
1.053918, -5.581768, 6.806000 
1.183090, 7.687103, 6.806000 
-3.812068, 7.729151, 6.806000 
-3.936135, -5.545077, 6.806000 
#OKS At  8300 : After 4 points 
1.053909, -5.581767, 6.906000 
1.183079, 7.686969, 6.906000 
-3.812069, 7.729017, 6.906000 
-3.936135, -5.545077, 6.906000 
#OKS At  8400 : After 4 points 
1.053899, -5.581767, 7.006000 
1.183068, 7.686835, 7.006000 
-3.812070, 7.728882, 7.006000 
-3.936135, -5.545077, 7.006000 
#OKS At  8500 : After 4 points 
1.053889, -5.581767, 7.106000 
1.183057, 7.686700, 7.106000 
-3.812072, 7.728748, 7.106000 
-3.936135, -5.545077, 7.106000 
#OKS At  8600 : After 4 points 
1.053879, -5.581767, 7.206000 
1.183046, 7.686566, 7.206000 
-3.812073, 7.728614, 7.206000 
-3.936135, -5.545077, 7.206000 
#OKS At  8700 : After 4 points 
1.053869, -5.581767, 7.306000 
1.183034, 7.686432, 7.306000 
-3.812074, 7.728480, 7.306000 
-3.936135, -5.545077, 7.306000 
#OKS At  8800 : After 4 points 
1.053859, -5.581767, 7.406000 
1.183023, 7.686298, 7.406000 
-3.812075, 7.728345, 7.406000 
-3.936135, -5.545077, 7.406000 
#OKS At  8900 : After 4 points 
1.053849, -5.581767, 7.506000 
1.183012, 7.686164, 7.506000 
-3.812077, 7.728211, 7.506000 
-3.936135, -5.545077, 7.506000 
#OKS At  9000 : After 4 points 
1.053839, -5.581767, 7.606000 
1.183001, 7.686030, 7.606000 
-3.812078, 7.728077, 7.606000 
-3.936135, -5.545077, 7.606000 
