CHECKING DISTANT FROM POINTS TO AVERAGE PLANE TO REMOVE INCORRECT POINT. 

Distant of points(mm) belongs the plane 0 (63 points): 
14.62(656), 13.77(630), 10.63(625),  9.07(631),  8.54(638),  8.06(654),  7.80(622),  7.70(611),  7.50(620),  7.24(621),  6.82(659),  6.78(624),  6.78(609),  6.63(603),  6.40(602),  6.39(615),  6.33(637),  6.31(651),  5.92(606),  5.87(633),  5.30(599),  5.18(617),  4.71(657),  4.37(636),  4.26(607),  4.17(650),  3.92(632),  3.91(614),  3.85(616),  3.81(613),  3.76(658),  3.61(610),  3.34(653),  3.28(642),  3.12(641),  3.11(619),  3.02(652),  2.86(627),  2.72(645),  2.69(634),  2.55(628),  2.55(601),  2.06(639),  1.77(640),  1.57(629),  1.54(635),  1.51(623),  1.49(648),  1.29(649),  1.22(604),  1.03(618),  1.01(597),  0.96(600),  0.87(646),  0.85(643),  0.77(655),  0.76(598),  0.70(644),  0.68(605),  0.42(647),  0.35(612),  0.26(608),  0.24(626), 
Distant of points(mm) belongs the plane 1 (40 points): 
12.84(594),  9.64(595),  9.58(592),  9.31(560),  8.26(561),  7.37(593),  6.80(579),  6.20(578),  6.00(562),  5.07(590),  5.02(575),  4.66(565),  4.56(572),  4.10(586),  3.93(588),  3.82(559),  3.69(580),  3.64(574),  3.42(558),  3.39(570),  3.29(577),  3.20(585),  3.14(584),  2.84(583),  2.72(564),  2.59(573),  2.44(571),  2.25(581),  2.19(576),  2.01(596),  1.93(589),  1.76(563),  1.58(582),  1.47(568),  1.38(567),  1.13(569),  0.43(591),  0.41(566),  0.09(587),  0.08(557), 
Distant of points(mm) belongs the plane 2 (49 points): 
19.77(9), 13.67(30), 13.65(55), 12.63(56), 11.45(48), 10.69(34),  9.71(57),  9.39(26),  8.55(47),  8.27(53),  8.23(20),  7.59(16),  7.57(24),  7.02(50),  6.59(18),  6.20(43),  5.82(10),  5.79(36),  5.75(15),  5.21(14),  5.07(13),  4.58(19),  4.38(37),  4.09(52),  3.80(25),  3.62(17),  3.52(41),  3.51(35),  3.28(28),  2.94(46),  2.86(32),  2.85(21),  2.83(12),  2.63(40),  2.43(54),  2.40(29),  2.23(11),  1.73(51),  1.70(49),  1.61(42),  1.56(38),  1.40(44),  1.40(45),  1.30(27),  1.03(22),  0.95(39),  0.95(33),  0.66(23),  0.42(31), 
Distant of points(mm) belongs the plane 3 (52 points): 
22.90(109), 13.99(108), 12.78(79),  9.85(58),  8.55(92),  7.30(90),  7.11(59),  7.04(68),  6.87(72),  6.56(81),  6.09(66),  5.92(73),  5.56(67),  5.49(89),  5.25(77),  5.21(87),  5.21(91),  5.02(106),  4.98(93),  4.68(83),  4.65(60),  4.52(102),  4.26(104),  4.21(88),  4.18(86),  4.00(64),  3.92(85),  3.78(62),  3.64(82),  2.97(70),  2.70(94),  2.45(61),  2.40(100),  2.00(71),  1.74(63),  1.69(80),  1.64(75),  1.61(99),  1.45(69),  1.34(103),  1.08(96),  1.08(65),  0.85(107),  0.67(105),  0.55(74),  0.51(98),  0.45(84),  0.44(78),  0.39(101),  0.29(97),  0.03(76),  0.00(95), 
Distant of points(mm) belongs the plane 4 (102 points): 
12.52(412), 11.32(461), 11.07(411), 10.03(460),  9.66(445),  9.10(376),  8.95(413),  8.88(375),  8.76(459),  8.50(410),  8.46(395),  8.45(455),  8.34(435),  8.20(466),  8.20(424),  7.92(373),  7.34(374),  7.29(414),  6.76(467),  6.73(430),  6.72(415),  6.45(372),  6.29(429),  6.00(394),  5.98(400),  5.80(396),  5.78(406),  5.66(454),  5.50(377),  5.45(432),  5.38(407),  5.18(405),  4.98(440),  4.93(453),  4.87(462),  4.84(386),  4.77(425),  4.55(458),  4.54(423),  4.39(463),  4.33(439),  4.19(378),  4.11(431),  4.06(387),  4.03(384),  3.98(390),  3.97(383),  3.92(448),  3.91(446),  3.90(408),  3.88(426),  3.68(428),  3.65(438),  3.49(404),  3.45(385),  3.38(452),  3.32(444),  3.23(421),  3.23(397),  3.08(437),  2.99(416),  2.98(456),  2.95(465),  2.89(422),  2.88(392),  2.86(371),  2.81(402),  2.79(393),  2.79(418),  2.77(433),  2.66(441),  2.59(382),  2.58(449),  2.53(420),  2.48(389),  2.40(464),  2.38(468),  2.34(427),  2.31(399),  2.30(450),  2.21(457),  1.87(469),  1.83(451),  1.62(391),  1.42(370),  1.35(442),  1.31(436),  1.14(417),  1.10(380),  1.04(434),  0.92(443),  0.83(403),  0.73(381),  0.60(447),  0.52(401),  0.51(398),  0.50(379),  0.33(409),  0.28(388),  0.26(470),  0.11(369),  0.05(419), 
Distant of points(mm) belongs the plane 5 (86 points): 
13.62(547), 12.14(482), 10.63(525), 10.25(483), 10.11(478),  9.41(524),  9.41(548),  9.27(509),  9.15(523),  8.40(515),  8.39(514),  8.32(556),  8.18(474),  8.04(496),  7.80(526),  7.39(484),  7.35(508),  7.34(475),  7.17(510),  6.59(555),  6.31(546),  6.10(553),  6.05(522),  5.60(516),  5.54(481),  5.51(485),  5.46(549),  5.45(473),  5.35(507),  5.33(554),  5.32(544),  5.09(551),  4.91(520),  4.81(471),  4.80(542),  4.78(538),  4.44(541),  4.35(517),  4.35(552),  4.25(492),  4.24(498),  4.03(543),  3.96(521),  3.93(490),  3.87(477),  3.82(550),  3.76(527),  3.62(491),  3.56(480),  3.42(534),  3.29(506),  3.27(513),  3.25(476),  2.94(532),  2.63(488),  2.55(489),  2.54(533),  2.48(537),  2.27(528),  2.24(518),  2.19(529),  2.19(540),  2.14(511),  1.99(531),  1.97(545),  1.92(500),  1.84(495),  1.79(501),  1.71(504),  1.52(503),  1.41(494),  1.40(487),  1.30(535),  1.25(502),  1.19(505),  1.05(479),  0.62(486),  0.39(493),  0.38(519),  0.37(472),  0.18(499),  0.07(530),  0.03(497),  0.01(539),  0.01(536),  0.00(512), 
Distant of points(mm) belongs the plane 6 (67 points): 
20.15(301), 15.79(300), 14.06(284), 12.28(271), 11.06(291), 10.57(286), 10.07(292),  9.56(274),  9.04(302),  8.80(285),  8.49(305),  8.16(270),  8.05(290),  7.89(297),  7.52(269),  7.27(251),  6.99(279),  6.41(272),  6.25(280),  6.16(293),  6.15(281),  6.09(304),  5.84(283),  5.77(308),  5.55(289),  5.36(249),  5.36(298),  5.31(296),  5.06(282),  4.74(252),  4.72(294),  4.72(253),  4.42(250),  4.22(255),  4.04(268),  3.97(299),  3.75(306),  3.42(267),  3.30(273),  3.17(247),  2.88(245),  2.88(288),  2.86(248),  2.80(277),  2.79(278),  2.75(259),  2.69(243),  2.63(263),  2.60(257),  2.54(266),  2.49(276),  2.39(254),  2.39(275),  2.23(303),  1.56(242),  1.53(287),  1.45(265),  1.34(262),  1.14(295),  1.07(258),  1.05(264),  0.79(307),  0.77(246),  0.74(261),  0.45(244),  0.33(256),  0.31(260), 
Distant of points(mm) belongs the plane 7 (56 points): 
19.73(348), 16.53(327), 14.91(347), 12.19(363), 12.05(332), 11.34(344),  9.80(357),  9.54(350),  9.52(343),  9.05(333),  8.59(361),  8.33(329),  7.59(328),  7.31(345),  7.23(322),  7.09(326),  6.90(351),  6.62(334),  6.58(346),  6.56(356),  6.43(315),  6.24(358),  5.50(321),  5.41(338),  5.22(352),  5.00(349),  4.94(311),  4.74(342),  4.33(330),  4.26(325),  4.20(313),  3.90(314),  3.71(331),  3.69(335),  3.53(360),  3.47(364),  3.47(323),  3.38(353),  3.01(341),  2.99(312),  2.89(339),  2.68(355),  2.43(320),  2.23(316),  2.03(310),  1.61(340),  1.33(359),  1.22(309),  1.20(354),  0.81(336),  0.69(337),  0.60(324),  0.48(362),  0.17(318),  0.04(317),  0.01(319), 
Distant of points(mm) belongs the plane 8 (22 points): 
11.92(123), 10.92(130), 10.09(125),  9.95(113),  9.05(122),  8.75(131),  6.89(128),  5.68(111),  5.63(129),  4.66(116),  4.11(110),  3.80(127),  3.31(124),  3.09(120),  2.45(114),  1.70(115),  1.30(118),  1.24(112),  0.83(121),  0.58(119),  0.39(126),  0.01(117), 
Distant of points(mm) belongs the plane 9 (49 points): 
22.03(163), 14.70(134), 13.12(136), 12.52(159), 11.88(150), 11.64(156), 10.88(145), 10.74(135), 10.46(180),  9.94(182),  9.69(153),  8.66(181),  8.21(176),  7.51(178),  6.59(171),  6.40(162),  6.20(141),  4.97(183),  4.69(179),  4.56(138),  4.31(177),  4.25(137),  4.21(170),  3.56(168),  3.38(142),  2.94(139),  2.89(132),  2.61(144),  2.52(167),  2.49(149),  2.43(146),  2.34(175),  2.13(155),  2.09(143),  1.92(166),  1.50(184),  1.32(133),  0.98(151),  0.88(140),  0.86(148),  0.85(173),  0.71(174),  0.69(152),  0.60(172),  0.51(160),  0.50(169),  0.49(147),  0.42(165),  0.30(154), 
Distant of points(mm) belongs the plane 10 (19 points): 
12.12(188),  9.49(196),  8.91(197),  8.16(195),  7.43(203),  6.74(201),  5.27(187),  5.13(191),  4.92(190),  4.43(202),  3.19(194),  2.06(199),  1.97(186),  1.58(193),  1.51(185),  1.46(192),  1.46(189),  1.19(200),  0.64(204), 
Distant of points(mm) belongs the plane 11 (23 points): 
19.60(205), 17.16(224), 16.71(212), 14.98(211), 11.94(225), 10.32(207),  9.52(221),  8.88(222),  8.37(226),  7.66(218),  6.85(214),  6.55(209),  5.47(216),  5.00(215),  4.85(213),  4.31(227),  3.62(210),  3.37(219),  2.77(223),  1.69(206),  0.63(217),  0.61(208),  0.17(220), 
Distant of points(mm) belongs the plane 12 (14 points): 
 6.16(233),  5.24(238),  4.97(237),  3.84(235),  3.09(228),  2.26(240),  1.85(236),  1.68(230),  1.63(239),  1.26(229),  0.81(241),  0.67(232),  0.47(234),  0.27(231), 
