#Plane 0. 
2105.5903803028,7704.7347585398,-1451.2478768809 
-3517.9430032975,7667.4864968298,-1454.1536461056 
3668.9470384198,-629.6414416856,-1446.7914288966 
3703.8238207540,-4092.9436439822,-1445.2590178941 
-3403.9225499692,-4136.0258314026,-1448.9334512245 
#ERRORs at Segment 1: 
,2105.5903803040,7704.7347585401,-1451.2478768817 
 3668.9470384198,-629.6414416856,-1446.7914288966 
#Plane 0. 
2105.5903803028,7704.7347585398,-1451.2478768809 
-3517.9430032975,7667.4864968298,-1454.1536461056 
3668.9470384198,-629.6414416856,-1446.7914288966 
3703.8238207540,-4092.9436439822,-1445.2590178941 
-3403.9225499692,-4136.0258314026,-1448.9334512245 
#ERRORs at Segment 2: 
,3703.8238207540,-4092.9436439822,-1445.2590178941 
 3668.9470384197,-629.6414416850,-1446.7914288967 
#Plane 6. 
2105.5903803040,7704.7347585401,-1451.2478768817 
3708.9811148013,-843.0662233309,-1446.6773092054 
2631.0281780808,7709.0875500545,-608.0433360965 
#ERRORs at Segment 0: 
,2105.5903803040,7704.7347585401,-1451.2478768817 
 3708.9811148013,-843.0662233309,-1446.6773092054 
#Plane 6. 
2105.5903803040,7704.7347585401,-1451.2478768817 
3708.9811148013,-843.0662233309,-1446.6773092054 
2631.0281780808,7709.0875500545,-608.0433360965 
#ERRORs at Segment 2: 
,2631.0281780784,7709.0875500547,-608.0433360943 
 3708.9811148006,-843.0662233242,-1446.6773092055 
#Plane 7. 
2631.0281780784,7709.0875500547,-608.0433360943 
3675.0091543832,-573.5429263649,-1420.2475466726 
3588.3048609129,7719.4900260048,3316.7127351983 
3808.6199788581,6127.2299827055,3240.8805696192 
3880.8988356808,-603.7114558146,-596.0136755069 
#ERRORs at Segment 0: 
,2631.0281780784,7709.0875500547,-608.0433360943 
 3675.0091543832,-573.5429263649,-1420.2475466726 
#Plane 7. 
2631.0281780784,7709.0875500547,-608.0433360943 
3675.0091543832,-573.5429263649,-1420.2475466726 
3588.3048609129,7719.4900260048,3316.7127351983 
3808.6199788581,6127.2299827055,3240.8805696192 
3880.8988356808,-603.7114558146,-596.0136755069 
#ERRORs at Segment 4: 
,3880.8988356809,-603.7114558144,-596.0136755108 
 3675.0091543872,-573.5429263670,-1420.2475466664 
#Plane 8. 
3588.3048608984,7719.4900260043,3316.7127351948 
3808.6199788581,6127.2299827055,3240.8805696192 
3579.5824986003,7721.4930202860,5307.6860088197 
3802.3921719747,6108.5024647988,5318.9977536509 
#ERRORs at Segment 2: 
,3579.5824985940,7721.4930202857,5307.6860088308 
 3802.3921719747,6108.5024647988,5318.9977536509 
#Plane 8. 
3588.3048608984,7719.4900260043,3316.7127351948 
3808.6199788581,6127.2299827055,3240.8805696192 
3579.5824986003,7721.4930202860,5307.6860088197 
3802.3921719747,6108.5024647988,5318.9977536509 
#ERRORs at Segment 3: 
,3808.6199788545,6127.2299827921,3240.8805696124 
 3802.3921719697,6108.5024648296,5318.9977536645 
#Plane 9. 
3579.5824985940,7721.4930202857,5307.6860088308 
3793.5041981881,6172.8453524193,5318.5465232806 
3360.8008196795,7720.9348189421,6168.3303713633 
3585.7944975773,6124.0821404124,6162.1744625971 
#ERRORs at Segment 0: 
,3579.5824985940,7721.4930202857,5307.6860088308 
 3793.5041981881,6172.8453524193,5318.5465232806 
#Plane 9. 
3579.5824985940,7721.4930202857,5307.6860088308 
3793.5041981881,6172.8453524193,5318.5465232806 
3360.8008196795,7720.9348189421,6168.3303713633 
3585.7944975773,6124.0821404124,6162.1744625971 
#ERRORs at Segment 3: 
,3585.7944975828,6124.0821404455,6162.1744625982 
 3793.5041981883,6172.8453524517,5318.5465232998 
#Plane 10. 
3585.7944975828,6124.0821404455,6162.1744625982 
3801.9027905731,6174.8170578647,5284.4350342072 
3687.8267023000,-4093.0406073240,6142.1500640901 
3894.0689372540,-4091.7905111391,5306.2988188092 
#ERRORs at Segment 0: 
,3585.7944975828,6124.0821404455,6162.1744625982 
 3801.9027905731,6174.8170578647,5284.4350342072 
#Plane 10. 
3585.7944975828,6124.0821404455,6162.1744625982 
3801.9027905731,6174.8170578647,5284.4350342072 
3687.8267023000,-4093.0406073240,6142.1500640901 
3894.0689372540,-4091.7905111391,5306.2988188092 
#ERRORs at Segment 3: 
,3894.0689372570,-4091.7905111395,5306.2988188109 
 3801.9027905683,6174.8170578972,5284.4350341820 
#Plane 11. 
3808.6199788576,6127.2299827932,3240.8805696244 
3880.8988356808,-603.7114558146,-596.0136755069 
3802.4953300324,6108.8126694501,5284.5755972605 
3894.0689372570,-4091.7905111395,5306.2988188109 
3912.2756498262,-4091.6801547830,-609.4980506131 
#ERRORs at Segment 1: 
,3808.6199788545,6127.2299827921,3240.8805696124 
 3802.4953300324,6108.8126694501,5284.5755972605 
#Plane 11. 
3808.6199788576,6127.2299827932,3240.8805696244 
3880.8988356808,-603.7114558146,-596.0136755069 
3802.4953300324,6108.8126694501,5284.5755972605 
3894.0689372570,-4091.7905111395,5306.2988188109 
3912.2756498262,-4091.6801547830,-609.4980506131 
#ERRORs at Segment 2: 
,3894.0689372570,-4091.7905111395,5306.2988188109 
 3802.4953300321,6108.8126694906,5284.5755972378 
#Plane 12. 
3703.8238207540,-4092.9436439822,-1445.2590178941 
3668.3723115847,-572.5704454430,-1446.8166811610 
3880.8988356809,-603.7114558144,-596.0136755108 
3912.2756498289,-4091.6801547831,-609.4980506126 
#ERRORs at Segment 0: 
,3703.8238207540,-4092.9436439822,-1445.2590178941 
 3668.3723115847,-572.5704454430,-1446.8166811610 
#Plane 12. 
3703.8238207540,-4092.9436439822,-1445.2590178941 
3668.3723115847,-572.5704454430,-1446.8166811610 
3880.8988356809,-603.7114558144,-596.0136755108 
3912.2756498289,-4091.6801547831,-609.4980506126 
#ERRORs at Segment 1: 
,3880.8988356809,-603.7114558144,-596.0136755108 
 3668.3723115872,-572.5704454433,-1446.8166811609 
