CHECKING DISTANT FROM POINTS TO AVERAGE PLANE TO REMOVE INCORRECT POINT. 

Distant of points(mm) belongs the plane 0 (56 points): 
11.22(716),  8.15(743),  7.10(719),  6.10(709),  6.07(736),  5.26(720),  4.90(699),  4.84(746),  4.84(715),  4.62(721),  4.59(727),  4.40(724),  4.35(728),  4.10(707),  3.86(747),  3.77(708),  3.71(735),  3.71(695),  3.27(726),  3.05(750),  3.00(742),  2.89(722),  2.83(701),  2.80(723),  2.68(714),  2.41(748),  2.40(698),  2.34(731),  2.19(733),  2.09(696),  2.02(749),  2.02(710),  1.93(732),  1.88(697),  1.59(740),  1.57(734),  1.44(725),  1.40(702),  1.27(717),  1.17(712),  1.16(703),  1.09(730),  0.87(705),  0.82(729),  0.79(741),  0.77(745),  0.66(738),  0.57(713),  0.52(737),  0.41(704),  0.37(700),  0.31(744),  0.11(711),  0.02(739),  0.02(718),  0.00(706), 
Distant of points(mm) belongs the plane 1 (25 points): 
11.70(288), 10.70(289),  9.50(281),  9.15(290),  9.02(283),  8.87(291),  7.92(280),  7.56(300),  6.38(302),  6.22(292),  5.62(303),  5.19(279),  4.63(287),  4.17(297),  4.12(301),  3.35(285),  3.35(284),  2.71(293),  2.54(304),  2.35(298),  1.48(299),  1.32(295),  0.38(296),  0.38(294),  0.05(286), 
Distant of points(mm) belongs the plane 2 (54 points): 
 6.61(693),  5.86(694),  5.48(665),  5.35(641),  5.13(669),  5.01(668),  4.85(676),  4.62(692),  4.52(664),  4.14(686),  3.97(642),  3.74(688),  3.70(643),  3.49(675),  3.40(683),  3.34(663),  3.24(691),  3.21(646),  3.13(670),  3.09(662),  2.88(681),  2.78(654),  2.51(680),  2.47(645),  2.38(667),  2.26(687),  2.21(672),  2.13(682),  2.09(649),  2.03(673),  1.99(671),  1.87(678),  1.84(653),  1.72(685),  1.69(644),  1.64(689),  1.58(656),  1.55(661),  1.41(677),  1.31(657),  1.18(666),  1.16(684),  1.13(648),  0.99(690),  0.98(655),  0.76(652),  0.75(650),  0.72(660),  0.55(679),  0.50(674),  0.48(651),  0.26(647),  0.24(658),  0.23(659), 
Distant of points(mm) belongs the plane 6 (18 points): 
11.82(121),  9.86(127),  9.82(132),  8.62(124),  8.07(119),  8.01(136),  7.80(120),  6.95(126),  6.82(123),  6.38(131),  6.23(128),  5.85(134),  5.72(130),  5.62(133),  5.51(135),  5.33(129),  5.00(122),  0.05(125), 
Distant of points(mm) belongs the plane 7 (36 points): 
18.19(137), 18.05(169), 15.28(172), 14.84(152), 14.24(164), 14.19(139), 13.97(151), 13.79(142), 13.06(141), 12.33(138), 12.25(140), 11.58(171), 11.56(153), 11.43(156), 11.38(157), 11.08(155), 10.86(170), 10.57(150), 10.56(163), 10.24(162), 10.12(143),  9.61(146),  9.28(158),  9.15(154),  9.02(161),  8.80(168),  8.33(166),  6.69(147),  6.61(148),  5.83(167),  5.37(159),  4.52(165),  1.75(160),  1.57(149),  1.01(144),  0.76(145), 
Distant of points(mm) belongs the plane 8 (7 points): 
 4.06(185),  3.60(189),  3.24(188),  2.56(184),  0.95(186),  0.69(183),  0.50(187), 
Distant of points(mm) belongs the plane 9 (5 points): 
 1.55(252),  1.28(250),  0.75(253),  0.50(254),  0.02(251), 
Distant of points(mm) belongs the plane 10 (24 points): 
11.59(255),  7.42(259),  7.20(260),  6.95(256),  6.93(269),  6.30(262),  6.21(261),  5.37(270),  4.44(276),  3.17(267),  2.96(271),  2.68(266),  2.43(265),  2.27(263),  2.23(268),  2.22(257),  2.05(272),  1.39(273),  1.30(264),  0.81(274),  0.73(258),  0.48(277),  0.35(278),  0.08(275), 
Distant of points(mm) belongs the plane 11 (59 points): 
19.26(190), 17.78(194), 17.65(193), 14.25(191), 13.28(195), 10.18(202),  9.75(209),  9.75(201),  9.16(192),  9.00(221),  8.96(234),  6.84(239),  6.72(206),  6.52(200),  6.49(212),  6.39(222),  6.14(210),  6.01(219),  5.76(233),  5.55(241),  4.92(205),  4.81(216),  4.74(207),  4.71(197),  4.51(228),  4.44(235),  4.18(246),  4.10(249),  3.85(217),  3.51(220),  3.51(248),  3.33(224),  3.24(227),  3.18(204),  3.04(242),  2.95(245),  2.91(247),  2.76(218),  2.56(238),  2.34(240),  2.07(243),  2.04(211),  1.94(208),  1.76(232),  1.51(214),  1.49(198),  1.43(203),  1.29(229),  0.83(244),  0.77(226),  0.77(236),  0.72(223),  0.71(231),  0.48(225),  0.47(230),  0.28(199),  0.27(196),  0.25(213),  0.01(237), 
Distant of points(mm) belongs the plane 12 (10 points): 
 3.05(180),  2.97(176),  1.74(175),  1.66(178),  1.61(174),  1.46(182),  1.31(179),  0.84(173),  0.48(177),  0.44(181), 
Distant of points(mm) belongs the plane 13 (30 points): 
 5.26(334),  5.24(329),  4.73(314),  3.72(322),  3.24(311),  3.14(313),  2.87(324),  2.50(317),  2.35(328),  2.17(309),  2.17(332),  2.17(327),  2.04(315),  1.92(321),  1.68(316),  1.61(308),  1.52(326),  1.47(310),  1.40(319),  1.21(307),  1.20(333),  0.97(330),  0.82(305),  0.80(325),  0.73(331),  0.72(306),  0.50(323),  0.46(318),  0.30(312),  0.23(320), 
