   Point ID     ,  Hz.(º ' "),  V.(º ' "),Slope Dist.(m),Refl.Ht.(m),Inst.Ht.(m),Easting(m),  Northing(m),  Height(m)
ADG             ,  359 59 59 ,   89 57 07,          0,      0.000,      0.000,            0,            0,          0
2               ,  359 57 50 ,   89 59 02,      7.586,      0.000,      0.000,       -0.005,        7.586,      0.002
3               ,   17 09 43 ,  138 44 35,      1.936,      0.000,      0.000,        0.377,        1.220,     -1.456
4               ,   15 50 56 ,    9 54 48,      7.728,      0.000,      0.000,        0.363,        1.280,      7.613
5               ,   25 35 15 ,   99 24 57,      8.024,      0.000,      0.000,        3.419,        7.139,     -1.313
6               ,   25 35 15 ,   95 17 01,      7.945,      0.000,      0.000,        3.417,        7.135,     -0.732
7               ,   25 09 25 ,   87 24 44,      7.892,      0.000,      0.000,        3.351,        7.136,      0.356
8               ,   25 09 31 ,   79 02 27,      8.033,      0.000,      0.000,        3.353,        7.138,      1.527
9               ,   25 09 22 ,   70 54 49,      8.349,      0.000,      0.000,        3.354,        7.142,      2.730
10              ,   24 26 49 ,   66 45 13,      8.538,      0.000,      0.000,        3.247,        7.141,      3.370
11              ,   24 26 58 ,   60 01 26,      9.058,      0.000,      0.000,        3.248,        7.143,      4.526
12              ,   24 26 57 ,   53 37 04,      9.742,      0.000,      0.000,        3.246,        7.140,      5.779
13              ,   24 26 57 ,   49 10 18,     10.368,      0.000,      0.000,        3.247,        7.141,      6.778
14              ,   24 26 58 ,   46 34 57,     10.803,      0.000,      0.000,        3.248,        7.143,      7.425
15              ,   11 36 14 ,   44 23 41,     10.430,      0.000,      0.000,        1.468,        7.147,      7.452
16              ,   11 55 22 ,   48 18 01,      9.785,      0.000,      0.000,        1.509,        7.148,      6.509
17              ,   11 55 22 ,   51 53 29,      9.287,      0.000,      0.000,        1.510,        7.150,      5.732
18              ,   11 55 22 ,   56 06 29,      8.801,      0.000,      0.000,        1.509,        7.148,      4.907
19              ,   11 55 21 ,   62 41 17,      8.220,      0.000,      0.000,        1.509,        7.146,      3.772
20              ,   11 55 16 ,   69 04 39,      7.818,      0.000,      0.000,        1.509,        7.145,      2.792
21              ,   11 55 17 ,   75 34 08,      7.538,      0.000,      0.000,        1.508,        7.143,      1.879
22              ,   12 12 00 ,   82 20 14,      7.374,      0.000,      0.000,        1.544,        7.143,      0.983
23              ,   11 33 52 ,   88 32 38,      7.293,      0.000,      0.000,        1.461,        7.142,      0.185
24              ,    9 34 59 ,   92 32 06,      7.247,      0.000,      0.000,        1.205,        7.139,     -0.321
25              ,    9 34 59 ,   85 52 02,      7.264,      0.000,      0.000,        1.206,        7.144,      0.523
26              ,    9 34 58 ,   78 16 27,      7.400,      0.000,      0.000,        1.206,        7.144,      1.504
27              ,    9 34 59 ,   73 09 41,      7.571,      0.000,      0.000,        1.206,        7.145,      2.193
28              ,    9 35 06 ,   67 28 47,      7.846,      0.000,      0.000,        1.207,        7.146,      3.005
29              ,    9 35 06 ,   62 16 23,      8.186,      0.000,      0.000,        1.207,        7.145,      3.809
30              ,    9 35 06 ,   57 05 34,      8.632,      0.000,      0.000,        1.207,        7.146,      4.689
31              ,    9 35 05 ,   50 57 04,      9.333,      0.000,      0.000,        1.207,        7.147,      5.879
32              ,    9 35 04 ,   45 53 44,     10.088,      0.000,      0.000,        1.206,        7.143,      7.021
33              ,  357 39 41 ,   43 57 27,     10.320,      0.000,      0.000,       -0.292,        7.157,      7.429
34              ,  357 39 39 ,   48 37 45,      9.539,      0.000,      0.000,       -0.292,        7.153,      6.305
35              ,  357 39 41 ,   55 28 19,      8.683,      0.000,      0.000,       -0.292,        7.147,      4.921
36              ,  357 39 38 ,   65 03 14,      7.885,      0.000,      0.000,       -0.292,        7.144,      3.326
37              ,  357 39 39 ,   75 20 35,      7.392,      0.000,      0.000,       -0.292,        7.145,      1.870
38              ,  357 39 40 ,   83 08 32,      7.205,      0.000,      0.000,       -0.292,        7.148,      0.860
39              ,  357 39 40 ,   91 34 04,      7.156,      0.000,      0.000,       -0.292,        7.147,     -0.196
40              ,  357 39 41 ,   98 59 11,      7.245,      0.000,      0.000,       -0.292,        7.150,     -1.132
41              ,  354 10 36 ,   98 58 53,      7.269,      0.000,      0.000,       -0.729,        7.143,     -1.135
42              ,  354 10 38 ,   90 52 09,      7.181,      0.000,      0.000,       -0.728,        7.143,     -0.109
43              ,  354 10 38 ,   81 51 18,      7.255,      0.000,      0.000,       -0.729,        7.144,      1.028
44              ,  354 10 47 ,   72 29 48,      7.529,      0.000,      0.000,       -0.728,        7.144,      2.265
45              ,  354 10 55 ,   64 13 10,      7.972,      0.000,      0.000,       -0.728,        7.142,      3.467
46              ,  354 10 59 ,   56 53 39,      8.574,      0.000,      0.000,       -0.728,        7.145,      4.683
47              ,  354 10 58 ,   49 33 34,      9.454,      0.000,      0.000,       -0.729,        7.158,      6.132
48              ,  354 10 55 ,   44 44 42,     10.231,      0.000,      0.000,       -0.730,        7.165,      7.266
49              ,  343 02 26 ,   53 53 31,      9.225,      0.000,      0.000,       -2.174,        7.129,      5.436
50              ,  343 02 26 ,   60 59 36,      8.534,      0.000,      0.000,       -2.177,        7.139,      4.138
51              ,  343 02 27 ,   67 45 27,      8.065,      0.000,      0.000,       -2.177,        7.140,      3.053
52              ,  343 02 32 ,   76 36 54,      7.674,      0.000,      0.000,       -2.177,        7.141,      1.776
53              ,  343 02 33 ,   82 36 16,      7.529,      0.000,      0.000,       -2.178,        7.142,      0.969
54              ,  339 29 11 ,   86 57 55,      7.619,      0.000,      0.000,       -2.666,        7.126,      0.403
55              ,  339 29 11 ,   78 11 10,      7.774,      0.000,      0.000,       -2.667,        7.127,      1.592
56              ,  339 44 34 ,   71 53 39,      7.997,      0.000,      0.000,       -2.632,        7.131,      2.485
57              ,  339 44 37 ,   67 09 55,      8.248,      0.000,      0.000,       -2.632,        7.131,      3.201
58              ,  339 44 38 ,   60 42 55,      8.720,      0.000,      0.000,       -2.633,        7.135,      4.265
59              ,  339 44 39 ,   54 16 00,      9.359,      0.000,      0.000,       -2.630,        7.128,      5.466
60              ,  338 16 22 ,   72 43 55,      8.831,      0.000,      0.000,       -3.122,        7.834,      2.621
61              ,  338 16 23 ,   68 16 40,      9.080,      0.000,      0.000,       -3.123,        7.836,      3.361
62              ,  338 16 27 ,   61 41 43,      9.585,      0.000,      0.000,       -3.124,        7.840,      4.545
63              ,  338 16 26 ,   55 40 24,     10.219,      0.000,      0.000,       -3.124,        7.840,      5.763
64              ,  337 14 10 ,   58 37 30,      9.954,      0.000,      0.000,       -3.288,        7.837,      5.183
65              ,  337 14 10 ,   62 25 30,      9.584,      0.000,      0.000,       -3.287,        7.833,      4.436
66              ,  337 14 11 ,   67 54 58,      9.164,      0.000,      0.000,       -3.286,        7.830,      3.445
67              ,  348 12 45 ,   98 56 02,      8.125,      0.000,      0.000,       -1.640,        7.858,     -1.262
68              ,  348 12 45 ,   92 19 41,      8.034,      0.000,      0.000,       -1.640,        7.858,     -0.326
69              ,  348 12 42 ,   83 47 21,      8.073,      0.000,      0.000,       -1.640,        7.857,      0.873
70              ,  348 12 44 ,   76 33 58,      8.253,      0.000,      0.000,       -1.640,        7.858,      1.917
71              ,  348 12 46 ,   69 56 38,      8.547,      0.000,      0.000,       -1.640,        7.860,      2.931
72              ,  348 12 45 ,   64 41 22,      8.881,      0.000,      0.000,       -1.640,        7.860,      3.797
73              ,  348 12 45 ,   59 10 54,      9.342,      0.000,      0.000,       -1.639,        7.853,      4.786
74              ,  351 12 22 ,   47 19 35,     10.826,      0.000,      0.000,       -1.217,        7.866,      7.338
75              ,  351 12 20 ,   52 06 26,     10.079,      0.000,      0.000,       -1.216,        7.861,      6.190
76              ,  351 12 20 ,   60 44 15,      9.118,      0.000,      0.000,       -1.216,        7.861,      4.457
77              ,  350 50 59 ,   67 51 14,      8.596,      0.000,      0.000,       -1.266,        7.860,      3.240
78              ,  350 50 57 ,   74 53 46,      8.245,      0.000,      0.000,       -1.266,        7.859,      2.148
79              ,  350 50 57 ,   83 17 14,      8.014,      0.000,      0.000,       -1.266,        7.858,      0.937
80              ,  350 50 57 ,   88 53 39,      7.961,      0.000,      0.000,       -1.266,        7.858,      0.154
81              ,  350 50 58 ,   98 51 35,      8.055,      0.000,      0.000,       -1.266,        7.857,     -1.241
82              ,    1 11 35 ,   89 30 47,      7.862,      0.000,      0.000,        0.164,        7.860,      0.067
83              ,    1 23 19 ,   82 36 55,      7.926,      0.000,      0.000,        0.191,        7.858,      1.019
84              ,    1 23 22 ,   73 53 55,      8.180,      0.000,      0.000,        0.191,        7.857,      2.269
85              ,    1 28 17 ,   67 11 29,      8.528,      0.000,      0.000,        0.202,        7.858,      3.306
86              ,    1 28 14 ,   60 10 01,      9.056,      0.000,      0.000,        0.202,        7.853,      4.505
87              ,    1 28 15 ,   54 52 12,      9.611,      0.000,      0.000,        0.202,        7.858,      5.530
88              ,    1 42 04 ,   49 10 52,     10.389,      0.000,      0.000,        0.233,        7.859,      6.791
89              ,    1 42 07 ,   46 48 45,     10.784,      0.000,      0.000,        0.234,        7.860,      7.381
90              ,    4 56 49 ,   46 48 44,     10.813,      0.000,      0.000,        0.680,        7.854,      7.400
91              ,    4 56 46 ,   53 44 01,      9.780,      0.000,      0.000,        0.680,        7.856,      5.785
92              ,    5 06 44 ,   61 59 39,      8.934,      0.000,      0.000,        0.703,        7.856,      4.195
93              ,    5 06 46 ,   70 53 33,      8.349,      0.000,      0.000,        0.703,        7.857,      2.733
94              ,    5 06 49 ,   81 59 51,      7.966,      0.000,      0.000,        0.703,        7.857,      1.109
95              ,    4 50 43 ,   89 33 54,      7.886,      0.000,      0.000,        0.666,        7.858,      0.060
96              ,   14 54 06 ,   83 39 13,      8.176,      0.000,      0.000,        2.090,        7.853,      0.904
97              ,   14 54 07 ,   76 46 37,      8.349,      0.000,      0.000,        2.090,        7.855,      1.910
98              ,   14 54 07 ,   67 42 46,      8.787,      0.000,      0.000,        2.091,        7.858,      3.333
99              ,   14 54 05 ,   60 11 10,      9.371,      0.000,      0.000,        2.091,        7.858,      4.659
100             ,   14 54 08 ,   54 18 44,     10.012,      0.000,      0.000,        2.091,        7.858,      5.841
101             ,   18 12 45 ,   47 50 40,     11.148,      0.000,      0.000,        2.583,        7.850,      7.482
102             ,   18 12 45 ,   53 57 29,     10.224,      0.000,      0.000,        2.584,        7.853,      6.016
103             ,   18 12 44 ,   60 34 21,      9.492,      0.000,      0.000,        2.584,        7.853,      4.664
104             ,   18 12 45 ,   70 11 26,      8.788,      0.000,      0.000,        2.584,        7.853,      2.978
105             ,   18 22 24 ,   77 43 04,      8.469,      0.000,      0.000,        2.608,        7.854,      1.802
106             ,   18 27 38 ,   86 51 56,      8.291,      0.000,      0.000,        2.622,        7.853,      0.453
107             ,   18 38 12 ,   95 47 06,      8.333,      0.000,      0.000,        2.649,        7.856,     -0.840
108             ,  340 37 29 ,   96 13 52,      7.436,      0.000,      0.000,       -2.452,        6.973,     -0.807
109             ,  342 06 15 ,   98 17 49,      7.460,      0.000,      0.000,       -2.268,        7.025,     -1.077
110             ,  342 06 15 ,  100 08 58,      7.235,      0.000,      0.000,       -2.189,        6.778,     -1.275
111             ,  333 57 46 ,   98 28 17,      6.156,      0.000,      0.000,       -2.673,        5.471,     -0.907
112             ,  335 23 42 ,  101 35 38,      6.084,      0.000,      0.000,       -2.481,        5.419,     -1.223
113             ,  326 56 59 ,  101 20 08,      5.233,      0.000,      0.000,       -2.798,        4.301,     -1.029
114             ,  327 51 19 ,  104 05 31,      5.166,      0.000,      0.000,       -2.666,        4.243,     -1.258
115             ,  317 55 04 ,  104 04 56,      4.513,      0.000,      0.000,       -2.934,        3.249,     -1.098
116             ,  317 55 06 ,  106 52 45,      4.420,      0.000,      0.000,       -2.835,        3.139,     -1.283
117             ,  310 45 50 ,  106 03 51,      4.145,      0.000,      0.000,       -3.017,        2.601,     -1.147
118             ,  310 45 53 ,  108 32 26,      4.082,      0.000,      0.000,       -2.931,        2.527,     -1.298
119             ,  298 25 49 ,  109 21 10,      3.743,      0.000,      0.000,       -3.106,        1.682,     -1.241
120             ,  295 15 51 ,  112 52 44,      3.647,      0.000,      0.000,       -3.039,        1.434,     -1.418
121             ,  287 11 11 ,  111 09 28,      3.581,      0.000,      0.000,       -3.190,        0.987,     -1.292
122             ,  339 24 25 ,   94 10 58,      7.371,      0.000,      0.000,       -2.586,        6.881,     -0.538
123             ,  337 43 03 ,   87 41 02,      7.404,      0.000,      0.000,       -2.805,        6.846,      0.299
124             ,  338 03 00 ,   83 13 33,      7.812,      0.000,      0.000,       -2.900,        7.195,      0.921
125             ,  337 14 48 ,   76 03 54,      8.345,      0.000,      0.000,       -3.133,        7.469,      2.010
126             ,  336 50 10 ,   73 20 07,      8.568,      0.000,      0.000,       -3.229,        7.546,      2.457
127             ,  336 00 12 ,   68 39 07,      9.000,      0.000,      0.000,       -3.409,        7.658,      3.276
128             ,  328 33 27 ,   65 51 39,      7.603,      0.000,      0.000,       -3.619,        5.919,      3.109
129             ,  328 33 30 ,   70 40 48,      7.103,      0.000,      0.000,       -3.496,        5.719,      2.350
130             ,  330 52 49 ,   73 56 41,      7.175,      0.000,      0.000,       -3.355,        6.024,      1.984
131             ,  332 40 14 ,   82 15 44,      6.806,      0.000,      0.000,       -3.096,        5.991,      0.916
132             ,  332 58 57 ,   85 03 03,      6.678,      0.000,      0.000,       -3.022,        5.927,      0.576
133             ,  334 43 40 ,   95 53 22,      6.426,      0.000,      0.000,       -2.729,        5.780,     -0.659
134             ,  327 50 56 ,   98 47 56,      5.413,      0.000,      0.000,       -2.847,        4.529,     -0.828
135             ,  325 06 41 ,   92 16 19,      5.294,      0.000,      0.000,       -3.026,        4.339,     -0.210
136             ,  323 14 24 ,   85 56 29,      5.331,      0.000,      0.000,       -3.182,        4.260,      0.377
137             ,  323 14 23 ,   80 47 26,      5.575,      0.000,      0.000,       -3.294,        4.409,      0.892
138             ,  321 49 51 ,   76 00 51,      5.709,      0.000,      0.000,       -3.424,        4.356,      1.380
139             ,  320 19 25 ,   68 14 47,      6.139,      0.000,      0.000,       -3.640,        4.388,      2.275
140             ,  311 00 11 ,   72 00 05,      5.062,      0.000,      0.000,       -3.633,        3.159,      1.564
141             ,  311 00 19 ,   77 35 39,      4.770,      0.000,      0.000,       -3.516,        3.057,      1.025
142             ,  313 17 26 ,   82 33 02,      4.703,      0.000,      0.000,       -3.394,        3.198,      0.610
143             ,  314 39 53 ,   87 22 02,      4.628,      0.000,      0.000,       -3.288,        3.250,      0.213
144             ,  315 39 17 ,   94 26 20,      4.520,      0.000,      0.000,       -3.150,        3.223,     -0.350
145             ,  316 45 45 ,  101 08 42,      4.491,      0.000,      0.000,       -3.018,        3.210,     -0.868
146             ,  300 31 44 ,  105 26 37,      3.799,      0.000,      0.000,       -3.154,        1.860,     -1.012
147             ,  296 52 40 ,   94 05 55,      3.780,      0.000,      0.000,       -3.363,        1.704,     -0.270
148             ,  288 41 41 ,   83 06 39,      3.838,      0.000,      0.000,       -3.609,        1.221,      0.460
149             ,  273 13 26 ,   91 23 58,      3.617,      0.000,      0.000,       -3.610,        0.203,     -0.088
150             ,  277 53 28 ,   99 57 24,      3.536,      0.000,      0.000,       -3.450,        0.478,     -0.611
151             ,  282 08 24 ,  108 53 32,      3.548,      0.000,      0.000,       -3.282,        0.706,     -1.149
152             ,  256 41 08 ,  110 39 11,      3.781,      0.000,      0.000,       -3.443,       -0.815,     -1.334
153             ,  255 38 30 ,  105 49 45,      3.791,      0.000,      0.000,       -3.533,       -0.904,     -1.034
154             ,  335 21 39 ,   78 02 02,      7.673,      0.000,      0.000,       -3.130,        6.823,      1.591
155             ,  335 21 50 ,   89 38 15,      6.826,      0.000,      0.000,       -2.845,        6.204,      0.043
156             ,  327 12 03 ,   77 07 25,      6.306,      0.000,      0.000,       -3.330,        5.167,      1.405
157             ,  328 54 39 ,   91 28 11,      5.746,      0.000,      0.000,       -2.966,        4.919,     -0.147
158             ,  312 14 16 ,   79 03 15,      4.779,      0.000,      0.000,       -3.474,        3.154,      0.907
159             ,  312 14 23 ,   93 50 40,      4.338,      0.000,      0.000,       -3.204,        2.909,     -0.291
160             ,  297 20 17 ,   93 25 42,      3.800,      0.000,      0.000,       -3.369,        1.742,     -0.227
161             ,  251 54 19 ,  101 46 42,      3.893,      0.000,      0.000,       -3.623,       -1.184,     -0.795
162             ,  251 54 00 ,  109 50 20,      3.896,      0.000,      0.000,       -3.483,       -1.139,     -1.322
163             ,  244 14 57 ,  100 46 19,      4.101,      0.000,      0.000,       -3.628,       -1.750,     -0.766
164             ,  243 36 06 ,  108 36 49,      4.109,      0.000,      0.000,       -3.488,       -1.731,     -1.311
165             ,  237 54 58 ,   99 50 13,      4.352,      0.000,      0.000,       -3.633,       -2.278,     -0.743
166             ,  236 40 22 ,  107 29 02,      4.375,      0.000,      0.000,       -3.487,       -2.293,     -1.314
167             ,  232 15 07 ,   99 41 42,      4.646,      0.000,      0.000,       -3.621,       -2.804,     -0.782
168             ,  230 51 09 ,  106 29 33,      4.681,      0.000,      0.000,       -3.481,       -2.834,     -1.329
169             ,  223 21 05 ,   98 54 23,      5.321,      0.000,      0.000,       -3.609,       -3.823,     -0.824
170             ,  221 48 12 ,  104 55 28,      5.371,      0.000,      0.000,       -3.459,       -3.869,     -1.383
171             ,  226 11 04 ,  102 01 21,      5.030,      0.000,      0.000,       -3.550,       -3.406,     -1.048
172             ,  234 43 31 ,  104 01 26,      4.475,      0.000,      0.000,       -3.544,       -2.507,     -1.084
173             ,  246 22 39 ,  106 06 11,      4.020,      0.000,      0.000,       -3.539,       -1.548,     -1.115
174             ,  336 08 53 ,   58 28 14,      9.909,      0.000,      0.000,       -3.415,        7.725,      5.182
175             ,  336 08 53 ,   60 48 29,      9.688,      0.000,      0.000,       -3.420,        7.735,      4.725
176             ,  333 17 34 ,   57 41 47,      9.246,      0.000,      0.000,       -3.512,        6.981,      4.941
177             ,  328 30 41 ,   63 40 08,      7.787,      0.000,      0.000,       -3.646,        5.952,      3.454
178             ,  327 01 13 ,   52 33 16,      8.465,      0.000,      0.000,       -3.658,        5.638,      5.147
179             ,  320 29 00 ,   48 08 30,      7.712,      0.000,      0.000,       -3.655,        4.431,      5.146
180             ,  320 29 22 ,   49 52 23,      7.524,      0.000,      0.000,       -3.660,        4.438,      4.849
181             ,  326 47 04 ,   53 51 25,      8.277,      0.000,      0.000,       -3.661,        5.592,      4.882
182             ,  313 26 06 ,   44 26 22,      7.179,      0.000,      0.000,       -3.650,        3.456,      5.125
183             ,  306 10 02 ,   41 15 01,      6.840,      0.000,      0.000,       -3.641,        2.662,      5.143
184             ,  298 11 43 ,   38 47 48,      6.603,      0.000,      0.000,       -3.646,        1.955,      5.146
185             ,  290 16 33 ,   37 10 49,      6.413,      0.000,      0.000,       -3.636,        1.343,      5.110
186             ,  274 49 43 ,   35 25 07,      6.297,      0.000,      0.000,       -3.636,        0.307,      5.132
187             ,  261 19 58 ,   35 31 54,      6.327,      0.000,      0.000,       -3.635,       -0.554,      5.149
188             ,  240 45 27 ,   39 02 57,      6.617,      0.000,      0.000,       -3.638,       -2.036,      5.139
189             ,  223 38 10 ,   46 46 12,      7.224,      0.000,      0.000,       -3.632,       -3.810,      4.948
190             ,  320 02 47 ,   50 05 37,      7.430,      0.000,      0.000,       -3.660,        4.369,      4.767
191             ,  313 01 15 ,   46 15 40,      6.914,      0.000,      0.000,       -3.652,        3.408,      4.780
192             ,  298 35 50 ,   41 03 53,      6.321,      0.000,      0.000,       -3.646,        1.988,      4.766
193             ,  289 15 26 ,   38 55 51,      6.132,      0.000,      0.000,       -3.638,        1.271,      4.770
194             ,  271 49 27 ,   37 22 38,      5.995,      0.000,      0.000,       -3.638,        0.116,      4.764
195             ,  237 15 27 ,   42 16 57,      6.437,      0.000,      0.000,       -3.642,       -2.342,      4.762
196             ,  327 08 11 ,   64 17 52,      7.495,      0.000,      0.000,       -3.665,        5.673,      3.251
197             ,  319 12 43 ,   60 32 54,      6.457,      0.000,      0.000,       -3.673,        4.257,      3.175
198             ,  307 34 08 ,   55 38 16,      5.592,      0.000,      0.000,       -3.659,        2.814,      3.156
199             ,  299 01 39 ,   53 30 00,      5.192,      0.000,      0.000,       -3.650,        2.025,      3.088
200             ,  286 26 57 ,   50 50 47,      4.906,      0.000,      0.000,       -3.649,        1.077,      3.098
201             ,  278 38 29 ,   50 02 49,      4.815,      0.000,      0.000,       -3.649,        0.555,      3.092
202             ,  268 00 27 ,   48 42 42,      4.863,      0.000,      0.000,       -3.652,       -0.127,      3.209
203             ,  265 24 47 ,   48 42 33,      4.875,      0.000,      0.000,       -3.651,       -0.293,      3.217
204             ,  235 12 06 ,   52 53 48,      5.570,      0.000,      0.000,       -3.648,       -2.535,      3.360
205             ,  314 32 55 ,   67 18 32,      5.586,      0.000,      0.000,       -3.672,        3.615,      2.155
206             ,  304 59 38 ,   65 04 57,      4.932,      0.000,      0.000,       -3.664,        2.565,      2.078
207             ,  292 40 13 ,   62 11 55,      4.471,      0.000,      0.000,       -3.649,        1.524,      2.085
208             ,  280 17 42 ,   60 58 06,      4.246,      0.000,      0.000,       -3.653,        0.664,      2.061
209             ,  264 57 21 ,   60 58 00,      4.196,      0.000,      0.000,       -3.655,       -0.323,      2.036
210             ,  245 37 16 ,   62 12 40,      4.532,      0.000,      0.000,       -3.652,       -1.655,      2.113
211             ,  223 47 36 ,   68 39 02,      5.654,      0.000,      0.000,       -3.644,       -3.801,      2.058
212             ,  291 30 51 ,   76 55 19,      4.034,      0.000,      0.000,       -3.656,        1.441,      0.913
213             ,  273 57 50 ,   76 50 11,      3.760,      0.000,      0.000,       -3.652,        0.253,      0.856
214             ,  259 55 45 ,   76 52 43,      3.810,      0.000,      0.000,       -3.654,       -0.649,      0.865
215             ,  233 40 39 ,   78 15 10,      4.626,      0.000,      0.000,       -3.649,       -2.683,      0.942
216             ,  223 22 13 ,   79 42 37,      5.394,      0.000,      0.000,       -3.645,       -3.858,      0.964
217             ,  270 38 37 ,   88 29 24,      3.646,      0.000,      0.000,       -3.645,        0.041,      0.096
218             ,  242 05 15 ,   88 25 02,      4.133,      0.000,      0.000,       -3.651,       -1.934,      0.114
219             ,  224 00 17 ,   87 42 59,      5.255,      0.000,      0.000,       -3.648,       -3.777,      0.209
220             ,  249 14 26 ,   98 18 28,      3.949,      0.000,      0.000,       -3.653,       -1.385,     -0.571
221             ,  236 35 01 ,   97 12 27,      4.409,      0.000,      0.000,       -3.651,       -2.409,     -0.553
222             ,  224 50 06 ,   96 08 08,      5.203,      0.000,      0.000,       -3.648,       -3.669,     -0.556
223             ,  336 06 24 ,   57 10 13,      9.990,      0.000,      0.000,       -3.400,        7.675,      5.416
224             ,  337 03 58 ,   55 00 59,     10.274,      0.000,      0.000,       -3.280,        7.752,      5.890
225             ,  334 45 06 ,   56 10 43,      9.723,      0.000,      0.000,       -3.445,        7.306,      5.412
226             ,  331 15 31 ,   50 17 17,      9.332,      0.000,      0.000,       -3.452,        6.295,      5.963
227             ,  330 08 44 ,   52 53 21,      9.016,      0.000,      0.000,       -3.579,        6.236,      5.440
228             ,  324 03 38 ,   45 00 08,      8.418,      0.000,      0.000,       -3.494,        4.820,      5.952
229             ,  321 46 38 ,   47 04 45,      7.992,      0.000,      0.000,       -3.621,        4.598,      5.443
230             ,  325 20 37 ,   47 45 47,      8.465,      0.000,      0.000,       -3.564,        5.155,      5.690
231             ,  320 26 03 ,   42 07 50,      8.131,      0.000,      0.000,       -3.474,        4.205,      6.030
232             ,  319 24 04 ,   45 27 04,      7.792,      0.000,      0.000,       -3.614,        4.216,      5.466
233             ,  311 19 03 ,   40 29 10,      7.340,      0.000,      0.000,       -3.579,        3.147,      5.583
234             ,  302 08 05 ,   34 22 47,      7.268,      0.000,      0.000,       -3.475,        2.183,      5.999
235             ,  298 50 30 ,   37 21 04,      6.806,      0.000,      0.000,       -3.617,        1.992,      5.410
236             ,  292 29 42 ,   32 01 52,      7.092,      0.000,      0.000,       -3.475,        1.439,      6.012
237             ,  291 37 51 ,   35 40 38,      6.665,      0.000,      0.000,       -3.613,        1.433,      5.414
238             ,  274 26 20 ,   32 21 36,      6.663,      0.000,      0.000,       -3.556,        0.276,      5.628
239             ,  244 40 31 ,   32 22 56,      7.141,      0.000,      0.000,       -3.457,       -1.636,      6.031
240             ,  243 45 18 ,   36 24 00,      6.768,      0.000,      0.000,       -3.602,       -1.776,      5.448
241             ,  253 42 34 ,   33 30 00,      6.727,      0.000,      0.000,       -3.564,       -1.041,      5.609
242             ,  237 04 44 ,   34 47 09,      7.250,      0.000,      0.000,       -3.472,       -2.248,      5.955
243             ,  239 01 49 ,   37 51 41,      6.857,      0.000,      0.000,       -3.609,       -2.166,      5.414
244             ,  230 12 31 ,   39 32 45,      7.277,      0.000,      0.000,       -3.560,       -2.965,      5.612
245             ,  221 40 45 ,   41 32 10,      7.909,      0.000,      0.000,       -3.487,       -3.917,      5.920
246             ,  222 07 52 ,   43 14 06,      7.736,      0.000,      0.000,       -3.555,       -3.930,      5.636
247             ,  342 02 20 ,   46 56 47,      9.065,      0.000,      0.000,       -2.043,        6.301,      6.188
248             ,  337 42 53 ,   47 47 20,      9.193,      0.000,      0.000,       -2.582,        6.300,      6.176
249             ,  332 30 24 ,   48 56 51,      9.363,      0.000,      0.000,       -3.259,        6.263,      6.149
250             ,  332 30 46 ,   45 38 25,      8.816,      0.000,      0.000,       -2.909,        5.591,      6.163
251             ,  335 00 58 ,   41 11 52,      8.223,      0.000,      0.000,       -2.288,        4.909,      6.187
252             ,  325 34 25 ,   43 57 29,      8.553,      0.000,      0.000,       -3.356,        4.897,      6.157
253             ,  334 30 43 ,   37 18 51,      7.782,      0.000,      0.000,       -2.030,        4.258,      6.189
254             ,  329 32 01 ,   38 22 08,      7.884,      0.000,      0.000,       -2.481,        4.218,      6.181
255             ,  321 44 51 ,   40 44 10,      8.129,      0.000,      0.000,       -3.284,        4.166,      6.159
256             ,  319 53 30 ,   35 53 34,      7.617,      0.000,      0.000,       -2.877,        3.415,      6.170
257             ,  319 53 28 ,   29 56 50,      7.130,      0.000,      0.000,       -2.293,        2.722,      6.178
258             ,  309 17 40 ,   34 50 35,      7.504,      0.000,      0.000,       -3.318,        2.715,      6.158
259             ,  316 07 23 ,   25 27 14,      6.848,      0.000,      0.000,       -2.040,        2.122,      6.183
260             ,  303 10 18 ,   33 01 46,      7.342,      0.000,      0.000,       -3.350,        2.190,      6.155
261             ,  303 10 22 ,   21 18 33,      6.632,      0.000,      0.000,       -2.017,        1.319,      6.179
262             ,  293 54 19 ,   30 34 38,      7.147,      0.000,      0.000,       -3.324,        1.473,      6.153
263             ,  276 59 29 ,   27 32 27,      6.935,      0.000,      0.000,       -3.183,        0.390,      6.149
264             ,  279 35 35 ,   20 48 49,      6.595,      0.000,      0.000,       -2.311,        0.391,      6.164
265             ,  264 46 23 ,   18 08 50,      6.498,      0.000,      0.000,       -2.015,       -0.184,      6.175
266             ,  267 37 12 ,   24 59 55,      6.793,      0.000,      0.000,       -2.868,       -0.119,      6.157
267             ,  267 37 01 ,   28 23 40,      6.991,      0.000,      0.000,       -3.322,       -0.138,      6.150
268             ,  252 58 10 ,   26 14 31,      6.860,      0.000,      0.000,       -2.900,       -0.888,      6.153
269             ,  228 02 47 ,   23 38 48,      6.735,      0.000,      0.000,       -2.009,       -1.806,      6.169
270             ,  234 42 58 ,   27 17 21,      6.926,      0.000,      0.000,       -2.592,       -1.834,      6.155
271             ,  240 54 22 ,   31 46 17,      7.230,      0.000,      0.000,       -3.327,       -1.851,      6.147
272             ,  226 52 17 ,   32 29 29,      7.284,      0.000,      0.000,       -2.856,       -2.675,      6.144
273             ,  220 55 18 ,   39 23 13,      7.943,      0.000,      0.000,       -3.302,       -3.808,      6.139
274             ,  215 56 51 ,   38 18 39,      7.836,      0.000,      0.000,       -2.852,       -3.933,      6.149
275             ,  206 31 07 ,   39 18 10,      7.956,      0.000,      0.000,       -2.250,       -4.510,      6.157
276             ,  349 50 33 ,   50 12 22,     10.124,      0.000,      0.000,       -1.372,        7.657,      6.480
277             ,  349 53 31 ,   48 14 27,     10.468,      0.000,      0.000,       -1.370,        7.687,      6.972
278             ,  349 53 29 ,   46 36 30,     10.747,      0.000,      0.000,       -1.371,        7.689,      7.383
279             ,  347 01 23 ,   43 25 25,      8.840,      0.000,      0.000,       -1.364,        5.921,      6.420
280             ,  347 01 24 ,   41 02 54,      9.246,      0.000,      0.000,       -1.363,        5.917,      6.973
281             ,  346 50 51 ,   38 51 29,      9.563,      0.000,      0.000,       -1.365,        5.842,      7.446
282             ,  343 50 19 ,   37 09 53,      8.085,      0.000,      0.000,       -1.359,        4.691,      6.443
283             ,  343 50 20 ,   35 20 40,      8.422,      0.000,      0.000,       -1.356,        4.680,      6.870
284             ,  343 50 21 ,   33 34 40,      8.822,      0.000,      0.000,       -1.358,        4.687,      7.350
285             ,  338 38 00 ,   29 45 21,      7.507,      0.000,      0.000,       -1.357,        3.470,      6.517
286             ,  338 38 01 ,   28 24 35,      7.816,      0.000,      0.000,       -1.355,        3.463,      6.875
287             ,  338 38 00 ,   27 00 33,      8.192,      0.000,      0.000,       -1.355,        3.465,      7.299
288             ,  326 47 22 ,   21 01 17,      6.908,      0.000,      0.000,       -1.357,        2.073,      6.448
289             ,  326 47 23 ,   19 34 36,      7.378,      0.000,      0.000,       -1.354,        2.068,      6.951
290             ,  326 47 24 ,   18 26 35,      7.824,      0.000,      0.000,       -1.356,        2.071,      7.422
291             ,  298 06 11 ,   13 24 43,      6.621,      0.000,      0.000,       -1.355,        0.723,      6.441
292             ,  298 06 12 ,   12 37 54,      7.016,      0.000,      0.000,       -1.353,        0.723,      6.846
293             ,  298 06 14 ,   11 46 44,      7.511,      0.000,      0.000,       -1.353,        0.722,      7.353
294             ,  268 22 39 ,   11 42 04,      6.669,      0.000,      0.000,       -1.352,       -0.038,      6.530
295             ,  268 22 40 ,   10 59 19,      7.077,      0.000,      0.000,       -1.348,       -0.038,      6.947
296             ,  268 22 41 ,   10 18 51,      7.533,      0.000,      0.000,       -1.348,       -0.038,      7.411
297             ,  234 10 37 ,   14 31 52,      6.636,      0.000,      0.000,       -1.350,       -0.975,      6.424
298             ,  234 10 39 ,   13 33 17,      7.075,      0.000,      0.000,       -1.345,       -0.971,      6.878
299             ,  234 10 39 ,   12 41 36,      7.561,      0.000,      0.000,       -1.347,       -0.972,      7.376
300             ,  210 53 45 ,   22 02 26,      7.005,      0.000,      0.000,       -1.350,       -2.256,      6.493
301             ,  210 53 44 ,   21 02 53,      7.298,      0.000,      0.000,       -1.346,       -2.249,      6.811
302             ,  210 53 46 ,   19 32 14,      7.833,      0.000,      0.000,       -1.345,       -2.248,      7.382
303             ,  199 07 36 ,   32 44 06,      7.600,      0.000,      0.000,       -1.347,       -3.883,      6.393
304             ,  199 07 36 ,   31 01 44,      7.962,      0.000,      0.000,       -1.345,       -3.878,      6.823
305             ,  198 50 41 ,   29 17 26,      8.504,      0.000,      0.000,       -1.344,       -3.938,      7.417
306             ,  220 10 04 ,  104 39 36,      5.399,      0.000,      0.000,       -3.369,       -3.991,     -1.366
307             ,  221 19 33 ,   97 16 41,      5.364,      0.000,      0.000,       -3.513,       -3.995,     -0.680
308             ,  221 19 34 ,   87 50 53,      5.328,      0.000,      0.000,       -3.516,       -3.998,      0.200
309             ,  221 19 31 ,   79 51 19,      5.414,      0.000,      0.000,       -3.519,       -4.002,      0.954
310             ,  221 19 31 ,   70 48 33,      5.643,      0.000,      0.000,       -3.519,       -4.002,      1.855
311             ,  221 19 32 ,   62 39 05,      5.997,      0.000,      0.000,       -3.517,       -4.000,      2.755
312             ,  220 50 44 ,   46 57 44,      7.238,      0.000,      0.000,       -3.460,       -4.002,      4.940
313             ,  219 36 40 ,   41 06 18,      7.944,      0.000,      0.000,       -3.330,       -4.024,      5.986
314             ,  216 51 00 ,   41 10 46,      7.630,      0.000,      0.000,       -3.013,       -4.020,      5.743
315             ,  216 51 01 ,   46 27 30,      6.901,      0.000,      0.000,       -3.000,       -4.003,      4.754
316             ,  217 15 30 ,   59 55 28,      5.802,      0.000,      0.000,       -3.040,       -3.996,      2.908
317             ,  217 15 26 ,   70 44 05,      5.318,      0.000,      0.000,       -3.039,       -3.995,      1.754
318             ,  217 15 26 ,   80 02 47,      5.094,      0.000,      0.000,       -3.038,       -3.994,      0.881
319             ,  217 15 27 ,   91 41 22,      5.021,      0.000,      0.000,       -3.038,       -3.994,     -0.148
320             ,  217 15 26 ,  104 19 16,      5.181,      0.000,      0.000,       -3.039,       -3.996,     -1.282
321             ,  201 34 15 ,  106 27 08,      4.479,      0.000,      0.000,       -1.579,       -3.994,     -1.268
322             ,  201 34 16 ,   92 54 44,      4.299,      0.000,      0.000,       -1.578,       -3.993,     -0.218
323             ,  201 34 16 ,   80 56 03,      4.346,      0.000,      0.000,       -1.578,       -3.991,      0.685
324             ,  201 34 15 ,   71 11 51,      4.533,      0.000,      0.000,       -1.578,       -3.990,      1.461
325             ,  201 34 18 ,   61 23 36,      4.889,      0.000,      0.000,       -1.578,       -3.992,      2.341
326             ,  201 34 19 ,   50 44 53,      5.543,      0.000,      0.000,       -1.578,       -3.992,      3.507
327             ,  201 34 12 ,   40 32 00,      6.621,      0.000,      0.000,       -1.582,       -4.002,      5.032
328             ,  196 13 54 ,   29 50 20,      8.372,      0.000,      0.000,       -1.164,       -4.000,      7.262
329             ,  196 13 55 ,   34 31 03,      7.355,      0.000,      0.000,       -1.165,       -4.002,      6.060
330             ,  196 13 53 ,   40 43 24,      6.388,      0.000,      0.000,       -1.165,       -4.002,      4.841
331             ,  196 13 52 ,   57 09 20,      4.952,      0.000,      0.000,       -1.163,       -3.994,      2.686
332             ,  196 13 54 ,   66 50 11,      4.522,      0.000,      0.000,       -1.162,       -3.992,      1.779
333             ,  196 13 51 ,   79 41 22,      4.227,      0.000,      0.000,       -1.162,       -3.993,      0.757
334             ,  196 13 51 ,   91 07 50,      4.159,      0.000,      0.000,       -1.162,       -3.993,     -0.082
335             ,  196 13 53 ,  105 35 15,      4.318,      0.000,      0.000,       -1.163,       -3.993,     -1.160
336             ,  176 18 18 ,  106 08 36,      4.174,      0.000,      0.000,        0.258,       -4.001,     -1.161
337             ,  176 18 23 ,   90 17 15,      4.008,      0.000,      0.000,        0.258,       -4.000,     -0.020
338             ,  176 18 23 ,   78 00 49,      4.096,      0.000,      0.000,        0.258,       -3.998,      0.851
339             ,  176 18 30 ,   66 04 38,      4.379,      0.000,      0.000,        0.258,       -3.994,      1.776
340             ,  176 18 27 ,   56 30 59,      4.795,      0.000,      0.000,        0.258,       -3.991,      2.645
341             ,  176 18 28 ,   48 49 53,      5.313,      0.000,      0.000,        0.258,       -3.991,      3.497
342             ,  176 18 28 ,   40 30 00,      6.160,      0.000,      0.000,        0.258,       -3.992,      4.684
343             ,  176 18 30 ,   32 30 37,      7.455,      0.000,      0.000,        0.258,       -3.998,      6.287
344             ,  176 18 30 ,   28 49 29,      8.326,      0.000,      0.000,        0.258,       -4.006,      7.294
345             ,  170 41 28 ,   29 23 48,      8.264,      0.000,      0.000,        0.656,       -4.003,      7.200
346             ,  170 41 31 ,   34 02 01,      7.246,      0.000,      0.000,        0.656,       -4.002,      6.004
347             ,  170 41 33 ,   41 15 30,      6.148,      0.000,      0.000,        0.656,       -4.001,      4.622
348             ,  170 41 30 ,   50 32 22,      5.247,      0.000,      0.000,        0.655,       -3.997,      3.335
349             ,  170 41 25 ,   57 43 31,      4.790,      0.000,      0.000,        0.655,       -3.997,      2.558
350             ,  170 41 26 ,   68 35 27,      4.351,      0.000,      0.000,        0.655,       -3.997,      1.588
351             ,  170 41 23 ,   78 45 20,      4.131,      0.000,      0.000,        0.655,       -3.998,      0.806
352             ,  170 41 29 ,   92 17 19,      4.056,      0.000,      0.000,        0.656,       -3.999,     -0.162
353             ,  151 03 22 ,  104 37 45,      4.716,      0.000,      0.000,        2.208,       -3.993,     -1.191
354             ,  152 02 37 ,   94 58 17,      4.536,      0.000,      0.000,        2.119,       -3.992,     -0.393
355             ,  152 02 37 ,   80 06 41,      4.588,      0.000,      0.000,        2.119,       -3.992,      0.788
356             ,  152 02 43 ,   67 18 05,      4.900,      0.000,      0.000,        2.119,       -3.993,      1.891
357             ,  152 02 41 ,   56 50 34,      5.403,      0.000,      0.000,        2.120,       -3.996,      2.955
358             ,  152 02 43 ,   46 50 30,      6.202,      0.000,      0.000,        2.121,       -3.996,      4.242
359             ,  152 02 47 ,   42 35 30,      6.693,      0.000,      0.000,        2.123,       -4.001,      4.927
360             ,  151 50 25 ,   33 05 11,      8.297,      0.000,      0.000,        2.137,       -3.993,      6.951
361             ,  147 00 07 ,   33 09 51,      8.702,      0.000,      0.000,        2.592,       -3.992,      7.284
362             ,  147 00 09 ,   40 19 36,      7.371,      0.000,      0.000,        2.598,       -4.001,      5.619
363             ,  147 00 07 ,   47 44 29,      6.448,      0.000,      0.000,        2.599,       -4.003,      4.336
364             ,  147 00 07 ,   55 58 38,      5.758,      0.000,      0.000,        2.599,       -4.002,      3.221
365             ,  147 00 07 ,   64 37 22,      5.281,      0.000,      0.000,        2.599,       -4.002,      2.263
366             ,  147 00 06 ,   73 46 57,      4.969,      0.000,      0.000,        2.598,       -4.001,      1.388
367             ,  147 00 07 ,   84 53 36,      4.789,      0.000,      0.000,        2.598,       -4.000,      0.426
368             ,  147 00 12 ,  105 12 40,      4.939,      0.000,      0.000,        2.595,       -3.997,     -1.296
369             ,  208 52 42 ,  102 01 42,      5.488,      0.000,      0.000,       -2.592,       -4.700,     -1.144
370             ,  208 52 40 ,   94 04 39,      5.382,      0.000,      0.000,       -2.593,       -4.701,     -0.383
371             ,  208 52 40 ,   87 04 15,      5.377,      0.000,      0.000,       -2.593,       -4.702,      0.275
372             ,  208 52 40 ,   79 26 07,      5.462,      0.000,      0.000,       -2.593,       -4.702,      1.001
373             ,  208 52 43 ,   72 52 21,      5.621,      0.000,      0.000,       -2.594,       -4.703,      1.655
374             ,  208 52 40 ,   65 15 33,      5.916,      0.000,      0.000,       -2.595,       -4.705,      2.476
375             ,  208 52 43 ,   59 29 19,      6.244,      0.000,      0.000,       -2.598,       -4.710,      3.170
376             ,  208 24 07 ,   53 43 51,      6.643,      0.000,      0.000,       -2.548,       -4.711,      3.930
377             ,  205 32 26 ,   54 11 49,      6.433,      0.000,      0.000,       -2.249,       -4.707,      3.763
378             ,  204 13 36 ,   60 24 53,      5.932,      0.000,      0.000,       -2.117,       -4.704,      2.929
379             ,  204 13 37 ,   68 56 22,      5.525,      0.000,      0.000,       -2.116,       -4.702,      1.986
380             ,  204 22 47 ,   78 07 24,      5.275,      0.000,      0.000,       -2.131,       -4.702,      1.086
381             ,  204 22 47 ,   87 44 00,      5.167,      0.000,      0.000,       -2.131,       -4.702,      0.204
382             ,  204 22 42 ,   99 05 45,      5.213,      0.000,      0.000,       -2.124,       -4.688,     -0.824
383             ,  204 22 46 ,  103 27 46,      5.306,      0.000,      0.000,       -2.130,       -4.700,     -1.235
384             ,  188 20 45 ,  105 22 32,      4.940,      0.000,      0.000,       -0.691,       -4.713,     -1.310
385             ,  188 20 47 ,   94 54 58,      4.779,      0.000,      0.000,       -0.691,       -4.711,     -0.410
386             ,  188 20 42 ,   83 54 50,      4.787,      0.000,      0.000,       -0.691,       -4.710,      0.508
387             ,  188 20 45 ,   72 52 20,      4.977,      0.000,      0.000,       -0.690,       -4.706,      1.466
388             ,  188 20 47 ,   63 57 12,      5.295,      0.000,      0.000,       -0.691,       -4.707,      2.325
389             ,  188 20 49 ,   53 41 25,      5.902,      0.000,      0.000,       -0.690,       -4.705,      3.495
390             ,  188 20 49 ,   40 47 37,      7.285,      0.000,      0.000,       -0.691,       -4.709,      5.515
391             ,  188 20 52 ,   32 30 53,      8.854,      0.000,      0.000,       -0.691,       -4.709,      7.466
392             ,  182 45 21 ,   32 54 26,      8.703,      0.000,      0.000,       -0.227,       -4.723,      7.307
393             ,  182 45 28 ,   38 25 28,      7.592,      0.000,      0.000,       -0.227,       -4.713,      5.948
394             ,  182 45 24 ,   49 20 29,      6.203,      0.000,      0.000,       -0.226,       -4.700,      4.041
395             ,  182 45 22 ,   60 20 08,      5.415,      0.000,      0.000,       -0.226,       -4.700,      2.680
396             ,  182 45 25 ,   73 17 26,      4.917,      0.000,      0.000,       -0.227,       -4.704,      1.414
397             ,  182 45 31 ,   88 21 11,      4.716,      0.000,      0.000,       -0.227,       -4.708,      0.136
398             ,  165 52 28 ,   97 49 02,      4.900,      0.000,      0.000,        1.185,       -4.708,     -0.667
399             ,  165 52 27 ,   86 31 53,      4.865,      0.000,      0.000,        1.185,       -4.710,      0.294
400             ,  165 52 26 ,   77 13 48,      4.981,      0.000,      0.000,        1.186,       -4.711,      1.101
401             ,  165 52 28 ,   68 58 46,      5.205,      0.000,      0.000,        1.186,       -4.712,      1.867
402             ,  165 52 31 ,   61 10 17,      5.545,      0.000,      0.000,        1.185,       -4.711,      2.674
403             ,  165 52 32 ,   53 20 43,      6.056,      0.000,      0.000,        1.186,       -4.712,      3.616
404             ,  164 52 11 ,   45 47 57,      6.813,      0.000,      0.000,        1.275,       -4.715,      4.750
405             ,  164 52 18 ,   39 27 11,      7.688,      0.000,      0.000,        1.275,       -4.716,      5.936
406             ,  164 52 04 ,   33 33 16,      8.831,      0.000,      0.000,        1.274,       -4.712,      7.359
407             ,  160 45 54 ,   34 02 17,      8.910,      0.000,      0.000,        1.643,       -4.709,      7.383
408             ,  160 45 58 ,   41 23 11,      7.549,      0.000,      0.000,        1.644,       -4.712,      5.663
409             ,  160 46 02 ,   52 20 39,      6.302,      0.000,      0.000,        1.643,       -4.710,      3.850
410             ,  160 45 55 ,   64 58 08,      5.504,      0.000,      0.000,        1.643,       -4.709,      2.329
411             ,  160 45 59 ,   76 15 33,      5.135,      0.000,      0.000,        1.643,       -4.710,      1.220
412             ,  160 46 00 ,   87 26 12,      4.990,      0.000,      0.000,        1.642,       -4.707,      0.223
413             ,  160 46 00 ,  102 35 25,      5.108,      0.000,      0.000,        1.642,       -4.707,     -1.113
414             ,  143 11 14 ,  102 35 40,      6.036,      0.000,      0.000,        3.530,       -4.716,     -1.316
415             ,  143 11 16 ,   87 07 47,      5.901,      0.000,      0.000,        3.531,       -4.718,      0.295
416             ,  143 11 16 ,   78 40 12,      6.008,      0.000,      0.000,        3.530,       -4.717,      1.180
417             ,  143 11 21 ,   71 00 50,      6.225,      0.000,      0.000,        3.527,       -4.713,      2.025
418             ,  143 11 23 ,   63 28 25,      6.574,      0.000,      0.000,        3.524,       -4.709,      2.936
419             ,  143 11 26 ,   56 58 29,      7.015,      0.000,      0.000,        3.524,       -4.709,      3.823
420             ,  143 11 23 ,   50 40 03,      7.598,      0.000,      0.000,        3.521,       -4.705,      4.816
421             ,  143 11 23 ,   45 53 55,      8.180,      0.000,      0.000,        3.520,       -4.703,      5.693
422             ,  143 11 22 ,   42 16 53,      8.725,      0.000,      0.000,        3.517,       -4.700,      6.455
423             ,  143 11 20 ,   38 05 41,      9.511,      0.000,      0.000,        3.516,       -4.698,      7.485
424             ,  136 27 46 ,  103 31 10,      4.868,      0.000,      0.000,        3.261,       -3.432,     -1.138
425             ,  136 27 46 ,   99 58 23,      4.807,      0.000,      0.000,        3.261,       -3.432,     -0.832
426             ,  136 28 11 ,   87 10 43,      4.741,      0.000,      0.000,        3.261,       -3.433,      0.233
427             ,  139 04 11 ,   87 10 43,      4.998,      0.000,      0.000,        3.270,       -3.771,      0.246
428             ,  139 04 15 ,   76 47 35,      5.126,      0.000,      0.000,        3.269,       -3.770,      1.171
429             ,  139 04 18 ,   68 24 37,      5.363,      0.000,      0.000,        3.267,       -3.768,      1.973
430             ,  139 04 16 ,   59 23 20,      5.793,      0.000,      0.000,        3.266,       -3.767,      2.950
431             ,  139 04 18 ,   51 57 34,      6.331,      0.000,      0.000,        3.266,       -3.767,      3.901
432             ,  139 04 20 ,   45 45 39,      6.955,      0.000,      0.000,        3.264,       -3.765,      4.852
433             ,  139 04 19 ,   40 32 57,      7.649,      0.000,      0.000,        3.258,       -3.757,      5.812
434             ,  139 04 18 ,   34 24 11,      8.750,      0.000,      0.000,        3.239,       -3.735,      7.220
435             ,  135 53 38 ,   32 59 28,      8.550,      0.000,      0.000,        3.240,       -3.343,      7.171
436             ,  135 53 43 ,   39 29 47,      7.347,      0.000,      0.000,        3.252,       -3.355,      5.669
437             ,  135 53 43 ,   44 48 18,      6.642,      0.000,      0.000,        3.258,       -3.361,      4.713
438             ,  135 53 40 ,   56 03 07,      5.638,      0.000,      0.000,        3.255,       -3.358,      3.149
439             ,  135 53 39 ,   66 34 09,      5.098,      0.000,      0.000,        3.256,       -3.359,      2.027
440             ,  135 53 39 ,   76 19 01,      4.818,      0.000,      0.000,        3.258,       -3.362,      1.140
441             ,  135 53 41 ,   87 05 51,      4.690,      0.000,      0.000,        3.260,       -3.363,      0.237
442             ,  120 36 01 ,  107 37 49,      3.968,      0.000,      0.000,        3.255,       -1.925,     -1.202
443             ,  120 13 07 ,   85 58 20,      3.772,      0.000,      0.000,        3.252,       -1.894,      0.265
444             ,  120 13 09 ,   73 38 20,      3.919,      0.000,      0.000,        3.249,       -1.893,      1.104
445             ,  120 13 20 ,   61 24 08,      4.279,      0.000,      0.000,        3.246,       -1.891,      2.048
446             ,  120 13 27 ,   51 04 35,      4.825,      0.000,      0.000,        3.244,       -1.890,      3.032
447             ,  120 13 25 ,   43 59 06,      5.404,      0.000,      0.000,        3.243,       -1.889,      3.888
448             ,  120 13 29 ,   37 01 34,      6.222,      0.000,      0.000,        3.237,       -1.886,      4.967
449             ,  120 13 25 ,   30 28 22,      7.368,      0.000,      0.000,        3.229,       -1.881,      6.351
450             ,  120 13 19 ,   26 54 32,      8.233,      0.000,      0.000,        3.220,       -1.876,      7.342
451             ,  113 36 00 ,   26 01 57,      8.016,      0.000,      0.000,        3.224,       -1.408,      7.202
452             ,  113 36 00 ,   30 09 33,      7.021,      0.000,      0.000,        3.232,       -1.412,      6.070
453             ,  113 35 58 ,   35 24 21,      6.100,      0.000,      0.000,        3.239,       -1.415,      4.972
454             ,  113 35 58 ,   43 35 57,      5.135,      0.000,      0.000,        3.245,       -1.418,      3.719
455             ,  113 35 56 ,   52 00 38,      4.496,      0.000,      0.000,        3.247,       -1.419,      2.767
456             ,  113 35 56 ,   63 16 15,      3.970,      0.000,      0.000,        3.249,       -1.419,      1.786
457             ,  113 35 56 ,   75 14 13,      3.668,      0.000,      0.000,        3.250,       -1.420,      0.935
458             ,  113 36 00 ,   83 25 22,      3.572,      0.000,      0.000,        3.252,       -1.421,      0.409
459             ,  113 35 59 ,  106 32 05,      3.708,      0.000,      0.000,        3.258,       -1.423,     -1.055
460             ,   88 49 41 ,  106 29 22,      3.400,      0.000,      0.000,        3.259,        0.067,     -0.965
461             ,   88 49 45 ,  101 04 40,      3.322,      0.000,      0.000,        3.259,        0.067,     -0.638
462             ,   89 01 36 ,   84 55 57,      3.269,      0.000,      0.000,        3.256,        0.055,      0.289
463             ,   89 33 36 ,   72 23 01,      3.414,      0.000,      0.000,        3.254,        0.025,      1.033
464             ,   89 33 38 ,   60 24 44,      3.740,      0.000,      0.000,        3.252,        0.025,      1.847
465             ,   89 33 41 ,   50 39 47,      4.198,      0.000,      0.000,        3.247,        0.025,      2.661
466             ,   89 33 40 ,   41 10 25,      4.928,      0.000,      0.000,        3.244,        0.025,      3.710
467             ,   89 33 37 ,   34 20 02,      5.740,      0.000,      0.000,        3.237,        0.025,      4.739
468             ,   89 33 36 ,   28 52 20,      6.696,      0.000,      0.000,        3.233,        0.025,      5.864
469             ,   89 33 14 ,   23 52 03,      7.970,      0.000,      0.000,        3.225,        0.025,      7.288
470             ,   81 48 17 ,   24 21 48,      7.916,      0.000,      0.000,        3.232,        0.466,      7.211
471             ,   81 48 15 ,   30 25 52,      6.454,      0.000,      0.000,        3.235,        0.466,      5.565
472             ,   81 48 13 ,   43 50 22,      4.732,      0.000,      0.000,        3.244,        0.467,      3.413
473             ,   81 48 12 ,   58 23 04,      3.854,      0.000,      0.000,        3.249,        0.468,      2.021
474             ,   81 48 12 ,   71 31 32,      3.465,      0.000,      0.000,        3.253,        0.469,      1.098
475             ,   81 48 13 ,   82 32 50,      3.317,      0.000,      0.000,        3.255,        0.469,      0.430
476             ,   81 48 13 ,  108 33 52,      3.471,      0.000,      0.000,        3.257,        0.469,     -1.105
477             ,   59 08 42 ,  104 14 09,      3.914,      0.000,      0.000,        3.257,        1.945,     -0.962
478             ,   59 08 45 ,   84 46 15,      3.807,      0.000,      0.000,        3.254,        1.944,      0.347
479             ,   59 08 52 ,   72 24 32,      3.976,      0.000,      0.000,        3.254,        1.944,      1.202
480             ,   59 08 56 ,   62 25 26,      4.267,      0.000,      0.000,        3.247,        1.940,      1.975
481             ,   59 09 00 ,   54 02 07,      4.670,      0.000,      0.000,        3.245,        1.938,      2.742
482             ,   59 08 57 ,   46 30 44,      5.203,      0.000,      0.000,        3.241,        1.936,      3.581
483             ,   59 08 55 ,   39 35 21,      5.909,      0.000,      0.000,        3.233,        1.931,      4.553
484             ,   59 08 57 ,   33 19 17,      6.846,      0.000,      0.000,        3.229,        1.929,      5.721
485             ,   59 08 41 ,   27 12 18,      8.223,      0.000,      0.000,        3.227,        1.928,      7.313
486             ,   53 46 02 ,   28 30 29,      8.384,      0.000,      0.000,        3.228,        2.365,      7.368
487             ,   53 46 02 ,   34 02 58,      7.148,      0.000,      0.000,        3.228,        2.366,      5.922
488             ,   53 45 59 ,   46 32 40,      5.534,      0.000,      0.000,        3.240,        2.374,      3.806
489             ,   53 46 01 ,   55 51 35,      4.862,      0.000,      0.000,        3.246,        2.379,      2.729
490             ,   53 45 58 ,   71 43 07,      4.248,      0.000,      0.000,        3.254,        2.384,      1.333
491             ,   53 45 57 ,   84 25 29,      4.057,      0.000,      0.000,        3.257,        2.387,      0.394
492             ,   53 46 00 ,  104 24 35,      4.172,      0.000,      0.000,        3.259,        2.388,     -1.038
493             ,   40 30 43 ,  103 43 05,      5.163,      0.000,      0.000,        3.258,        3.813,     -1.224
494             ,   40 30 43 ,   86 01 56,      5.014,      0.000,      0.000,        3.249,        3.803,      0.347
495             ,   40 30 46 ,   75 08 28,      5.170,      0.000,      0.000,        3.246,        3.799,      1.326
496             ,   40 30 49 ,   67 39 15,      5.394,      0.000,      0.000,        3.241,        3.793,      2.051
497             ,   40 30 49 ,   60 07 21,      5.747,      0.000,      0.000,        3.237,        3.788,      2.863
498             ,   40 30 53 ,   52 05 56,      6.299,      0.000,      0.000,        3.229,        3.778,      3.869
499             ,   40 30 52 ,   45 21 47,      6.985,      0.000,      0.000,        3.229,        3.779,      4.908
500             ,   40 18 31 ,   39 06 25,      7.899,      0.000,      0.000,        3.223,        3.799,      6.129
501             ,   40 17 55 ,   34 21 03,      8.818,      0.000,      0.000,        3.218,        3.795,      7.280
502             ,   37 01 15 ,   36 07 11,      9.079,      0.000,      0.000,        3.222,        4.273,      7.334
503             ,   37 01 27 ,   43 25 19,      7.805,      0.000,      0.000,        3.231,        4.283,      5.669
504             ,   37 01 27 ,   49 50 18,      7.028,      0.000,      0.000,        3.234,        4.288,      4.533
505             ,   37 01 25 ,   61 40 12,      6.110,      0.000,      0.000,        3.238,        4.294,      2.899
506             ,   37 01 22 ,   78 36 53,      5.500,      0.000,      0.000,        3.247,        4.305,      1.086
507             ,   37 01 20 ,   85 40 57,      5.409,      0.000,      0.000,        3.247,        4.306,      0.407
508             ,   37 01 21 ,   97 02 14,      5.442,      0.000,      0.000,        3.252,        4.312,     -0.667
509             ,   37 01 23 ,  101 33 49,      5.516,      0.000,      0.000,        3.254,        4.315,     -1.106
510             ,   29 55 29 ,   86 52 14,      6.515,      0.000,      0.000,        3.245,        5.638,      0.356
511             ,   29 55 25 ,  100 32 25,      6.630,      0.000,      0.000,        3.251,        5.649,     -1.213
512             ,   28 04 16 ,  100 32 00,      7.015,      0.000,      0.000,        3.245,        6.085,     -1.282
513             ,   29 32 25 ,   82 40 19,      6.628,      0.000,      0.000,        3.241,        5.720,      0.845
514             ,   29 32 30 ,   74 24 53,      6.816,      0.000,      0.000,        3.237,        5.712,      1.831
515             ,   29 32 29 ,   65 36 20,      7.197,      0.000,      0.000,        3.232,        5.702,      2.972
516             ,   29 32 31 ,   59 33 05,      7.594,      0.000,      0.000,        3.228,        5.696,      3.849
517             ,   29 32 31 ,   53 15 10,      8.170,      0.000,      0.000,        3.228,        5.696,      4.888
518             ,   29 32 36 ,   48 21 14,      8.748,      0.000,      0.000,        3.223,        5.687,      5.813
519             ,   29 32 15 ,   41 34 57,      9.828,      0.000,      0.000,        3.216,        5.675,      7.352
520             ,   27 21 46 ,   43 41 14,     10.119,      0.000,      0.000,        3.213,        6.207,      7.317
521             ,   27 37 48 ,   51 09 39,      8.921,      0.000,      0.000,        3.223,        6.156,      5.595
522             ,   27 37 45 ,   59 36 58,      8.067,      0.000,      0.000,        3.227,        6.166,      4.080
523             ,   27 37 43 ,   65 32 12,      7.652,      0.000,      0.000,        3.230,        6.171,      3.169
524             ,   27 37 45 ,   73 12 37,      7.281,      0.000,      0.000,        3.233,        6.176,      2.103
525             ,   27 37 46 ,   79 47 43,      7.090,      0.000,      0.000,        3.236,        6.183,      1.256
526             ,   27 37 46 ,   87 33 19,      6.995,      0.000,      0.000,        3.241,        6.192,      0.298
527             ,   49 58 52 ,  103 28 10,      5.334,      0.000,      0.000,        3.972,        3.335,     -1.242
528             ,   49 58 48 ,   99 17 27,      5.254,      0.000,      0.000,        3.970,        3.334,     -0.848
529             ,   49 58 50 ,   86 08 32,      5.189,      0.000,      0.000,        3.965,        3.329,      0.349
530             ,   49 58 58 ,   77 17 46,      5.303,      0.000,      0.000,        3.962,        3.326,      1.166
531             ,   49 58 57 ,   71 42 00,      5.445,      0.000,      0.000,        3.959,        3.324,      1.710
532             ,   49 58 57 ,   64 33 26,      5.720,      0.000,      0.000,        3.956,        3.321,      2.457
533             ,   49 58 54 ,   57 56 19,      6.087,      0.000,      0.000,        3.950,        3.317,      3.231
534             ,   49 58 54 ,   52 58 00,      6.457,      0.000,      0.000,        3.947,        3.314,      3.889
535             ,   49 58 55 ,   47 55 40,      6.932,      0.000,      0.000,        3.941,        3.309,      4.645
536             ,   49 58 55 ,   42 28 16,      7.608,      0.000,      0.000,        3.934,        3.303,      5.612
537             ,   49 58 56 ,   38 37 17,      8.223,      0.000,      0.000,        3.931,        3.300,      6.424
538             ,   49 58 56 ,   34 33 33,      9.046,      0.000,      0.000,        3.930,        3.300,      7.450
539             ,   52 15 10 ,   34 20 11,      8.817,      0.000,      0.000,        3.932,        3.044,      7.280
540             ,   52 15 08 ,   37 28 14,      8.172,      0.000,      0.000,        3.931,        3.044,      6.486
541             ,   52 10 42 ,   42 41 06,      7.345,      0.000,      0.000,        3.934,        3.054,      5.399
542             ,   52 10 42 ,   50 51 17,      6.441,      0.000,      0.000,        3.946,        3.063,      4.066
543             ,   52 10 40 ,   59 39 51,      5.796,      0.000,      0.000,        3.952,        3.068,      2.927
544             ,   52 10 39 ,   68 20 18,      5.392,      0.000,      0.000,        3.959,        3.073,      1.990
545             ,   52 10 39 ,   76 21 19,      5.162,      0.000,      0.000,        3.962,        3.076,      1.218
546             ,   52 10 39 ,   85 23 53,      5.035,      0.000,      0.000,        3.964,        3.078,      0.404
547             ,   52 10 39 ,  103 14 11,      5.163,      0.000,      0.000,        3.970,        3.082,     -1.182
548             ,   69 23 36 ,  106 16 55,      4.417,      0.000,      0.000,        3.969,        1.492,     -1.238
549             ,   69 23 37 ,  100 21 15,      4.312,      0.000,      0.000,        3.970,        1.493,     -0.775
550             ,   69 57 18 ,   83 51 46,      4.247,      0.000,      0.000,        3.967,        1.448,      0.454
551             ,   69 57 28 ,   75 17 28,      4.363,      0.000,      0.000,        3.965,        1.446,      1.108
552             ,   69 57 28 ,   67 02 24,      4.581,      0.000,      0.000,        3.963,        1.446,      1.787
553             ,   69 57 24 ,   56 13 19,      5.068,      0.000,      0.000,        3.957,        1.444,      2.818
554             ,   70 28 37 ,   48 11 13,      5.629,      0.000,      0.000,        3.955,        1.402,      3.753
555             ,   70 28 39 ,   41 48 50,      6.277,      0.000,      0.000,        3.944,        1.398,      4.678
556             ,   70 28 37 ,   36 51 02,      6.974,      0.000,      0.000,        3.942,        1.398,      5.581
557             ,   70 28 35 ,   32 45 26,      7.727,      0.000,      0.000,        3.940,        1.397,      6.498
558             ,   70 28 36 ,   30 01 41,      8.351,      0.000,      0.000,        3.939,        1.397,      7.230
559             ,   76 35 55 ,   29 12 17,      8.310,      0.000,      0.000,        3.944,        0.940,      7.254
560             ,   76 35 52 ,   33 55 46,      7.265,      0.000,      0.000,        3.945,        0.940,      6.028
561             ,   76 35 48 ,   39 04 33,      6.436,      0.000,      0.000,        3.947,        0.940,      4.997
562             ,   76 35 47 ,   45 12 28,      5.731,      0.000,      0.000,        3.956,        0.943,      4.038
563             ,   76 35 47 ,   54 25 59,      5.005,      0.000,      0.000,        3.960,        0.944,      2.911
564             ,   76 35 48 ,   67 37 21,      4.409,      0.000,      0.000,        3.966,        0.945,      1.679
565             ,   76 35 49 ,   80 09 26,      4.140,      0.000,      0.000,        3.968,        0.946,      0.708
566             ,   76 35 46 ,  101 47 47,      4.171,      0.000,      0.000,        3.971,        0.946,     -0.853
567             ,   76 35 49 ,  107 02 01,      4.270,      0.000,      0.000,        3.971,        0.946,     -1.251
568             ,   96 23 41 ,   85 07 47,      4.005,      0.000,      0.000,        3.966,       -0.444,      0.340
569             ,   96 23 50 ,   73 53 48,      4.152,      0.000,      0.000,        3.964,       -0.444,      1.152
570             ,   96 23 48 ,   64 18 54,      4.423,      0.000,      0.000,        3.962,       -0.444,      1.917
571             ,   96 23 48 ,   54 35 08,      4.886,      0.000,      0.000,        3.957,       -0.444,      2.831
572             ,   96 23 44 ,   47 36 32,      5.388,      0.000,      0.000,        3.955,       -0.443,      3.632
573             ,   96 23 46 ,   39 40 04,      6.228,      0.000,      0.000,        3.951,       -0.443,      4.794
574             ,   96 37 14 ,   34 37 44,      6.990,      0.000,      0.000,        3.946,       -0.458,      5.752
575             ,   96 37 14 ,   30 43 45,      7.763,      0.000,      0.000,        3.940,       -0.457,      6.673
576             ,   96 37 12 ,   28 15 28,      8.369,      0.000,      0.000,        3.936,       -0.457,      7.372
577             ,  103 47 30 ,   28 29 57,      8.502,      0.000,      0.000,        3.940,       -0.967,      7.472
578             ,  103 47 29 ,   35 57 23,      6.920,      0.000,      0.000,        3.946,       -0.969,      5.601
579             ,  103 47 28 ,   42 47 47,      5.987,      0.000,      0.000,        3.950,       -0.970,      4.393
580             ,  103 47 23 ,   53 53 43,      5.045,      0.000,      0.000,        3.958,       -0.972,      2.973
581             ,  103 47 22 ,   62 26 32,      4.599,      0.000,      0.000,        3.960,       -0.972,      2.128
582             ,  103 47 23 ,   72 00 37,      4.290,      0.000,      0.000,        3.963,       -0.973,      1.325
583             ,  103 47 26 ,   84 50 13,      4.102,      0.000,      0.000,        3.967,       -0.974,      0.369
584             ,  103 35 38 ,  106 29 22,      4.258,      0.000,      0.000,        3.968,       -0.960,     -1.209
585             ,   99 57 48 ,  106 29 19,      4.203,      0.000,      0.000,        3.969,       -0.697,     -1.193
586             ,  122 11 06 ,  105 43 18,      4.872,      0.000,      0.000,        3.969,       -2.498,     -1.320
587             ,  122 11 10 ,   86 35 47,      4.697,      0.000,      0.000,        3.968,       -2.498,      0.279
588             ,  122 11 17 ,   77 20 01,      4.803,      0.000,      0.000,        3.966,       -2.496,      1.053
589             ,  122 11 16 ,   68 33 34,      5.034,      0.000,      0.000,        3.966,       -2.496,      1.840
590             ,  122 11 19 ,   61 44 13,      5.320,      0.000,      0.000,        3.965,       -2.496,      2.519
591             ,  122 11 21 ,   55 36 58,      5.675,      0.000,      0.000,        3.964,       -2.495,      3.205
592             ,  122 11 15 ,   49 23 01,      6.168,      0.000,      0.000,        3.963,       -2.494,      4.016
593             ,  122 11 18 ,   43 21 50,      6.806,      0.000,      0.000,        3.955,       -2.489,      4.948
594             ,  122 11 19 ,   38 32 16,      7.489,      0.000,      0.000,        3.949,       -2.486,      5.858
595             ,  122 11 16 ,   33 22 11,      8.462,      0.000,      0.000,        3.939,       -2.479,      7.067
596             ,  125 43 47 ,   34 04 55,      8.680,      0.000,      0.000,        3.949,       -2.840,      7.189
597             ,  125 43 44 ,   37 31 36,      7.992,      0.000,      0.000,        3.952,       -2.843,      6.338
598             ,  125 43 44 ,   43 20 14,      7.102,      0.000,      0.000,        3.957,       -2.846,      5.165
599             ,  125 43 41 ,   50 15 02,      6.353,      0.000,      0.000,        3.965,       -2.852,      4.062
600             ,  125 43 42 ,   66 34 46,      5.325,      0.000,      0.000,        3.967,       -2.853,      2.117
601             ,  125 43 41 ,   76 12 11,      5.033,      0.000,      0.000,        3.968,       -2.854,      1.200
602             ,  125 43 42 ,   85 27 38,      4.910,      0.000,      0.000,        3.973,       -2.858,      0.389
603             ,  125 43 45 ,  100 47 28,      4.979,      0.000,      0.000,        3.970,       -2.856,     -0.932
604             ,  350 54 43 ,   45 32 42,     10.875,      0.000,      0.000,       -1.226,        7.665,      7.617
605             ,  347 54 10 ,   37 31 53,      9.592,      0.000,      0.000,       -1.225,        5.714,      7.607
606             ,  345 24 58 ,   31 55 30,      8.963,      0.000,      0.000,       -1.194,        4.587,      7.608
607             ,  343 15 13 ,   27 33 04,      8.576,      0.000,      0.000,       -1.143,        3.799,      7.604
608             ,  337 34 53 ,   22 33 54,      8.230,      0.000,      0.000,       -1.204,        2.920,      7.600
609             ,  328 25 29 ,   16 46 02,      7.938,      0.000,      0.000,       -1.199,        1.951,      7.600
610             ,  358 16 10 ,   42 30 48,     10.341,      0.000,      0.000,       -0.211,        6.985,      7.623
611             ,  358 16 09 ,   38 04 41,      9.682,      0.000,      0.000,       -0.180,        5.969,      7.622
612             ,  358 16 01 ,   30 05 00,      8.800,      0.000,      0.000,       -0.133,        4.409,      7.615
613             ,  358 16 05 ,   23 43 03,      8.315,      0.000,      0.000,       -0.101,        3.343,      7.613
614             ,  358 16 08 ,   17 40 37,      7.986,      0.000,      0.000,       -0.073,        2.424,      7.609
615             ,  358 16 10 ,   11 13 28,      7.756,      0.000,      0.000,       -0.046,        1.509,      7.608
616             ,    5 36 18 ,   45 03 20,     10.806,      0.000,      0.000,        0.747,        7.612,      7.633
617             ,    1 38 23 ,   45 19 48,     10.854,      0.000,      0.000,        0.221,        7.716,      7.630
618             ,    8 34 07 ,   40 44 32,     10.083,      0.000,      0.000,        0.980,        6.507,      7.639
619             ,    9 26 56 ,   36 59 27,      9.559,      0.000,      0.000,        0.944,        5.674,      7.635
620             ,   10 54 35 ,   32 15 09,      9.018,      0.000,      0.000,        0.911,        4.725,      7.626
621             ,   10 54 48 ,   26 52 35,      8.538,      0.000,      0.000,        0.731,        3.790,      7.616
622             ,   17 44 58 ,   18 34 05,      8.025,      0.000,      0.000,        0.779,        2.434,      7.607
623             ,   31 04 17 ,   11 21 11,      7.765,      0.000,      0.000,        0.789,        1.309,      7.614
624             ,   18 39 17 ,   46 13 43,     11.031,      0.000,      0.000,        2.548,        7.547,      7.631
625             ,   25 57 33 ,   45 35 34,     10.908,      0.000,      0.000,        3.411,        7.006,      7.633
626             ,   25 57 32 ,   42 26 24,     10.341,      0.000,      0.000,        3.055,        6.274,      7.632
627             ,   19 57 07 ,   40 38 19,     10.051,      0.000,      0.000,        2.234,        6.153,      7.627
628             ,   19 16 24 ,   34 01 28,      9.203,      0.000,      0.000,        1.700,        4.861,      7.628
629             ,   27 06 38 ,   35 03 44,      9.323,      0.000,      0.000,        2.441,        4.767,      7.631
630             ,   36 05 26 ,   34 51 45,      9.298,      0.000,      0.000,        3.131,        4.295,      7.629
631             ,   47 56 13 ,   32 17 55,      9.027,      0.000,      0.000,        3.581,        3.232,      7.631
632             ,   37 46 37 ,   28 20 12,      8.666,      0.000,      0.000,        2.520,        3.251,      7.627
633             ,   24 15 21 ,   25 40 46,      8.449,      0.000,      0.000,        1.504,        3.338,      7.615
634             ,   24 15 44 ,   19 22 18,      8.068,      0.000,      0.000,        1.100,        2.440,      7.611
635             ,   41 49 02 ,   22 06 48,      8.226,      0.000,      0.000,        2.065,        2.308,      7.621
636             ,   53 47 02 ,   27 14 10,      8.576,      0.000,      0.000,        3.167,        2.319,      7.626
637             ,   72 01 05 ,   27 13 22,      8.570,      0.000,      0.000,        3.729,        1.210,      7.621
638             ,   72 01 06 ,   21 01 01,      8.167,      0.000,      0.000,        2.786,        0.904,      7.623
639             ,   93 05 54 ,   21 06 35,      8.173,      0.000,      0.000,        2.939,       -0.159,      7.624
640             ,   85 04 25 ,    9 31 39,      7.725,      0.000,      0.000,        1.274,        0.110,      7.618
641             ,   82 50 56 ,    4 39 38,      7.641,      0.000,      0.000,        0.616,        0.077,      7.616
642             ,   80 30 38 ,    0 24 08,      7.613,      0.000,      0.000,        0.053,        0.009,      7.613
643             ,   75 41 30 ,  355 27 05,      7.631,      0.000,      0.000,       -0.586,       -0.150,      7.607
644             ,   75 35 32 ,  350 34 13,      7.706,      0.000,      0.000,       -1.223,       -0.314,      7.602
645             ,  104 22 27 ,   27 23 05,      8.585,      0.000,      0.000,        3.825,       -0.980,      7.623
646             ,  114 47 54 ,   21 02 43,      8.169,      0.000,      0.000,        2.663,       -1.230,      7.624
647             ,  127 47 27 ,   16 31 05,      7.953,      0.000,      0.000,        1.787,       -1.386,      7.624
648             ,  145 15 51 ,   12 51 14,      7.813,      0.000,      0.000,        0.990,       -1.428,      7.617
649             ,  168 31 00 ,   11 31 04,      7.778,      0.000,      0.000,        0.309,       -1.522,      7.621
650             ,  201 15 18 ,   12 35 33,      7.799,      0.000,      0.000,       -0.616,       -1.585,      7.612
651             ,  216 27 56 ,   15 47 33,      7.907,      0.000,      0.000,       -1.279,       -1.731,      7.608
652             ,  205 57 01 ,   19 40 45,      8.084,      0.000,      0.000,       -1.191,       -2.448,      7.612
653             ,  199 40 57 ,   25 35 53,      8.435,      0.000,      0.000,       -1.227,       -3.431,      7.607
654             ,  197 57 05 ,   28 01 38,      8.622,      0.000,      0.000,       -1.249,       -3.854,      7.611
655             ,  184 00 30 ,   31 04 32,      8.890,      0.000,      0.000,       -0.321,       -4.577,      7.614
656             ,  184 00 37 ,   24 12 17,      8.349,      0.000,      0.000,       -0.239,       -3.415,      7.615
657             ,  184 00 30 ,   16 55 08,      7.960,      0.000,      0.000,       -0.162,       -2.311,      7.615
658             ,  184 00 44 ,   12 43 40,      7.806,      0.000,      0.000,       -0.120,       -1.716,      7.615
659             ,  162 44 41 ,   31 49 54,      8.976,      0.000,      0.000,        1.404,       -4.521,      7.626
660             ,  158 42 04 ,   25 08 45,      8.416,      0.000,      0.000,        1.299,       -3.332,      7.618
661             ,  151 37 31 ,   19 12 52,      8.071,      0.000,      0.000,        1.262,       -2.337,      7.622
662             ,  136 13 55 ,   23 30 21,      8.312,      0.000,      0.000,        2.293,       -2.394,      7.622
663             ,  142 34 12 ,   37 01 35,      9.551,      0.000,      0.000,        3.496,       -4.567,      7.625
664             ,  127 55 45 ,   31 11 38,      8.911,      0.000,      0.000,        3.640,       -2.837,      7.623
665             ,  162 27 04 ,   31 56 29,      8.977,      0.000,      0.000,        1.432,       -4.529,      7.618
666             ,  135 20 02 ,   23 28 22,      8.309,      0.000,      0.000,        2.327,       -2.354,      7.622
667             ,  347 29 14 ,  100 49 04,      7.785,      0.000,      0.000,       -1.657,        7.465,     -1.461
668             ,  351 34 19 ,  100 51 08,      7.771,      0.000,      0.000,       -1.119,        7.549,     -1.463
669             ,    1 00 02 ,  100 46 32,      7.800,      0.000,      0.000,        0.134,        7.661,     -1.458
670             ,    5 03 48 ,  101 09 29,      7.521,      0.000,      0.000,        0.651,        7.350,     -1.455
671             ,   18 45 41 ,  100 55 22,      7.653,      0.000,      0.000,        2.417,        7.115,     -1.450
672             ,   23 42 34 ,  104 04 27,      5.934,      0.000,      0.000,        2.314,        5.270,     -1.443
673             ,   18 48 45 ,  104 53 54,      5.634,      0.000,      0.000,        1.756,        5.153,     -1.448
674             ,   10 31 46 ,  103 47 14,      6.083,      0.000,      0.000,        1.080,        5.808,     -1.450
675             ,    5 04 40 ,  103 30 36,      6.214,      0.000,      0.000,        0.535,        6.018,     -1.452
676             ,  355 47 48 ,  104 00 14,      6.005,      0.000,      0.000,       -0.427,        5.811,     -1.453
677             ,  345 59 39 ,  103 59 59,      6.023,      0.000,      0.000,       -1.414,        5.671,     -1.457
678             ,  337 36 47 ,  103 59 58,      6.006,      0.000,      0.000,       -2.219,        5.388,     -1.453
679             ,  328 42 42 ,  107 06 17,      4.959,      0.000,      0.000,       -2.461,        4.050,     -1.459
680             ,  333 19 30 ,  108 39 41,      4.563,      0.000,      0.000,       -1.941,        3.863,     -1.460
681             ,  344 51 56 ,  110 06 08,      4.247,      0.000,      0.000,       -1.041,        3.850,     -1.460
682             ,  359 59 35 ,  111 19 05,      3.998,      0.000,      0.000,       -0.000,        3.724,     -1.453
683             ,    6 58 46 ,  110 44 53,      4.100,      0.000,      0.000,        0.466,        3.805,     -1.452
684             ,   15 31 19 ,  110 53 32,      4.072,      0.000,      0.000,        1.018,        3.666,     -1.452
685             ,   23 38 00 ,  110 06 30,      4.213,      0.000,      0.000,        1.586,        3.624,     -1.448
686             ,   28 42 51 ,  108 59 31,      4.446,      0.000,      0.000,        2.020,        3.687,     -1.447
687             ,   45 13 39 ,  112 15 24,      3.833,      0.000,      0.000,        2.518,        2.498,     -1.452
688             ,   40 42 48 ,  114 26 45,      3.515,      0.000,      0.000,        2.087,        2.425,     -1.455
689             ,   37 25 51 ,  118 26 11,      3.057,      0.000,      0.000,        1.634,        2.135,     -1.456
690             ,   26 29 57 ,  121 22 32,      2.799,      0.000,      0.000,        1.066,        2.139,     -1.457
691             ,   12 51 17 ,  125 18 23,      2.518,      0.000,      0.000,        0.457,        2.004,     -1.455
692             ,  347 47 47 ,  125 15 40,      2.530,      0.000,      0.000,       -0.437,        2.019,     -1.461
693             ,  324 19 35 ,  121 08 22,      2.827,      0.000,      0.000,       -1.411,        1.966,     -1.462
694             ,  312 30 57 ,  118 11 21,      3.096,      0.000,      0.000,       -2.012,        1.844,     -1.463
695             ,  304 17 40 ,  115 35 30,      3.383,      0.000,      0.000,       -2.521,        1.719,     -1.461
696             ,  289 00 59 ,  117 40 20,      3.145,      0.000,      0.000,       -2.633,        0.907,     -1.460
697             ,  299 38 32 ,  128 24 29,      2.353,      0.000,      0.000,       -1.603,        0.912,     -1.462
698             ,  332 40 47 ,  141 57 31,      1.852,      0.000,      0.000,       -0.524,        1.014,     -1.459
699             ,   36 33 34 ,  140 06 27,      1.893,      0.000,      0.000,        0.723,        0.975,     -1.452
700             ,   51 48 23 ,  133 29 50,      2.114,      0.000,      0.000,        1.205,        0.948,     -1.455
701             ,   59 25 49 ,  126 54 44,      2.421,      0.000,      0.000,        1.667,        0.985,     -1.454
702             ,   64 52 49 ,  121 46 36,      2.771,      0.000,      0.000,        2.133,        1.000,     -1.459
703             ,   69 40 04 ,  117 51 23,      3.120,      0.000,      0.000,        2.586,        0.958,     -1.458
704             ,   73 28 55 ,  110 03 11,      4.241,      0.000,      0.000,        3.820,        1.133,     -1.454
705             ,  100 56 51 ,  110 08 19,      4.241,      0.000,      0.000,        3.910,       -0.756,     -1.460
706             ,  102 58 39 ,  118 52 29,      3.013,      0.000,      0.000,        2.571,       -0.592,     -1.455
707             ,  104 56 27 ,  123 50 53,      2.616,      0.000,      0.000,        2.099,       -0.560,     -1.457
708             ,  111 47 00 ,  131 41 22,      2.186,      0.000,      0.000,        1.516,       -0.606,     -1.454
709             ,  131 32 31 ,  137 43 29,      1.964,      0.000,      0.000,        0.989,       -0.876,     -1.453
710             ,  179 36 29 ,  137 42 50,      1.973,      0.000,      0.000,        0.009,       -1.327,     -1.460
711             ,  202 26 28 ,  137 42 55,      1.974,      0.000,      0.000,       -0.507,       -1.228,     -1.461
712             ,  221 50 29 ,  132 29 50,      2.164,      0.000,      0.000,       -1.064,       -1.189,     -1.462
713             ,  231 22 04 ,  124 34 08,      2.576,      0.000,      0.000,       -1.657,       -1.324,     -1.462
714             ,  239 12 46 ,  119 56 45,      2.929,      0.000,      0.000,       -2.180,       -1.299,     -1.462
715             ,  244 02 02 ,  116 02 42,      3.329,      0.000,      0.000,       -2.689,       -1.310,     -1.462
716             ,  246 35 32 ,  112 31 14,      3.813,      0.000,      0.000,       -3.232,       -1.399,     -1.460
717             ,  234 15 27 ,  109 58 47,      4.280,      0.000,      0.000,       -3.265,       -2.350,     -1.462
718             ,  229 41 11 ,  112 35 59,      3.803,      0.000,      0.000,       -2.677,       -2.272,     -1.461
719             ,  222 47 42 ,  114 59 18,      3.465,      0.000,      0.000,       -2.134,       -2.304,     -1.464
720             ,  216 12 53 ,  118 12 03,      3.102,      0.000,      0.000,       -1.615,       -2.206,     -1.466
721             ,  207 42 56 ,  120 40 13,      2.868,      0.000,      0.000,       -1.147,       -2.184,     -1.463
722             ,  178 32 15 ,  123 24 02,      2.658,      0.000,      0.000,        0.057,       -2.218,     -1.463
723             ,  155 34 49 ,  122 10 30,      2.744,      0.000,      0.000,        0.960,       -2.115,     -1.461
724             ,  132 25 23 ,  116 25 11,      3.258,      0.000,      0.000,        2.154,       -1.968,     -1.450
725             ,  141 35 38 ,  105 35 41,      5.412,      0.000,      0.000,        3.238,       -4.085,     -1.455
726             ,  146 39 25 ,  107 25 07,      4.866,      0.000,      0.000,        2.552,       -3.879,     -1.457
727             ,  156 48 51 ,  109 22 03,      4.392,      0.000,      0.000,        1.631,       -3.809,     -1.456
728             ,  162 02 57 ,  106 58 44,      4.979,      0.000,      0.000,        1.468,       -4.530,     -1.454
729             ,  181 29 05 ,  109 58 11,      4.257,      0.000,      0.000,       -0.104,       -4.000,     -1.454
730             ,  194 41 18 ,  109 27 49,      4.365,      0.000,      0.000,       -1.043,       -3.981,     -1.454
731             ,  209 10 32 ,  107 18 02,      4.899,      0.000,      0.000,       -2.280,       -4.084,     -1.457
732             ,  216 18 14 ,  106 36 28,      5.100,      0.000,      0.000,       -2.894,       -3.939,     -1.458
733             ,  189 35 28 ,  118 10 43,      3.107,      0.000,      0.000,       -0.456,       -2.700,     -1.467
734             ,  359 57 52 ,   89 58 59,      7.586,      0.000,      0.000,       -0.005,        7.586,      0.002
735             ,   17 04 24 ,  138 51 06,      1.935,      0.000,      0.000,        0.374,        1.217,     -1.457
