Point Id,,,,,,Easting,Northing,Elevation
DEFAULT17,,,,,,,,
1,,,,,,-0.0001,6.0685,1.4136
2,,,,,,0.1534,-1.2157,0.0191
3,,,,,,0.152,-1.2024,0.0164
4,,,,,,0.1602,-1.2014,0.0124
5,,,,,,0.1529,-1.1545,0.0033
6,,,,,,0.2399,-1.2942,0.0006
7,,,,,,0.0716,-1.2571,0.0028
8,,,,,,0.0563,-1.0124,9.0644
9,,,,,,0.2252,-1.0974,9.0682
10,,,,,,0.0348,-1.1482,9.063
11,,,,,,-3.6411,6.029,7.5291
12,,,,,,-3.7593,6.0346,6.6817
13,,,,,,-3.7588,6.0336,4.7605
14,,,,,,-3.7572,6.0312,3.1223
15,,,,,,-3.7536,6.0263,0.5716
16,,,,,,-3.3923,6.0374,0.2397
17,,,,,,-3.3908,6.0351,2.5846
18,,,,,,-3.393,6.0385,4.4325
19,,,,,,-3.3908,6.0347,5.7971
20,,,,,,-3.3887,6.0306,7.2977
21,,,,,,-1.9214,6.0486,0.1848
22,,,,,,-1.9213,6.048,2.6728
23,,,,,,-1.9212,6.0478,4.9778
24,,,,,,-1.9189,6.0413,7.0232
25,,,,,,-1.4162,6.0637,8.9625
26,,,,,,-1.4115,6.0425,7.0105
27,,,,,,-1.4142,6.055,4.2282
28,,,,,,-1.4143,6.0548,1.8009
29,,,,,,-1.4153,6.0595,0.186
30,,,,,,-0.0175,6.074,0.1307
31,,,,,,-0.0174,6.0641,2.9502
32,,,,,,-0.0173,6.0573,5.6586
33,,,,,,-0.0174,6.0647,7.5856
34,,,,,,-0.0176,6.0756,8.8893
35,,,,,,0.5324,6.0844,8.8448
36,,,,,,0.5309,6.067,6.327
37,,,,,,0.5314,6.0709,4.0083
38,,,,,,0.5314,6.0738,2.4494
39,,,,,,0.5003,6.0786,0.1382
40,,,,,,1.9784,6.1053,0.6021
41,,,,,,1.9755,6.0961,2.6386
42,,,,,,1.9725,6.0873,4.7679
43,,,,,,1.9732,6.0897,6.6702
44,,,,,,1.981,6.1138,8.8907
45,,,,,,2.3863,6.1164,8.9209
46,,,,,,2.3775,6.0937,6.6294
47,,,,,,2.3791,6.0975,4.274
48,,,,,,2.382,6.1051,2.4454
49,,,,,,2.3638,6.1087,0.6374
50,,,,,,-2.8637,5.3242,0.2316
51,,,,,,-2.8645,5.3258,2.4211
52,,,,,,-2.8657,5.3277,4.4243
53,,,,,,-2.8662,5.3286,6.0759
54,,,,,,-2.8611,5.3196,7.4451
55,,,,,,-2.3264,5.3379,7.2278
56,,,,,,-2.3213,5.3264,5.8577
57,,,,,,-2.3238,5.3319,3.7279
58,,,,,,-2.3232,5.3309,2.093
59,,,,,,-2.3215,5.3276,0.2558
60,,,,,,-1.0116,5.3527,0.2057
61,,,,,,-1.0097,5.3415,2.8433
62,,,,,,-1.0085,5.3357,5.4604
63,,,,,,-0.9926,5.3381,7.6382
64,,,,,,-0.9719,5.3516,8.9364
65,,,,,,-0.367,5.3548,8.8709
66,,,,,,-0.3659,5.3384,6.4229
67,,,,,,-0.3664,5.3457,3.9454
68,,,,,,-0.3978,5.3514,1.7624
69,,,,,,-0.398,5.3564,0.271
70,,,,,,0.9512,5.37,0.1517
71,,,,,,0.9504,5.3654,2.2894
72,,,,,,0.9646,5.3578,4.6295
73,,,,,,0.981,5.3641,6.7459
74,,,,,,1.0441,5.3852,8.9203
75,,,,,,1.4522,5.3936,8.9093
76,,,,,,1.4069,5.3703,6.7783
77,,,,,,1.4922,5.3678,4.4952
78,,,,,,1.495,5.3776,1.7512
79,,,,,,1.4971,5.3847,0.1657
80,,,,,,2.94,5.4041,0.1769
81,,,,,,2.935,5.3957,2.7732
82,,,,,,2.9297,5.3861,5.3059
83,,,,,,2.9323,5.3907,7.227
84,,,,,,2.9389,5.403,8.7443
85,,,,,,3.304,5.4107,8.8939
86,,,,,,3.291,5.3898,6.5412
87,,,,,,3.3358,5.463,4.4502
88,,,,,,3.2957,5.397,2.826
89,,,,,,3.3008,5.4051,0.1149
90,,,,,,3.365,5.268,0.1395
91,,,,,,3.371,5.2775,2.7649
92,,,,,,3.3838,5.2977,4.9024
93,,,,,,3.389,5.3059,6.7829
94,,,,,,3.3962,5.3174,8.864
95,,,,,,3.3959,4.8249,8.8963
96,,,,,,3.3728,4.7922,6.1883
97,,,,,,3.3658,4.782,4.2931
98,,,,,,3.3601,4.7738,2.414
99,,,,,,3.3528,4.763,0.1497
100,,,,,,3.7187,4.5583,0.1691
101,,,,,,3.7243,4.5654,2.2751
102,,,,,,3.7309,4.5607,4.981
103,,,,,,3.7408,4.5464,7.1974
104,,,,,,3.757,4.5414,8.955
105,,,,,,3.7691,2.6386,8.9357
106,,,,,,3.7901,2.653,6.4641
107,,,,,,3.7706,2.6391,4.3044
108,,,,,,3.7615,2.6327,2.205
109,,,,,,3.7518,2.6258,0.0985
110,,,,,,3.755,2.2311,0.1449
111,,,,,,3.7643,2.2367,2.3916
112,,,,,,3.7714,2.2408,4.7944
113,,,,,,3.7725,2.2416,6.7811
114,,,,,,3.7713,2.241,8.7834
115,,,,,,3.7776,0.7082,0.1824
116,,,,,,3.7809,0.7089,2.6242
117,,,,,,3.785,0.7097,4.6657
118,,,,,,3.7845,0.7097,6.7828
119,,,,,,3.7907,0.7108,8.85
120,,,,,,3.793,0.2356,8.739
121,,,,,,3.7952,0.2357,6.3631
122,,,,,,3.7928,0.2355,4.0545
123,,,,,,3.7888,0.2353,2.1663
124,,,,,,3.7833,0.2348,0.1225
125,,,,,,3.7942,-1.2047,0.1534
126,,,,,,3.8101,-1.2098,2.4963
127,,,,,,3.8147,-1.2111,4.8101
128,,,,,,3.8165,-1.2117,6.5764
129,,,,,,3.8179,-1.212,8.7039
130,,,,,,3.8309,-1.7082,8.8886
131,,,,,,3.8352,-1.7101,6.5235
132,,,,,,3.8155,-1.7016,4.3309
133,,,,,,3.8112,-1.6997,2.2821
134,,,,,,3.8012,-1.6953,0.1329
135,,,,,,3.8264,-3.4203,2.1573
136,,,,,,3.834,-3.4271,3.4776
137,,,,,,3.8353,-3.4286,5.5561
138,,,,,,3.843,-3.4353,7.1073
139,,,,,,3.8443,-3.4362,8.8915
140,,,,,,3.8489,-3.6054,8.7063
141,,,,,,3.8476,-3.6041,6.9798
142,,,,,,3.8453,-3.6022,5.1277
143,,,,,,3.8391,-3.5965,3.3824
144,,,,,,3.8328,-3.5907,2.193
145,,,,,,3.0266,3.5962,0.2096
146,,,,,,3.0358,3.6074,2.1332
147,,,,,,3.0454,3.619,4.4846
148,,,,,,3.0474,3.6013,6.4696
149,,,,,,3.0475,3.581,8.7833
150,,,,,,3.049,3.0557,8.7352
151,,,,,,3.0957,3.1024,6.2812
152,,,,,,3.0527,3.059,4.0993
153,,,,,,3.0468,3.0532,2.1958
154,,,,,,3.0373,3.0435,0.2732
155,,,,,,3.0476,1.7067,0.263
156,,,,,,3.0533,1.71,2.1683
157,,,,,,3.0611,1.7144,4.2473
158,,,,,,3.0667,1.7177,6.3026
159,,,,,,3.0631,1.7157,8.9344
160,,,,,,3.0681,1.1383,8.9039
161,,,,,,3.0677,1.1381,6.3015
162,,,,,,3.0686,1.1382,4.2728
163,,,,,,3.0646,1.1368,2.6617
164,,,,,,3.059,1.1346,0.2894
165,,,,,,3.0738,-0.1944,0.3524
166,,,,,,3.0812,-0.1948,2.1916
167,,,,,,3.0861,-0.1951,4.3447
168,,,,,,3.0934,-0.2009,6.5031
169,,,,,,3.0904,-0.2008,8.8695
170,,,,,,3.1028,-0.7994,8.9224
171,,,,,,3.1032,-0.7996,6.2664
172,,,,,,3.0952,-0.7976,4.1931
173,,,,,,3.0906,-0.7964,2.4256
174,,,,,,3.0793,-0.7937,0.2637
175,,,,,,3.0894,-2.089,0.2577
176,,,,,,3.0979,-2.0947,2.1003
177,,,,,,3.1037,-2.0986,4.0712
178,,,,,,3.1069,-2.1006,6.1625
179,,,,,,3.1172,-2.1075,8.7802
180,,,,,,3.1214,-2.7025,8.7076
181,,,,,,3.1229,-2.7038,6.2553
182,,,,,,3.1147,-2.6969,4.3682
183,,,,,,3.1077,-2.6908,2.0574
184,,,,,,3.0991,-2.6794,0.2808
185,,,,,,3.1295,-4.0343,2.0683
186,,,,,,3.1373,-4.0443,3.7749
187,,,,,,3.1389,-4.0463,5.4085
188,,,,,,3.1421,-4.0505,7.2408
189,,,,,,3.1446,-4.0536,8.8389
190,,,,,,3.1536,-4.5695,8.8767
191,,,,,,3.1459,-4.5582,6.9523
192,,,,,,3.135,-4.5426,5.2935
193,,,,,,3.1328,-4.5397,3.4929
194,,,,,,3.1234,-4.5259,2.062
195,,,,,,3.14,-5.9273,2.0143
196,,,,,,3.1418,-5.9312,3.3859
197,,,,,,3.1477,-5.9422,5.3697
198,,,,,,3.1596,-5.9646,6.9098
199,,,,,,3.1745,-5.9923,8.9224
200,,,,,,3.1729,-6.4471,8.7957
201,,,,,,3.1639,-6.4289,7.2715
202,,,,,,3.1539,-6.4087,5.2427
203,,,,,,3.1494,-6.4,3.1532
204,,,,,,3.1468,-6.3946,2.0197
205,,,,,,3.5135,-7.7215,0.1707
206,,,,,,3.5243,-7.7449,2.2753
207,,,,,,3.5273,-7.7516,4.3693
208,,,,,,3.5336,-7.7652,6.6102
209,,,,,,3.5333,-7.7645,8.8011
210,,,,,,3.5555,-8.4408,8.8137
211,,,,,,3.5638,-8.4605,6.7334
212,,,,,,3.556,-8.3996,4.7611
213,,,,,,3.5472,-8.3782,2.5986
214,,,,,,3.5312,-8.3412,0.1918
215,,,,,,3.4755,-8.5649,0.176
216,,,,,,3.4779,-8.5707,2.6032
217,,,,,,3.4824,-8.5822,4.8078
218,,,,,,3.4758,-8.5658,7.2055
219,,,,,,3.476,-8.5664,8.8521
220,,,,,,3.0253,-8.5782,8.7952
221,,,,,,3.0236,-8.574,6.7817
222,,,,,,3.024,-8.5751,4.5216
223,,,,,,3.0214,-8.5686,2.3847
224,,,,,,3.0532,-8.5639,0.3841
225,,,,,,1.5617,-8.6007,0.154
226,,,,,,1.5606,-8.5941,2.8997
227,,,,,,1.5596,-8.5888,5.526
228,,,,,,1.5587,-8.5834,7.4264
229,,,,,,1.557,-8.5749,8.8242
230,,,,,,1.2037,-8.5786,8.8111
231,,,,,,1.2333,-8.5903,6.5657
232,,,,,,1.3014,-8.5903,3.5685
233,,,,,,1.3021,-8.5943,1.7417
234,,,,,,1.4358,-8.5952,0.1492
235,,,,,,-0.3955,-8.6145,0.193
236,,,,,,-0.3952,-8.6055,2.463
237,,,,,,-0.3948,-8.603,4.5626
238,,,,,,-0.3949,-8.6044,6.6057
239,,,,,,-0.3953,-8.6082,8.6787
240,,,,,,-0.7395,-8.6159,8.6986
241,,,,,,-0.739,-8.6107,6.577
242,,,,,,-0.7389,-8.6077,4.5745
243,,,,,,-0.7394,-8.6124,1.9319
244,,,,,,-0.7399,-8.6164,0.1301
245,,,,,,-2.2594,-8.6379,0.1239
246,,,,,,-2.3256,-8.6369,2.209
247,,,,,,-2.1678,-8.6324,4.257
248,,,,,,-2.1677,-8.6315,6.0772
249,,,,,,-2.2103,-8.6169,7.2533
250,,,,,,-2.6439,-8.614,7.4644
251,,,,,,-2.6502,-8.6341,5.2694
252,,,,,,-2.6516,-8.6383,3.573
253,,,,,,-2.6531,-8.6436,1.702
254,,,,,,-2.7477,-8.6488,0.3798
255,,,,,,2.5035,-7.8646,0.5614
256,,,,,,2.505,-7.8688,2.2241
257,,,,,,2.5065,-7.8736,4.5791
258,,,,,,2.508,-7.8772,6.5553
259,,,,,,2.5063,-7.8724,8.7947
260,,,,,,2.114,-7.868,8.8214
261,,,,,,2.1164,-7.8775,6.2005
262,,,,,,2.1168,-7.8795,4.0353
263,,,,,,2.1159,-7.8767,2.0498
264,,,,,,2.0312,-7.8761,0.2537
265,,,,,,0.6645,-7.8863,1.133
266,,,,,,0.6645,-7.8853,2.7184
267,,,,,,0.6645,-7.8852,4.2588
268,,,,,,0.5839,-7.8879,6.4738
269,,,,,,0.5834,-7.8758,8.9295
270,,,,,,0.2376,-7.8883,8.9355
271,,,,,,0.2377,-7.8951,7.158
272,,,,,,0.2376,-7.8887,4.8025
273,,,,,,0.2376,-7.8898,2.4815
274,,,,,,0.1542,-7.8895,0.2658
275,,,,,,-1.234,-7.904,0.2499
276,,,,,,-1.2338,-7.9033,2.9098
277,,,,,,-1.1855,-7.9023,4.8504
278,,,,,,-1.186,-7.9043,6.7371
279,,,,,,-1.2238,-7.9076,8.888
280,,,,,,-1.3339,-7.9095,8.4364
281,,,,,,-1.7666,-7.9199,6.6497
282,,,,,,-1.7655,-7.9144,4.9908
283,,,,,,-1.7654,-7.9141,2.7417
284,,,,,,-1.766,-7.916,0.2053
285,,,,,,-3.1164,-7.9304,0.2653
286,,,,,,-3.1162,-7.93,1.6904
287,,,,,,-3.116,-7.9297,3.6646
288,,,,,,-3.1147,-7.9264,5.6774
289,,,,,,-3.1032,-7.8976,7.4441
290,,,,,,-3.473,-7.9104,7.5131
291,,,,,,-3.6625,-7.9294,6.1672
292,,,,,,-3.6621,-7.9284,4.2639
293,,,,,,-3.6636,-7.9326,2.3035
294,,,,,,-3.5584,-7.932,0.3075
295,,,,,,-3.5978,-7.8263,0.1918
296,,,,,,-3.7225,-7.4647,0.7168
297,,,,,,-3.7449,-6.0236,0.7262
298,,,,,,-3.6276,-5.8361,0.2096
299,,,,,,-3.6441,-4.3638,0.2128
300,,,,,,-3.7633,-4.2638,0.667
301,,,,,,-3.7788,-2.6693,0.6861
302,,,,,,-3.6332,-2.5669,0.0958
303,,,,,,-3.6508,-0.9255,0.0944
304,,,,,,-3.7934,-0.9601,0.6687
305,,,,,,-3.8141,0.1932,0.6859
306,,,,,,-3.6807,0.1861,0.149
307,,,,,,-3.6811,1.4841,0.113
308,,,,,,-3.812,1.537,0.6332
309,,,,,,-3.8349,3.0867,0.6497
310,,,,,,-3.7053,2.9708,0.1413
311,,,,,,-3.7302,5.6361,0.1161
312,,,,,,-3.8599,5.6826,0.6387
313,,,,,,-3.9038,5.7476,1.0511
314,,,,,,-3.8989,5.7397,2.2872
315,,,,,,-3.886,5.7212,3.571
316,,,,,,-3.8814,5.7145,4.7689
317,,,,,,-3.8779,5.7092,6.4903
318,,,,,,-3.868,3.7474,6.4868
319,,,,,,-3.868,3.7476,4.9356
320,,,,,,-3.8683,3.7482,3.7389
321,,,,,,-3.8797,3.7594,2.5034
322,,,,,,-3.8815,3.761,1.0596
323,,,,,,-3.8603,2.1465,1.1246
324,,,,,,-3.8589,2.1459,2.261
325,,,,,,-3.853,2.1425,3.7296
326,,,,,,-3.8503,2.141,4.7575
327,,,,,,-3.8477,2.1395,6.5202
328,,,,,,-3.8261,0.1757,6.5769
329,,,,,,-3.8318,0.176,4.9186
330,,,,,,-3.8362,0.1763,3.7279
331,,,,,,-3.8407,0.1765,2.4701
332,,,,,,-3.8457,0.1768,1.0414
333,,,,,,-3.8308,-1.3638,1.0205
334,,,,,,-3.8327,-1.3646,2.4538
335,,,,,,-3.8323,-1.3644,3.6509
336,,,,,,-3.8266,-1.3624,4.9873
337,,,,,,-3.819,-1.3598,6.551
338,,,,,,-3.7924,-3.0839,6.5598
339,,,,,,-3.801,-3.0908,4.8762
340,,,,,,-3.8091,-3.0974,3.748
341,,,,,,-3.8091,-3.0973,2.486
342,,,,,,-3.8043,-3.0933,1.0154
343,,,,,,-3.7851,-5.4111,1.022
344,,,,,,-3.781,-5.4056,2.516
345,,,,,,-3.7782,-5.4018,3.7336
346,,,,,,-3.7713,-5.3919,4.8907
347,,,,,,-3.7662,-5.3848,6.2939
348,,,,,,-3.7499,-7.7458,6.5655
349,,,,,,-3.7493,-7.7444,6.5646
350,,,,,,-3.7125,-7.6677,5.0782
351,,,,,,-3.7538,-7.7528,3.6654
352,,,,,,-3.7553,-7.7561,2.4808
353,,,,,,-3.7575,-7.7603,1.0249
354,,,,,,-3.7111,-7.6649,6.9121
355,,,,,,-3.5674,-7.6371,7.5265
356,,,,,,-3.7313,-4.2621,6.95
357,,,,,,-3.6059,-4.1192,7.4707
358,,,,,,-3.628,-2.1211,7.4911
359,,,,,,-3.7804,-2.1413,6.8775
360,,,,,,-3.7967,0.0923,6.901
361,,,,,,-3.6462,0.0887,7.5233
362,,,,,,-3.6826,2.9843,7.477
363,,,,,,-3.8291,3.103,6.8924
364,,,,,,-3.8181,5.7724,7.0228
365,,,,,,-3.7082,5.6063,7.4759
366,,,,,,-1.5919,5.3314,7.2868
367,,,,,,-1.5829,5.301,8.4369
368,,,,,,-1.5522,1.7331,7.2271
369,,,,,,-1.5385,1.7178,8.6874
370,,,,,,-1.527,-0.4853,8.6833
371,,,,,,-1.5331,-0.4872,7.2168
372,,,,,,-1.5072,-2.9615,7.1895
373,,,,,,-1.5038,-2.9549,8.6514
374,,,,,,-1.4668,-5.1973,8.7466
375,,,,,,-1.4827,-5.253,7.1779
376,,,,,,-1.4542,-7.4636,7.1916
377,,,,,,-1.4468,-7.4257,8.6686
378,,,,,,-1.2562,-7.5666,9.0697
379,,,,,,1.1099,-7.5474,9.0607
380,,,,,,3.0762,-7.4324,9.053
381,,,,,,3.0083,-5.1914,9.0514
382,,,,,,1.0312,-5.2303,9.0569
383,,,,,,-0.9424,-5.2548,9.0678
384,,,,,,-1.079,-3.4125,9.074
385,,,,,,0.7687,-3.3738,9.0598
386,,,,,,3.3082,-3.1998,9.0589
387,,,,,,3.3709,-1.4096,9.0612
388,,,,,,1.4044,-1.4223,9.0564
389,,,,,,-0.967,-1.8335,9.0734
390,,,,,,-1.3439,0.0814,9.0785
391,,,,,,0.9597,0.2552,9.0719
392,,,,,,3.1405,0.472,9.0615
393,,,,,,3.2659,2.341,9.0687
394,,,,,,0.8849,2.9694,9.0751
395,,,,,,-1.2267,3.1845,9.0956
396,,,,,,-1.2942,5.0834,9.095
397,,,,,,0.6308,5.227,9.0802
398,,,,,,2.83,5.2158,9.0656
399,,,,,,-2.5539,5.0979,7.6618
400,,,,,,-3.2791,5.5848,7.6417
401,,,,,,-2.4805,3.4181,7.6526
402,,,,,,-3.5044,3.3946,7.6315
403,,,,,,-3.3348,1.37,7.6136
404,,,,,,-2.473,1.0158,7.6318
405,,,,,,-2.5139,-0.6777,7.6334
406,,,,,,-3.2693,-0.8053,7.6217
407,,,,,,-3.37,-2.8035,7.6047
408,,,,,,-2.5353,-2.8207,7.6292
409,,,,,,-2.4213,-4.1428,7.6352
410,,,,,,-3.3482,-4.061,7.6043
411,,,,,,-3.3995,-6.9822,7.6108
412,,,,,,-2.2859,-6.6509,7.5456
413,,,,,,-2.3494,-8.2876,7.6313
414,,,,,,-3.4208,-7.7904,7.619
415,,,,,,-3.1443,-7.1605,0.0264
416,,,,,,-1.675,-7.7271,0.0111
417,,,,,,-0.1074,-7.7512,0.0082
418,,,,,,1.5779,-7.7001,-0.0115
419,,,,,,2.4497,-7.4475,-0.0079
420,,,,,,2.4716,-4.0858,-0.0106
421,,,,,,0.981,-3.8208,-0.0086
422,,,,,,-0.1742,-3.7843,-0.0023
423,,,,,,-1.6606,-3.4422,0.0024
424,,,,,,-3.3485,-3.5994,0.0034
425,,,,,,-3.2151,-5.3862,0.0181
426,,,,,,-1.5937,-5.7026,0.0073
427,,,,,,-0.2411,-5.5091,-0.0025
428,,,,,,1.3588,-5.3875,-0.0132
429,,,,,,1.9701,-5.181,-0.0098
430,,,,,,2.3256,-1.7466,-0.0015
431,,,,,,1.2267,-1.9398,-0.0049
432,,,,,,-0.2437,-2.1848,0.0013
433,,,,,,-1.6215,-2.0031,0.0058
434,,,,,,-3.2847,-2.3303,0.0021
435,,,,,,-3.3533,-0.968,0.0045
436,,,,,,-1.8261,-0.8235,0.0043
437,,,,,,-0.1585,-1.0106,0.0038
438,,,,,,1.5067,-0.9509,-0.0039
439,,,,,,3.6202,-1.1857,-0.008
440,,,,,,3.5857,0.305,-0.0147
441,,,,,,1.5028,0.1278,-0.0046
442,,,,,,-0.6336,0.6267,-0.0013
443,,,,,,-1.9367,0.8534,0.0013
444,,,,,,-3.3962,1.1434,0.0088
445,,,,,,-3.2862,2.5254,0.0127
446,,,,,,-1.7711,2.566,0.0038
447,,,,,,-0.1275,2.7042,-0.0064
448,,,,,,1.4712,2.6528,-0.0012
449,,,,,,2.3041,2.6564,-0.0116
450,,,,,,3.5159,4.4714,-0.018
451,,,,,,1.9003,4.0133,-0.0117
452,,,,,,-0.1874,4.4054,-0.0018
453,,,,,,-1.8302,4.0155,-0.0029
454,,,,,,-3.3596,4.5103,0.0026
455,,,,,,-3.2217,5.6036,0.0073
456,,,,,,-1.5644,5.4766,-0.0002
457,,,,,,0.3132,5.7611,-0.0081
458,,,,,,1.8168,5.704,-0.0156
459,,,,,,3.324,5.3295,-0.018
460,,,,,,0.0007,6.068,1.4133
461,,,,,,-3.3723,5.5507,0.0073
462,,,,,,-3.4193,5.6275,7.6382
463,,,,,,-1.4377,5.652,-0.0004
464,,,,,,-1.5054,5.9166,9.0926
465,,,,,,3.3203,5.3357,-0.0184
466,,,,,,3.322,5.3391,9.0661
467,,,,,,2.4841,-7.7578,-0.0083
468,,,,,,2.4942,-7.7884,9.0561
469,,,,,,-1.2054,-7.8135,0.0116
470,,,,,,,,
471,,,,,,-1.2066,-7.8241,9.0688
472,,,,,,-3.2182,-7.7856,0.025
473,,,,,,-3.2364,-7.8303,7.6194
474,,,,,,3.3675,5.3584,0.0525
475,,,,,,-3.6997,5.4457,0.0197
476,,,,,,-3.8931,5.0858,0.9053
477,,,,,,3.5195,-7.632,2.2459
478,,,,,,-3.7553,-7.9012,2.2483
479,,,,,,-3.5305,-7.9312,0.1983
480,,,,,,-3.6691,6.031,0.1797
481,,,,,,3.2357,5.4069,0.0808
482,,,,,,2.4981,-7.8606,0.0417