CHECKING DISTANT FROM POINTS TO AVERAGE PLANE TO REMOVE INCORRECT POINT. 

Distant of points(mm) belongs the plane 0 (81 points): 
20.86(650), 14.74(614), 14.45(667), 13.80(597), 13.22(620), 12.82(594), 12.80(668), 12.50(633), 12.16(618), 11.84(607), 11.80(600), 11.77(595), 11.29(619), 11.24(623), 11.01(636), 10.90(622), 10.80(599), 10.80(632), 10.56(621), 10.16(634),  9.05(660),  8.83(635),  8.77(617),  8.61(615),  8.52(601),  8.43(664),  8.16(613),  8.12(629),  8.10(592),  8.07(602),  8.06(631),  8.03(625),  7.93(624),  7.82(596),  7.53(606),  6.87(654),  6.64(610),  6.56(637),  6.49(612),  6.49(593),  6.26(603),  5.94(609),  5.85(630),  5.76(669),  5.66(663),  5.38(589),  5.30(644),  5.28(642),  5.25(591),  5.16(662),  4.31(611),  4.25(639),  4.13(608),  3.95(649),  3.92(645),  3.90(641),  3.87(655),  3.83(590),  3.79(643),  3.39(648),  3.34(658),  3.33(666),  3.07(659),  3.05(598),  2.85(652),  2.63(640),  2.55(665),  2.48(651),  2.33(628),  2.17(626),  2.07(647),  2.07(646),  2.03(656),  1.96(657),  1.69(604),  1.57(605),  1.04(653),  0.88(616),  0.71(661),  0.71(627),  0.26(638), 
Distant of points(mm) belongs the plane 1 (45 points): 
22.50(583), 15.69(582), 14.47(548),  9.55(550),  8.75(568),  8.49(573),  6.83(585),  6.75(554),  6.42(570),  5.91(572),  5.16(553),  4.82(564),  4.80(560),  4.63(539),  4.13(566),  3.60(578),  3.50(549),  3.40(584),  3.34(556),  3.20(567),  3.16(552),  3.01(577),  2.95(576),  2.88(571),  2.85(563),  2.83(587),  2.71(569),  2.45(547),  2.42(551),  2.14(575),  1.90(559),  1.79(557),  1.77(543),  1.69(565),  1.46(586),  1.30(580),  1.16(581),  1.14(555),  1.03(562),  0.97(561),  0.75(544),  0.65(558),  0.51(542),  0.06(546),  0.04(588), 
Distant of points(mm) belongs the plane 2 (43 points): 
16.54(38), 15.31(37), 11.35(43),  9.79(41),  7.91(25),  6.89(33),  6.86(36),  6.82(45),  6.43(17),  5.87(27),  5.62(14),  5.38(32),  5.11(16),  4.77(35),  4.71(28),  4.54(23),  4.50(46),  3.57(42),  3.36(5),  3.06(30),  3.02(11),  2.71(19),  2.57(39),  2.48(31),  2.45(22),  2.38(47),  2.26(29),  2.07(20),  1.95(15),  1.85(7),  1.82(18),  1.66(24),  1.37(9),  1.25(8),  1.23(44),  1.10(10),  1.06(12),  0.99(26),  0.99(40),  0.57(13),  0.37(21),  0.20(6),  0.17(34), 
Distant of points(mm) belongs the plane 3 (39 points): 
19.43(77), 15.78(80),  9.02(50),  8.83(79),  7.78(56),  7.64(85),  7.45(65),  7.44(53),  7.38(64),  7.06(81),  6.89(82),  6.81(48),  6.73(63),  5.54(84),  5.20(75),  5.19(52),  4.82(57),  4.80(62),  4.54(76),  3.79(59),  3.67(74),  3.44(86),  2.72(83),  2.61(73),  2.55(49),  2.52(70),  2.32(78),  2.23(72),  1.90(54),  1.87(68),  1.65(51),  1.49(61),  1.48(66),  1.42(60),  0.81(67),  0.67(69),  0.62(55),  0.53(58),  0.02(71), 
Distant of points(mm) belongs the plane 4 (88 points): 
29.99(475), 21.57(467), 19.25(476), 18.65(472), 17.63(461), 17.14(405), 15.65(411), 15.25(481), 14.45(406), 13.62(483), 13.34(470), 12.60(477), 12.52(479), 12.17(400), 12.16(438), 12.15(424), 11.80(459), 11.13(403), 11.10(413), 11.02(465), 10.98(478), 10.92(414), 10.15(473),  9.68(415),  9.39(401),  9.37(425),  9.35(427),  9.14(399),  8.80(445),  7.99(404),  7.41(436),  7.39(428),  7.26(448),  7.22(468),  7.00(480),  6.71(409),  6.45(431),  6.21(466),  5.64(407),  5.62(423),  5.61(446),  5.46(447),  5.24(412),  5.03(408),  5.00(444),  4.77(430),  4.67(462),  4.48(440),  4.45(418),  4.29(464),  4.15(420),  4.11(421),  3.97(457),  3.95(410),  3.63(450),  3.37(454),  3.26(433),  3.21(397),  3.13(422),  2.88(471),  2.81(451),  2.68(460),  2.55(396),  2.53(419),  2.17(416),  2.15(442),  2.00(469),  1.91(426),  1.70(439),  1.64(432),  1.52(449),  1.36(402),  1.34(437),  1.32(453),  1.22(441),  1.16(435),  1.11(455),  0.77(395),  0.77(398),  0.72(434),  0.72(456),  0.68(443),  0.67(429),  0.65(417),  0.31(474),  0.16(482),  0.06(463),  0.02(458), 
Distant of points(mm) belongs the plane 5 (55 points): 
10.76(497),  9.80(489),  8.02(491),  7.37(538),  7.27(530),  6.76(506),  5.67(496),  5.63(534),  5.58(487),  5.35(531),  5.08(494),  5.04(537),  4.85(488),  4.61(492),  4.46(527),  4.22(524),  4.17(520),  4.09(522),  3.90(511),  3.83(499),  3.61(514),  3.55(495),  3.52(516),  3.43(519),  3.37(525),  2.90(533),  2.89(518),  2.81(532),  2.70(513),  2.69(535),  2.65(536),  2.63(510),  2.45(486),  2.36(523),  2.11(521),  2.08(526),  2.07(485),  2.06(501),  1.92(484),  1.74(517),  1.64(512),  1.63(490),  1.55(493),  1.47(498),  1.44(529),  1.33(504),  1.20(515),  1.06(502),  0.77(508),  0.65(503),  0.61(528),  0.43(500),  0.42(507),  0.39(505),  0.13(509), 
Distant of points(mm) belongs the plane 6 (52 points): 
18.83(301),  9.52(305),  9.44(302),  9.31(295),  9.19(318),  9.08(322),  9.00(329),  8.82(304),  8.43(337),  7.66(333),  7.54(340),  7.29(321),  7.08(345),  6.99(326),  5.76(346),  5.34(332),  5.24(298),  4.97(316),  4.86(300),  4.82(338),  4.75(319),  4.42(331),  4.35(297),  4.29(296),  3.93(306),  3.93(303),  3.65(320),  3.62(309),  3.55(344),  3.22(313),  3.21(334),  3.03(324),  3.02(328),  3.01(330),  2.65(327),  2.55(336),  2.18(315),  2.03(335),  1.58(307),  1.53(299),  1.31(342),  1.27(311),  1.07(310),  0.97(325),  0.95(339),  0.66(323),  0.63(312),  0.62(343),  0.40(314),  0.14(308),  0.07(317),  0.07(341), 
Distant of points(mm) belongs the plane 7 (48 points): 
18.95(383), 13.93(353), 13.59(384), 12.28(359), 11.52(394), 11.21(358),  9.96(385),  9.83(392),  8.83(357),  8.36(370),  7.60(360),  7.36(391),  7.31(390),  6.79(371),  6.60(351),  6.53(382),  6.21(377),  5.50(348),  5.35(361),  4.43(379),  4.29(365),  4.17(386),  3.85(373),  3.61(362),  3.45(355),  3.45(372),  3.43(374),  3.35(347),  3.33(393),  3.17(364),  3.03(367),  3.02(354),  2.81(380),  2.77(375),  2.71(387),  2.06(388),  2.06(389),  1.75(363),  1.68(366),  1.37(368),  1.10(352),  0.66(378),  0.53(381),  0.52(350),  0.42(356),  0.40(349),  0.39(369),  0.31(376), 
Distant of points(mm) belongs the plane 8 (23 points): 
14.06(89), 11.95(87),  8.69(98),  7.91(96),  7.51(95),  7.34(91),  7.00(108),  6.73(102),  6.48(94),  6.43(90),  6.28(107),  4.44(99),  3.97(100),  3.83(109),  3.63(93),  2.46(106),  1.86(104),  1.79(92),  1.67(97),  1.07(105),  0.87(110),  0.80(103),  0.66(101), 
Distant of points(mm) belongs the plane 9 (83 points): 
22.00(186), 19.09(168), 16.26(117), 13.04(118), 12.49(185), 12.36(184), 11.82(172), 10.81(182),  9.78(133),  9.75(170),  9.01(144),  8.67(193),  8.65(161),  8.64(171),  8.56(143),  8.51(145),  8.43(147),  8.07(179),  7.63(153),  7.63(174),  7.51(192),  7.42(134),  7.31(129),  7.24(183),  7.04(142),  6.87(187),  6.83(154),  6.82(159),  6.60(166),  6.21(180),  6.06(175),  5.99(188),  5.73(160),  5.71(141),  5.32(169),  5.23(126),  4.83(112),  4.80(122),  4.29(115),  4.26(178),  4.17(131),  4.11(146),  4.07(113),  4.01(151),  3.87(114),  3.83(156),  3.72(177),  3.71(140),  3.59(194),  3.57(137),  3.34(173),  3.27(123),  3.17(157),  3.11(148),  3.00(130),  2.81(155),  2.62(136),  2.40(176),  2.19(190),  2.14(121),  2.10(119),  1.95(189),  1.83(128),  1.72(138),  1.66(152),  1.48(116),  1.13(132),  1.02(165),  1.00(111),  0.96(163),  0.89(191),  0.85(150),  0.77(124),  0.72(127),  0.71(149),  0.66(120),  0.64(181),  0.64(164),  0.51(125),  0.49(162),  0.44(139),  0.33(167),  0.24(135), 
Distant of points(mm) belongs the plane 10 (31 points): 
33.65(206), 33.11(217), 25.60(213), 17.35(201), 17.30(197), 17.24(205), 15.17(204), 15.10(216), 11.86(203), 11.54(198),  9.80(195),  9.41(209),  8.20(211),  7.94(218),  5.93(225),  5.28(223),  5.05(199),  4.85(208),  4.81(224),  3.95(207),  3.56(222),  3.27(196),  2.88(210),  2.83(200),  2.67(219),  2.67(220),  2.32(212),  1.42(214),  1.39(215),  0.85(221),  0.19(202), 
Distant of points(mm) belongs the plane 11 (30 points): 
20.84(238), 16.50(257), 13.42(262), 11.29(239), 10.57(235), 10.20(250),  6.86(252),  6.70(237),  6.30(251),  5.71(261),  5.17(226),  5.15(263),  4.53(241),  4.50(230),  4.23(227),  3.52(232),  3.36(229),  3.31(228),  2.94(264),  2.93(234),  2.47(253),  2.22(236),  2.18(231),  1.97(260),  1.46(258),  1.42(233),  1.40(254),  1.08(243),  1.06(248),  1.00(259), 
Distant of points(mm) belongs the plane 12 (29 points): 
17.74(283), 13.61(272), 10.04(267),  9.59(290),  8.90(285),  6.97(270),  6.30(287),  5.72(292),  5.36(265),  5.14(281),  4.99(294),  4.36(293),  3.44(271),  3.03(284),  2.99(274),  2.97(268),  2.83(277),  2.57(288),  2.50(266),  2.43(291),  2.40(269),  1.90(282),  1.86(279),  1.68(289),  0.93(278),  0.80(273),  0.63(286),  0.18(275),  0.02(280), 
