#OKS At   -10 : After 5 points 
3.575317, -6.868161, -0.015000 
3.609828, -0.424513, -0.015000 
-1.667938, 5.637848, -0.015000 
-3.709566, 5.604306, -0.015000 
-3.494748, -6.993638, -0.015000 
#OKS At    -5 : After 4 points 
3.575317, -6.868161, -0.010000 
3.642764, 5.725091, -0.010000 
-3.710872, 5.604280, -0.010000 
-3.496055, -6.993661, -0.010000 
#OKS At     0 : After 4 points 
3.575317, -6.868161, -0.005000 
3.642764, 5.725086, -0.005000 
-3.712179, 5.604253, -0.005000 
-3.497361, -6.993684, -0.005000 
#OKS At   100 : After 4 points 
3.575317, -6.868161, 0.095000 
3.642764, 5.724986, 0.095000 
-3.738303, 5.603724, 0.095000 
-3.523486, -6.994148, 0.095000 
#OKS At   200 : After 4 points 
3.575317, -6.868161, 0.195000 
3.642763, 5.724886, 0.195000 
-3.764427, 5.603195, 0.195000 
-3.549611, -6.994612, 0.195000 
#OKS At   300 : After 4 points 
3.575317, -6.868161, 0.295000 
3.642762, 5.724785, 0.295000 
-3.790551, 5.602665, 0.295000 
-3.575737, -6.995075, 0.295000 
#OKS At   400 : After 4 points 
3.575317, -6.868161, 0.395000 
3.642762, 5.724685, 0.395000 
-3.816675, 5.602136, 0.395000 
-3.601862, -6.995539, 0.395000 
#OKS At   500 : After 4 points 
3.575317, -6.868161, 0.495000 
3.642761, 5.724585, 0.495000 
-3.842799, 5.601607, 0.495000 
-3.627987, -6.996003, 0.495000 
#OKS At   600 : After 4 points 
3.575317, -6.868161, 0.595000 
3.642761, 5.724485, 0.595000 
-3.868923, 5.601078, 0.595000 
-3.654112, -6.996466, 0.595000 
#OKS At   700 : After 4 points 
3.575317, -6.868161, 0.695000 
3.642760, 5.724385, 0.695000 
-3.895048, 5.600548, 0.695000 
-3.680238, -6.996930, 0.695000 
#OKS At   800 : After 4 points 
3.575317, -6.868161, 0.795000 
3.642760, 5.724285, 0.795000 
-3.909012, 5.600219, 0.795000 
-3.698888, -6.997261, 0.795000 
#OKS At   900 : After 4 points 
3.575317, -6.868161, 0.895000 
3.642759, 5.724185, 0.895000 
-3.908873, 5.600121, 0.895000 
-3.698750, -6.997258, 0.895000 
#OKS At  1000 : After 4 points 
3.575317, -6.868161, 0.995000 
3.642759, 5.724085, 0.995000 
-3.908734, 5.600023, 0.995000 
-3.698613, -6.997256, 0.995000 
#OKS At  1100 : After 4 points 
3.575317, -6.868161, 1.095000 
3.642758, 5.723985, 1.095000 
-3.908595, 5.599925, 1.095000 
-3.698475, -6.997254, 1.095000 
#OKS At  1200 : After 4 points 
3.575317, -6.868161, 1.195000 
3.642758, 5.723884, 1.195000 
-3.908456, 5.599828, 1.195000 
-3.698338, -6.997251, 1.195000 
#OKS At  1300 : After 4 points 
3.575317, -6.868161, 1.295000 
3.642757, 5.723784, 1.295000 
-3.908316, 5.599730, 1.295000 
-3.698201, -6.997249, 1.295000 
#OKS At  1400 : After 4 points 
3.575317, -6.868161, 1.395000 
3.642757, 5.723684, 1.395000 
-3.908177, 5.599632, 1.395000 
-3.698063, -6.997246, 1.395000 
#OKS At  1500 : After 4 points 
3.575317, -6.868161, 1.495000 
3.642756, 5.723584, 1.495000 
-3.908038, 5.599534, 1.495000 
-3.697926, -6.997244, 1.495000 
#OKS At  1600 : After 4 points 
3.575317, -6.868161, 1.595000 
3.642755, 5.723484, 1.595000 
-3.907899, 5.599436, 1.595000 
-3.697788, -6.997241, 1.595000 
#OKS At  1700 : After 4 points 
3.575317, -6.868161, 1.695000 
3.642755, 5.723384, 1.695000 
-3.907760, 5.599338, 1.695000 
-3.697651, -6.997239, 1.695000 
#OKS At  1800 : After 4 points 
3.575317, -6.868161, 1.795000 
3.642754, 5.723284, 1.795000 
-3.907621, 5.599241, 1.795000 
-3.697513, -6.997237, 1.795000 
#OKS At  1900 : After 4 points 
3.575317, -6.868161, 1.895000 
3.642754, 5.723184, 1.895000 
-3.907482, 5.599143, 1.895000 
-3.697376, -6.997234, 1.895000 
#OKS At  2000 : After 4 points 
3.575317, -6.868161, 1.995000 
3.642753, 5.723083, 1.995000 
-3.907343, 5.599045, 1.995000 
-3.697239, -6.997232, 1.995000 
#OKS At  2100 : After 4 points 
3.575317, -6.868161, 2.095000 
3.642753, 5.722983, 2.095000 
-3.907204, 5.598947, 2.095000 
-3.697101, -6.997229, 2.095000 
#OKS At  2200 : After 4 points 
3.575317, -6.868161, 2.195000 
3.642752, 5.722883, 2.195000 
-3.907065, 5.598849, 2.195000 
-3.696964, -6.997227, 2.195000 
#OKS At  2300 : After 4 points 
3.575317, -6.868161, 2.295000 
3.642752, 5.722783, 2.295000 
-3.906926, 5.598751, 2.295000 
-3.696826, -6.997224, 2.295000 
#OKS At  2400 : After 4 points 
3.575317, -6.868161, 2.395000 
3.642751, 5.722683, 2.395000 
-3.906787, 5.598654, 2.395000 
-3.696689, -6.997222, 2.395000 
#OKS At  2500 : After 4 points 
3.575317, -6.868161, 2.495000 
3.642751, 5.722583, 2.495000 
-3.906647, 5.598556, 2.495000 
-3.696552, -6.997219, 2.495000 
#OKS At  2600 : After 4 points 
3.575317, -6.868161, 2.595000 
3.642750, 5.722483, 2.595000 
-3.906508, 5.598458, 2.595000 
-3.696414, -6.997217, 2.595000 
#OKS At  2700 : After 4 points 
3.575317, -6.868161, 2.695000 
3.642750, 5.722383, 2.695000 
-3.906369, 5.598360, 2.695000 
-3.696277, -6.997215, 2.695000 
#OKS At  2800 : After 4 points 
3.575317, -6.868161, 2.795000 
3.642749, 5.722283, 2.795000 
-3.906230, 5.598262, 2.795000 
-3.696139, -6.997212, 2.795000 
#OKS At  2900 : After 4 points 
3.575317, -6.868161, 2.895000 
3.642749, 5.722182, 2.895000 
-3.906091, 5.598165, 2.895000 
-3.696002, -6.997210, 2.895000 
#OKS At  3000 : After 4 points 
3.575317, -6.868161, 2.995000 
3.642748, 5.722082, 2.995000 
-3.905952, 5.598067, 2.995000 
-3.695864, -6.997207, 2.995000 
#OKS At  3100 : After 4 points 
3.575317, -6.868161, 3.095000 
3.642747, 5.721982, 3.095000 
-3.905813, 5.597969, 3.095000 
-3.695727, -6.997205, 3.095000 
#OKS At  3200 : After 4 points 
3.575317, -6.868161, 3.195000 
3.642747, 5.721882, 3.195000 
-3.905674, 5.597871, 3.195000 
-3.695590, -6.997202, 3.195000 
#OKS At  3300 : After 4 points 
3.575317, -6.868161, 3.295000 
3.642746, 5.721782, 3.295000 
-3.905535, 5.597773, 3.295000 
-3.695452, -6.997200, 3.295000 
#OKS At  3400 : After 4 points 
3.575317, -6.868161, 3.395000 
3.642746, 5.721682, 3.395000 
-3.905396, 5.597675, 3.395000 
-3.695315, -6.997197, 3.395000 
#OKS At  3500 : After 4 points 
3.575317, -6.868161, 3.495000 
3.642745, 5.721582, 3.495000 
-3.905257, 5.597578, 3.495000 
-3.695177, -6.997195, 3.495000 
#OKS At  3600 : After 4 points 
3.575317, -6.868161, 3.595000 
3.642745, 5.721482, 3.595000 
-3.905117, 5.597480, 3.595000 
-3.695040, -6.997193, 3.595000 
#OKS At  3700 : After 4 points 
3.575317, -6.868161, 3.695000 
3.642744, 5.721382, 3.695000 
-3.904978, 5.597382, 3.695000 
-3.694903, -6.997190, 3.695000 
#OKS At  3800 : After 4 points 
3.575317, -6.868161, 3.795000 
3.642744, 5.721281, 3.795000 
-3.904839, 5.597284, 3.795000 
-3.694765, -6.997188, 3.795000 
#OKS At  3900 : After 4 points 
3.575317, -6.868161, 3.895000 
3.642743, 5.721181, 3.895000 
-3.904700, 5.597186, 3.895000 
-3.694628, -6.997185, 3.895000 
#OKS At  4000 : After 4 points 
3.575317, -6.868161, 3.995000 
3.642743, 5.721081, 3.995000 
-3.904561, 5.597088, 3.995000 
-3.694490, -6.997183, 3.995000 
#OKS At  4100 : After 4 points 
3.575317, -6.868161, 4.095000 
3.642742, 5.720981, 4.095000 
-3.904422, 5.596991, 4.095000 
-3.694353, -6.997180, 4.095000 
#OKS At  4200 : After 4 points 
3.575317, -6.868161, 4.195000 
3.642742, 5.720881, 4.195000 
-3.904283, 5.596893, 4.195000 
-3.694215, -6.997178, 4.195000 
#OKS At  4300 : After 4 points 
3.575317, -6.868161, 4.295000 
3.642741, 5.720781, 4.295000 
-3.904144, 5.596795, 4.295000 
-3.694078, -6.997176, 4.295000 
#OKS At  4400 : After 4 points 
3.575317, -6.868161, 4.395000 
3.642740, 5.720681, 4.395000 
-3.904005, 5.596697, 4.395000 
-3.693941, -6.997173, 4.395000 
#OKS At  4500 : After 4 points 
3.575317, -6.868161, 4.495000 
3.642740, 5.720581, 4.495000 
-3.903866, 5.596599, 4.495000 
-3.693803, -6.997171, 4.495000 
#OKS At  4600 : After 4 points 
3.575317, -6.868161, 4.595000 
3.642739, 5.720480, 4.595000 
-3.903727, 5.596502, 4.595000 
-3.693666, -6.997168, 4.595000 
#OKS At  4700 : After 4 points 
3.575317, -6.868161, 4.695000 
3.642739, 5.720380, 4.695000 
-3.903588, 5.596404, 4.695000 
-3.693528, -6.997166, 4.695000 
#OKS At  4800 : After 4 points 
3.575317, -6.868161, 4.795000 
3.642738, 5.720280, 4.795000 
-3.903448, 5.596306, 4.795000 
-3.693391, -6.997163, 4.795000 
#OKS At  4900 : After 4 points 
3.575317, -6.868161, 4.895000 
3.642738, 5.720180, 4.895000 
-3.903309, 5.596208, 4.895000 
-3.693254, -6.997161, 4.895000 
#OKS At  5000 : After 4 points 
3.575317, -6.868161, 4.995000 
3.642737, 5.720080, 4.995000 
-3.903170, 5.596110, 4.995000 
-3.693116, -6.997158, 4.995000 
#OKS At  5100 : After 4 points 
3.575317, -6.868161, 5.095000 
3.642737, 5.719980, 5.095000 
-3.903031, 5.596012, 5.095000 
-3.692979, -6.997156, 5.095000 
#OKS At  5200 : After 4 points 
3.575317, -6.868161, 5.195000 
3.642736, 5.719880, 5.195000 
-3.902892, 5.595915, 5.195000 
-3.692841, -6.997154, 5.195000 
#OKS At  5300 : After 4 points 
3.575317, -6.868161, 5.295000 
3.642736, 5.719780, 5.295000 
-3.902753, 5.595817, 5.295000 
-3.692704, -6.997151, 5.295000 
#OKS At  5400 : After 4 points 
3.575317, -6.868161, 5.395000 
3.642735, 5.719680, 5.395000 
-3.902614, 5.595719, 5.395000 
-3.692567, -6.997149, 5.395000 
#OKS At  5500 : After 4 points 
3.575317, -6.868161, 5.495000 
3.642735, 5.719579, 5.495000 
-3.902475, 5.595621, 5.495000 
-3.692429, -6.997146, 5.495000 
#OKS At  5600 : After 4 points 
3.575317, -6.868161, 5.595000 
3.642734, 5.719479, 5.595000 
-3.902336, 5.595523, 5.595000 
-3.692292, -6.997144, 5.595000 
#OKS At  5700 : After 4 points 
3.575317, -6.868161, 5.695000 
3.642734, 5.719379, 5.695000 
-3.902197, 5.595425, 5.695000 
-3.692154, -6.997141, 5.695000 
#OKS At  5800 : After 4 points 
3.575317, -6.868161, 5.795000 
3.642733, 5.719279, 5.795000 
-3.902058, 5.595328, 5.795000 
-3.692017, -6.997139, 5.795000 
#OKS At  5900 : After 4 points 
3.575317, -6.868161, 5.895000 
3.642732, 5.719179, 5.895000 
-3.901918, 5.595230, 5.895000 
-3.691879, -6.997136, 5.895000 
#OKS At  6000 : After 4 points 
3.575317, -6.868161, 5.995000 
3.642732, 5.719079, 5.995000 
-3.901779, 5.595132, 5.995000 
-3.691742, -6.997134, 5.995000 
#OKS At  6100 : After 4 points 
3.575317, -6.868161, 6.095000 
3.642731, 5.718979, 6.095000 
-3.901640, 5.595034, 6.095000 
-3.691605, -6.997132, 6.095000 
#OKS At  6200 : After 4 points 
3.575317, -6.868161, 6.195000 
3.642731, 5.718879, 6.195000 
-3.901501, 5.594936, 6.195000 
-3.691467, -6.997129, 6.195000 
#OKS At  6300 : After 4 points 
3.575317, -6.868161, 6.295000 
3.642730, 5.718778, 6.295000 
-3.901362, 5.594839, 6.295000 
-3.691330, -6.997127, 6.295000 
#OKS At  6400 : After 4 points 
3.575317, -6.868161, 6.395000 
3.642730, 5.718678, 6.395000 
-3.901223, 5.594741, 6.395000 
-3.691192, -6.997124, 6.395000 
#OKS At  6500 : After 4 points 
3.575317, -6.868161, 6.495000 
3.642729, 5.718578, 6.495000 
-3.901084, 5.594643, 6.495000 
-3.691055, -6.997122, 6.495000 
#OKS At  6600 : After 4 points 
3.575317, -6.868161, 6.595000 
3.642729, 5.718478, 6.595000 
-3.900945, 5.594545, 6.595000 
-3.690918, -6.997119, 6.595000 
#OKS At  6700 : After 4 points 
3.575317, -6.868161, 6.695000 
3.642728, 5.718378, 6.695000 
-3.900806, 5.594447, 6.695000 
-3.690780, -6.997117, 6.695000 
#OKS At  6800 : After 4 points 
3.575317, -6.868161, 6.795000 
3.642728, 5.718278, 6.795000 
-3.881430, 5.594665, 6.795000 
-3.686012, -6.997032, 6.795000 
#OKS At  6900 : After 4 points 
3.575317, -6.868161, 6.895000 
3.642727, 5.718178, 6.895000 
-3.856906, 5.594968, 6.895000 
-3.661490, -6.996597, 6.895000 
#OKS At  7000 : After 4 points 
3.575317, -6.868161, 6.995000 
3.642727, 5.718078, 6.995000 
-3.832382, 5.595271, 6.995000 
-3.636968, -6.996162, 6.995000 
#OKS At  7100 : After 4 points 
3.575317, -6.868161, 7.095000 
3.642726, 5.717978, 7.095000 
-3.807857, 5.595574, 7.095000 
-3.612445, -6.995727, 7.095000 
#OKS At  7200 : After 4 points 
3.575317, -6.868161, 7.195000 
3.642725, 5.717877, 7.195000 
-3.783333, 5.595877, 7.195000 
-3.587923, -6.995291, 7.195000 
#OKS At  7300 : After 4 points 
3.575317, -6.868161, 7.295000 
3.642725, 5.717777, 7.295000 
-3.758809, 5.596179, 7.295000 
-3.563401, -6.994856, 7.295000 
#OKS At  7400 : After 4 points 
3.575317, -6.868161, 7.395000 
3.642724, 5.717677, 7.395000 
-3.734284, 5.596482, 7.395000 
-3.538879, -6.994421, 7.395000 
#OKS At  7500 : After 4 points 
3.575317, -6.868161, 7.495000 
3.642724, 5.717577, 7.495000 
-3.709760, 5.596785, 7.495000 
-3.514356, -6.993986, 7.495000 
#OKS At  7600 : After 5 points 
3.575317, -6.868161, 7.595000 
3.642723, 5.717477, 7.595000 
-2.229159, 5.621009, 7.595000 
-3.563201, -2.266196, 7.595000 
-3.489834, -6.993551, 7.595000 
#OKS At  7700 : After 4 points 
3.575317, -6.868161, 7.695000 
3.642723, 5.717377, 7.695000 
-1.610602, 5.631071, 7.695000 
-1.408967, -6.956620, 7.695000 
#OKS At  7800 : After 4 points 
3.575317, -6.868161, 7.795000 
3.642722, 5.717277, 7.795000 
-1.610140, 5.630979, 7.795000 
-1.408507, -6.956612, 7.795000 
#OKS At  7900 : After 4 points 
3.575317, -6.868161, 7.895000 
3.642722, 5.717177, 7.895000 
-1.609678, 5.630886, 7.895000 
-1.408047, -6.956604, 7.895000 
#OKS At  8000 : After 4 points 
3.575317, -6.868161, 7.995000 
3.642721, 5.717077, 7.995000 
-1.609217, 5.630794, 7.995000 
-1.407587, -6.956596, 7.995000 
#OKS At  8100 : After 4 points 
3.575317, -6.868161, 8.095000 
3.642721, 5.716976, 8.095000 
-1.608755, 5.630701, 8.095000 
-1.407126, -6.956587, 8.095000 
#OKS At  8200 : After 4 points 
3.575317, -6.868161, 8.195000 
3.642720, 5.716876, 8.195000 
-1.608293, 5.630609, 8.195000 
-1.406666, -6.956579, 8.195000 
#OKS At  8300 : After 4 points 
3.575317, -6.868161, 8.295000 
3.642720, 5.716776, 8.295000 
-1.607831, 5.630516, 8.295000 
-1.406206, -6.956571, 8.295000 
#OKS At  8400 : After 4 points 
3.575317, -6.868161, 8.395000 
3.642719, 5.716676, 8.395000 
-1.607369, 5.630424, 8.395000 
-1.405746, -6.956563, 8.395000 
#OKS At  8500 : After 4 points 
3.575317, -6.868161, 8.495000 
3.642718, 5.716576, 8.495000 
-1.606907, 5.630331, 8.495000 
-1.405285, -6.956555, 8.495000 
#OKS At  8600 : After 4 points 
3.575317, -6.868161, 8.595000 
3.642718, 5.716476, 8.595000 
-1.606446, 5.630239, 8.595000 
-1.404825, -6.956547, 8.595000 
#OKS At  8700 : After 4 points 
3.575317, -6.868161, 8.695000 
3.642717, 5.716376, 8.695000 
-1.605984, 5.630146, 8.695000 
-1.404365, -6.956538, 8.695000 
#OKS At  8800 : After 4 points 
3.575317, -6.868161, 8.795000 
3.642717, 5.716276, 8.795000 
-1.605522, 5.630054, 8.795000 
-1.403905, -6.956530, 8.795000 
#OKS At  8900 : After 4 points 
3.575317, -6.868161, 8.895000 
3.642716, 5.716175, 8.895000 
-1.605060, 5.629961, 8.895000 
-1.403444, -6.956522, 8.895000 
#OKS At  9000 : After 4 points 
3.575317, -6.868161, 8.995000 
3.642716, 5.716075, 8.995000 
-1.604598, 5.629869, 8.995000 
-1.402984, -6.956514, 8.995000 
