#OKS At   -10 : After 4 points 
3.775459, -6.864609, -0.015000 
3.685581, 3.948615, -0.015000 
-3.601442, -0.694183, -0.015000 
-3.494025, -6.993625, -0.015000 
#OKS At    -5 : After 4 points 
3.775459, -6.864609, -0.010000 
3.670812, 5.725550, -0.010000 
-3.710146, 5.604295, -0.010000 
-3.495328, -6.993648, -0.010000 
#OKS At     0 : After 4 points 
3.775459, -6.864609, -0.005000 
3.670812, 5.725545, -0.005000 
-3.711449, 5.604269, -0.005000 
-3.496631, -6.993671, -0.005000 
#OKS At   100 : After 4 points 
3.775459, -6.864609, 0.095000 
3.670813, 5.725445, 0.095000 
-3.737512, 5.603740, 0.095000 
-3.522695, -6.994133, 0.095000 
#OKS At   200 : After 4 points 
3.775459, -6.864609, 0.195000 
3.670814, 5.725345, 0.195000 
-3.763575, 5.603212, 0.195000 
-3.548759, -6.994596, 0.195000 
#OKS At   300 : After 4 points 
3.775459, -6.864609, 0.295000 
3.670814, 5.725245, 0.295000 
-3.789637, 5.602684, 0.295000 
-3.574822, -6.995059, 0.295000 
#OKS At   400 : After 4 points 
3.775459, -6.864609, 0.395000 
3.670815, 5.725145, 0.395000 
-3.815700, 5.602156, 0.395000 
-3.600886, -6.995521, 0.395000 
#OKS At   500 : After 4 points 
3.775459, -6.864609, 0.495000 
3.670816, 5.725045, 0.495000 
-3.841762, 5.601628, 0.495000 
-3.626950, -6.995984, 0.495000 
#OKS At   600 : After 4 points 
3.775459, -6.864609, 0.595000 
3.670817, 5.724945, 0.595000 
-3.867825, 5.601099, 0.595000 
-3.653013, -6.996446, 0.595000 
#OKS At   700 : After 4 points 
3.775459, -6.864609, 0.695000 
3.670818, 5.724845, 0.695000 
-3.893887, 5.600571, 0.695000 
-3.679077, -6.996909, 0.695000 
#OKS At   800 : After 4 points 
3.775459, -6.864609, 0.795000 
3.670819, 5.724745, 0.795000 
-3.908555, 5.600230, 0.795000 
-3.698432, -6.997252, 0.795000 
#OKS At   900 : After 4 points 
3.775459, -6.864609, 0.895000 
3.670819, 5.724645, 0.895000 
-3.908358, 5.600133, 0.895000 
-3.698236, -6.997249, 0.895000 
#OKS At  1000 : After 4 points 
3.775459, -6.864609, 0.995000 
3.670820, 5.724545, 0.995000 
-3.908161, 5.600037, 0.995000 
-3.698041, -6.997245, 0.995000 
#OKS At  1100 : After 4 points 
3.775459, -6.864609, 1.095000 
3.670821, 5.724445, 1.095000 
-3.907965, 5.599940, 1.095000 
-3.697846, -6.997242, 1.095000 
#OKS At  1200 : After 4 points 
3.775459, -6.864609, 1.195000 
3.670822, 5.724345, 1.195000 
-3.907768, 5.599843, 1.195000 
-3.697651, -6.997238, 1.195000 
#OKS At  1300 : After 4 points 
3.775459, -6.864609, 1.295000 
3.670823, 5.724245, 1.295000 
-3.907571, 5.599746, 1.295000 
-3.697456, -6.997235, 1.295000 
#OKS At  1400 : After 4 points 
3.775459, -6.864609, 1.395000 
3.670824, 5.724145, 1.395000 
-3.907374, 5.599649, 1.395000 
-3.697261, -6.997232, 1.395000 
#OKS At  1500 : After 4 points 
3.775459, -6.864609, 1.495000 
3.670824, 5.724045, 1.495000 
-3.907178, 5.599553, 1.495000 
-3.697066, -6.997228, 1.495000 
#OKS At  1600 : After 4 points 
3.775459, -6.864609, 1.595000 
3.670825, 5.723945, 1.595000 
-3.906981, 5.599456, 1.595000 
-3.696871, -6.997225, 1.595000 
#OKS At  1700 : After 4 points 
3.775459, -6.864609, 1.695000 
3.670826, 5.723845, 1.695000 
-3.906784, 5.599359, 1.695000 
-3.696676, -6.997221, 1.695000 
#OKS At  1800 : After 4 points 
3.775459, -6.864609, 1.795000 
3.670827, 5.723745, 1.795000 
-3.906587, 5.599262, 1.795000 
-3.696481, -6.997218, 1.795000 
#OKS At  1900 : After 4 points 
3.775459, -6.864609, 1.895000 
3.670828, 5.723645, 1.895000 
-3.906391, 5.599165, 1.895000 
-3.696286, -6.997214, 1.895000 
#OKS At  2000 : After 4 points 
3.775459, -6.864609, 1.995000 
3.670829, 5.723545, 1.995000 
-3.906194, 5.599069, 1.995000 
-3.696091, -6.997211, 1.995000 
#OKS At  2100 : After 4 points 
3.775459, -6.864609, 2.095000 
3.670829, 5.723445, 2.095000 
-3.905997, 5.598972, 2.095000 
-3.695896, -6.997207, 2.095000 
#OKS At  2200 : After 4 points 
3.775459, -6.864609, 2.195000 
3.670830, 5.723345, 2.195000 
-3.905800, 5.598875, 2.195000 
-3.695701, -6.997204, 2.195000 
#OKS At  2300 : After 4 points 
3.775459, -6.864609, 2.295000 
3.670831, 5.723245, 2.295000 
-3.905604, 5.598778, 2.295000 
-3.695505, -6.997200, 2.295000 
#OKS At  2400 : After 4 points 
3.775459, -6.864609, 2.395000 
3.670832, 5.723145, 2.395000 
-3.905407, 5.598681, 2.395000 
-3.695310, -6.997197, 2.395000 
#OKS At  2500 : After 4 points 
3.775459, -6.864609, 2.495000 
3.670833, 5.723045, 2.495000 
-3.905210, 5.598585, 2.495000 
-3.695115, -6.997193, 2.495000 
#OKS At  2600 : After 4 points 
3.775459, -6.864609, 2.595000 
3.670834, 5.722945, 2.595000 
-3.905014, 5.598488, 2.595000 
-3.694920, -6.997190, 2.595000 
#OKS At  2700 : After 4 points 
3.775459, -6.864609, 2.695000 
3.670834, 5.722844, 2.695000 
-3.904817, 5.598391, 2.695000 
-3.694725, -6.997187, 2.695000 
#OKS At  2800 : After 4 points 
3.775459, -6.864609, 2.795000 
3.670835, 5.722744, 2.795000 
-3.904620, 5.598294, 2.795000 
-3.694530, -6.997183, 2.795000 
#OKS At  2900 : After 4 points 
3.775459, -6.864609, 2.895000 
3.670836, 5.722644, 2.895000 
-3.904423, 5.598197, 2.895000 
-3.694335, -6.997180, 2.895000 
#OKS At  3000 : After 4 points 
3.775459, -6.864609, 2.995000 
3.670837, 5.722544, 2.995000 
-3.904227, 5.598101, 2.995000 
-3.694140, -6.997176, 2.995000 
#OKS At  3100 : After 4 points 
3.775459, -6.864609, 3.095000 
3.670838, 5.722444, 3.095000 
-3.904030, 5.598004, 3.095000 
-3.693945, -6.997173, 3.095000 
#OKS At  3200 : After 4 points 
3.775459, -6.864609, 3.195000 
3.670839, 5.722344, 3.195000 
-3.903833, 5.597907, 3.195000 
-3.693750, -6.997169, 3.195000 
#OKS At  3300 : After 4 points 
3.775459, -6.864609, 3.295000 
3.670839, 5.722244, 3.295000 
-3.903636, 5.597810, 3.295000 
-3.693555, -6.997166, 3.295000 
#OKS At  3400 : After 4 points 
3.775459, -6.864609, 3.395000 
3.670840, 5.722144, 3.395000 
-3.903440, 5.597713, 3.395000 
-3.693360, -6.997162, 3.395000 
#OKS At  3500 : After 4 points 
3.775459, -6.864609, 3.495000 
3.670841, 5.722044, 3.495000 
-3.903243, 5.597617, 3.495000 
-3.693165, -6.997159, 3.495000 
#OKS At  3600 : After 4 points 
3.775459, -6.864609, 3.595000 
3.670842, 5.721944, 3.595000 
-3.903046, 5.597520, 3.595000 
-3.692969, -6.997155, 3.595000 
#OKS At  3700 : After 4 points 
3.775459, -6.864609, 3.695000 
3.670843, 5.721844, 3.695000 
-3.902849, 5.597423, 3.695000 
-3.692774, -6.997152, 3.695000 
#OKS At  3800 : After 4 points 
3.775459, -6.864609, 3.795000 
3.670844, 5.721744, 3.795000 
-3.902653, 5.597326, 3.795000 
-3.692579, -6.997148, 3.795000 
#OKS At  3900 : After 4 points 
3.775459, -6.864609, 3.895000 
3.670844, 5.721644, 3.895000 
-3.902456, 5.597229, 3.895000 
-3.692384, -6.997145, 3.895000 
#OKS At  4000 : After 4 points 
3.775459, -6.864609, 3.995000 
3.670845, 5.721544, 3.995000 
-3.902259, 5.597133, 3.995000 
-3.692189, -6.997142, 3.995000 
#OKS At  4100 : After 4 points 
3.775459, -6.864609, 4.095000 
3.670846, 5.721444, 4.095000 
-3.902062, 5.597036, 4.095000 
-3.691994, -6.997138, 4.095000 
#OKS At  4200 : After 4 points 
3.775459, -6.864609, 4.195000 
3.670847, 5.721344, 4.195000 
-3.901866, 5.596939, 4.195000 
-3.691799, -6.997135, 4.195000 
#OKS At  4300 : After 4 points 
3.775459, -6.864609, 4.295000 
3.670848, 5.721244, 4.295000 
-3.901669, 5.596842, 4.295000 
-3.691604, -6.997131, 4.295000 
#OKS At  4400 : After 4 points 
3.775459, -6.864609, 4.395000 
3.670849, 5.721144, 4.395000 
-3.901472, 5.596745, 4.395000 
-3.691409, -6.997128, 4.395000 
#OKS At  4500 : After 4 points 
3.775459, -6.864609, 4.495000 
3.670849, 5.721044, 4.495000 
-3.901275, 5.596649, 4.495000 
-3.691214, -6.997124, 4.495000 
#OKS At  4600 : After 4 points 
3.775459, -6.864609, 4.595000 
3.670850, 5.720944, 4.595000 
-3.901079, 5.596552, 4.595000 
-3.691019, -6.997121, 4.595000 
#OKS At  4700 : After 4 points 
3.775459, -6.864609, 4.695000 
3.670851, 5.720844, 4.695000 
-3.900882, 5.596455, 4.695000 
-3.690824, -6.997117, 4.695000 
#OKS At  4800 : After 4 points 
3.775459, -6.864609, 4.795000 
3.670852, 5.720744, 4.795000 
-3.900685, 5.596358, 4.795000 
-3.690629, -6.997114, 4.795000 
#OKS At  4900 : After 4 points 
3.775459, -6.864609, 4.895000 
3.670853, 5.720644, 4.895000 
-3.900488, 5.596261, 4.895000 
-3.690434, -6.997110, 4.895000 
#OKS At  5000 : After 4 points 
3.775459, -6.864609, 4.995000 
3.670854, 5.720544, 4.995000 
-3.900292, 5.596165, 4.995000 
-3.690238, -6.997107, 4.995000 
#OKS At  5100 : After 4 points 
3.775459, -6.864609, 5.095000 
3.670854, 5.720444, 5.095000 
-3.900095, 5.596068, 5.095000 
-3.690043, -6.997103, 5.095000 
#OKS At  5200 : After 4 points 
3.775459, -6.864609, 5.195000 
3.670855, 5.720344, 5.195000 
-3.899898, 5.595971, 5.195000 
-3.689848, -6.997100, 5.195000 
#OKS At  5300 : After 4 points 
3.775459, -6.864609, 5.295000 
3.670856, 5.720244, 5.295000 
-3.899701, 5.595874, 5.295000 
-3.689653, -6.997097, 5.295000 
#OKS At  5400 : After 4 points 
3.775459, -6.864609, 5.395000 
3.670857, 5.720144, 5.395000 
-3.899505, 5.595777, 5.395000 
-3.689458, -6.997093, 5.395000 
#OKS At  5500 : After 4 points 
3.775459, -6.864609, 5.495000 
3.670858, 5.720044, 5.495000 
-3.899308, 5.595681, 5.495000 
-3.689263, -6.997090, 5.495000 
#OKS At  5600 : After 4 points 
3.775459, -6.864609, 5.595000 
3.670859, 5.719944, 5.595000 
-3.899111, 5.595584, 5.595000 
-3.689068, -6.997086, 5.595000 
#OKS At  5700 : After 4 points 
3.775459, -6.864609, 5.695000 
3.670859, 5.719844, 5.695000 
-3.898914, 5.595487, 5.695000 
-3.688873, -6.997083, 5.695000 
#OKS At  5800 : After 4 points 
3.775459, -6.864609, 5.795000 
3.670860, 5.719744, 5.795000 
-3.898718, 5.595390, 5.795000 
-3.688678, -6.997079, 5.795000 
#OKS At  5900 : After 4 points 
3.775459, -6.864609, 5.895000 
3.670861, 5.719644, 5.895000 
-3.898521, 5.595293, 5.895000 
-3.688483, -6.997076, 5.895000 
#OKS At  6000 : After 4 points 
3.775459, -6.864609, 5.995000 
3.670862, 5.719544, 5.995000 
-3.898324, 5.595197, 5.995000 
-3.688288, -6.997072, 5.995000 
#OKS At  6100 : After 4 points 
3.775459, -6.864609, 6.095000 
3.670863, 5.719444, 6.095000 
-3.898127, 5.595100, 6.095000 
-3.688093, -6.997069, 6.095000 
#OKS At  6200 : After 4 points 
3.775459, -6.864609, 6.195000 
3.670864, 5.719344, 6.195000 
-3.897931, 5.595003, 6.195000 
-3.687898, -6.997065, 6.195000 
#OKS At  6300 : After 4 points 
3.775459, -6.864609, 6.295000 
3.670864, 5.719244, 6.295000 
-3.897734, 5.594906, 6.295000 
-3.687702, -6.997062, 6.295000 
#OKS At  6400 : After 4 points 
3.775459, -6.864609, 6.395000 
3.670865, 5.719144, 6.395000 
-3.897537, 5.594809, 6.395000 
-3.687507, -6.997058, 6.395000 
#OKS At  6500 : After 4 points 
3.775459, -6.864609, 6.495000 
3.670866, 5.719044, 6.495000 
-3.897340, 5.594713, 6.495000 
-3.687312, -6.997055, 6.495000 
#OKS At  6600 : After 4 points 
3.775459, -6.864609, 6.595000 
3.670867, 5.718944, 6.595000 
-3.897144, 5.594616, 6.595000 
-3.687117, -6.997052, 6.595000 
#OKS At  6700 : After 4 points 
3.775459, -6.864609, 6.695000 
3.670868, 5.718844, 6.695000 
-3.896947, 5.594519, 6.695000 
-3.686922, -6.997048, 6.695000 
#OKS At  6800 : After 4 points 
3.775459, -6.864609, 6.795000 
3.670869, 5.718744, 6.795000 
-3.878218, 5.594727, 6.795000 
-3.682805, -6.996975, 6.795000 
#OKS At  6900 : After 4 points 
3.775459, -6.864609, 6.895000 
3.670869, 5.718644, 6.895000 
-3.853633, 5.595031, 6.895000 
-3.658222, -6.996539, 6.895000 
#OKS At  7000 : After 4 points 
3.775459, -6.864609, 6.995000 
3.670870, 5.718544, 6.995000 
-3.829047, 5.595334, 6.995000 
-3.633638, -6.996102, 6.995000 
#OKS At  7100 : After 4 points 
3.775459, -6.864609, 7.095000 
3.670871, 5.718444, 7.095000 
-3.804462, 5.595638, 7.095000 
-3.609055, -6.995666, 7.095000 
#OKS At  7200 : After 4 points 
3.775459, -6.864609, 7.195000 
3.670872, 5.718344, 7.195000 
-3.779877, 5.595942, 7.195000 
-3.584472, -6.995230, 7.195000 
#OKS At  7300 : After 4 points 
3.775459, -6.864609, 7.295000 
3.670873, 5.718244, 7.295000 
-3.755291, 5.596246, 7.295000 
-3.559888, -6.994794, 7.295000 
#OKS At  7400 : After 4 points 
3.775459, -6.864609, 7.395000 
3.670874, 5.718144, 7.395000 
-3.730706, 5.596550, 7.395000 
-3.535305, -6.994357, 7.395000 
#OKS At  7500 : After 4 points 
3.775459, -6.864609, 7.495000 
3.670874, 5.718044, 7.495000 
-3.706120, 5.596854, 7.495000 
-3.510721, -6.993921, 7.495000 
#OKS At  7600 : After 5 points 
3.775459, -6.864609, 7.595000 
3.670875, 5.717944, 7.595000 
-2.331342, 5.619339, 7.595000 
-3.571900, -1.467306, 7.595000 
-3.486138, -6.993485, 7.595000 
#OKS At  7700 : After 4 points 
3.775459, -6.864609, 7.695000 
3.670876, 5.717844, 7.695000 
-1.606170, 5.631152, 7.695000 
-1.404536, -6.956541, 7.695000 
#OKS At  7800 : After 4 points 
3.775459, -6.864609, 7.795000 
3.670877, 5.717744, 7.795000 
-1.605650, 5.631060, 7.795000 
-1.404018, -6.956532, 7.795000 
#OKS At  7900 : After 4 points 
3.775459, -6.864609, 7.895000 
3.670878, 5.717644, 7.895000 
-1.605131, 5.630969, 7.895000 
-1.403500, -6.956523, 7.895000 
#OKS At  8000 : After 4 points 
3.775459, -6.864609, 7.995000 
3.670879, 5.717544, 7.995000 
-1.604611, 5.630877, 7.995000 
-1.402982, -6.956514, 7.995000 
#OKS At  8100 : After 4 points 
3.775459, -6.864609, 8.095000 
3.670879, 5.717444, 8.095000 
-1.604092, 5.630786, 8.095000 
-1.402464, -6.956504, 8.095000 
#OKS At  8200 : After 4 points 
3.775459, -6.864609, 8.195000 
3.670880, 5.717344, 8.195000 
-1.603572, 5.630694, 8.195000 
-1.401946, -6.956495, 8.195000 
#OKS At  8300 : After 4 points 
3.775459, -6.864609, 8.295000 
3.670881, 5.717243, 8.295000 
-1.603053, 5.630603, 8.295000 
-1.401428, -6.956486, 8.295000 
#OKS At  8400 : After 4 points 
3.775459, -6.864609, 8.395000 
3.670882, 5.717143, 8.395000 
-1.602533, 5.630511, 8.395000 
-1.400911, -6.956477, 8.395000 
#OKS At  8500 : After 4 points 
3.775459, -6.864609, 8.495000 
3.670883, 5.717043, 8.495000 
-1.602014, 5.630420, 8.495000 
-1.400393, -6.956468, 8.495000 
#OKS At  8600 : After 4 points 
3.775459, -6.864609, 8.595000 
3.670883, 5.716943, 8.595000 
-1.601494, 5.630328, 8.595000 
-1.399875, -6.956459, 8.595000 
#OKS At  8700 : After 4 points 
3.775459, -6.864609, 8.695000 
3.670884, 5.716843, 8.695000 
-1.600975, 5.630237, 8.695000 
-1.399357, -6.956449, 8.695000 
#OKS At  8800 : After 4 points 
3.775459, -6.864609, 8.795000 
3.670885, 5.716743, 8.795000 
-1.600455, 5.630145, 8.795000 
-1.398839, -6.956440, 8.795000 
#OKS At  8900 : After 4 points 
3.775459, -6.864609, 8.895000 
3.670886, 5.716643, 8.895000 
-1.599936, 5.630054, 8.895000 
-1.398321, -6.956431, 8.895000 
#OKS At  9000 : After 4 points 
3.775459, -6.864609, 8.995000 
3.670887, 5.716543, 8.995000 
-1.599416, 5.629962, 8.995000 
-1.397803, -6.956422, 8.995000 
