#OKS At   -10 : After 4 points 
3.702687, -6.865900, -0.015000 
3.672081, 2.294809, -0.015000 
-3.655818, 2.479292, -0.015000 
-3.494288, -6.993629, -0.015000 
#OKS At    -5 : After 4 points 
3.702687, -6.865900, -0.010000 
3.660619, 5.725383, -0.010000 
-3.710410, 5.604289, -0.010000 
-3.495592, -6.993653, -0.010000 
#OKS At     0 : After 4 points 
3.702687, -6.865900, -0.005000 
3.660619, 5.725378, -0.005000 
-3.711714, 5.604263, -0.005000 
-3.496896, -6.993676, -0.005000 
#OKS At   100 : After 4 points 
3.702687, -6.865900, 0.095000 
3.660619, 5.725278, 0.095000 
-3.737799, 5.603734, 0.095000 
-3.522982, -6.994139, 0.095000 
#OKS At   200 : After 4 points 
3.702687, -6.865900, 0.195000 
3.660619, 5.725178, 0.195000 
-3.763884, 5.603206, 0.195000 
-3.549068, -6.994602, 0.195000 
#OKS At   300 : After 4 points 
3.702687, -6.865900, 0.295000 
3.660620, 5.725078, 0.295000 
-3.789969, 5.602677, 0.295000 
-3.575155, -6.995065, 0.295000 
#OKS At   400 : After 4 points 
3.702687, -6.865900, 0.395000 
3.660620, 5.724978, 0.395000 
-3.816054, 5.602149, 0.395000 
-3.601241, -6.995528, 0.395000 
#OKS At   500 : After 4 points 
3.702687, -6.865900, 0.495000 
3.660621, 5.724878, 0.495000 
-3.842139, 5.601620, 0.495000 
-3.627327, -6.995991, 0.495000 
#OKS At   600 : After 4 points 
3.702687, -6.865900, 0.595000 
3.660621, 5.724778, 0.595000 
-3.868224, 5.601091, 0.595000 
-3.653413, -6.996454, 0.595000 
#OKS At   700 : After 4 points 
3.702687, -6.865900, 0.695000 
3.660621, 5.724678, 0.695000 
-3.894309, 5.600563, 0.695000 
-3.679499, -6.996917, 0.695000 
#OKS At   800 : After 4 points 
3.702687, -6.865900, 0.795000 
3.660622, 5.724578, 0.795000 
-3.908721, 5.600226, 0.795000 
-3.698597, -6.997255, 0.795000 
#OKS At   900 : After 4 points 
3.702687, -6.865900, 0.895000 
3.660622, 5.724478, 0.895000 
-3.908545, 5.600129, 0.895000 
-3.698423, -6.997252, 0.895000 
#OKS At  1000 : After 4 points 
3.702687, -6.865900, 0.995000 
3.660622, 5.724378, 0.995000 
-3.908369, 5.600032, 0.995000 
-3.698249, -6.997249, 0.995000 
#OKS At  1100 : After 4 points 
3.702687, -6.865900, 1.095000 
3.660623, 5.724278, 1.095000 
-3.908193, 5.599934, 1.095000 
-3.698075, -6.997246, 1.095000 
#OKS At  1200 : After 4 points 
3.702687, -6.865900, 1.195000 
3.660623, 5.724177, 1.195000 
-3.908018, 5.599837, 1.195000 
-3.697901, -6.997243, 1.195000 
#OKS At  1300 : After 4 points 
3.702687, -6.865900, 1.295000 
3.660623, 5.724077, 1.295000 
-3.907842, 5.599740, 1.295000 
-3.697726, -6.997240, 1.295000 
#OKS At  1400 : After 4 points 
3.702687, -6.865900, 1.395000 
3.660624, 5.723977, 1.395000 
-3.907666, 5.599643, 1.395000 
-3.697552, -6.997237, 1.395000 
#OKS At  1500 : After 4 points 
3.702687, -6.865900, 1.495000 
3.660624, 5.723877, 1.495000 
-3.907490, 5.599546, 1.495000 
-3.697378, -6.997234, 1.495000 
#OKS At  1600 : After 4 points 
3.702687, -6.865900, 1.595000 
3.660624, 5.723777, 1.595000 
-3.907315, 5.599449, 1.595000 
-3.697204, -6.997231, 1.595000 
#OKS At  1700 : After 4 points 
3.702687, -6.865900, 1.695000 
3.660625, 5.723677, 1.695000 
-3.907139, 5.599351, 1.695000 
-3.697030, -6.997228, 1.695000 
#OKS At  1800 : After 4 points 
3.702687, -6.865900, 1.795000 
3.660625, 5.723577, 1.795000 
-3.906963, 5.599254, 1.795000 
-3.696856, -6.997225, 1.795000 
#OKS At  1900 : After 4 points 
3.702687, -6.865900, 1.895000 
3.660625, 5.723477, 1.895000 
-3.906787, 5.599157, 1.895000 
-3.696682, -6.997221, 1.895000 
#OKS At  2000 : After 4 points 
3.702687, -6.865900, 1.995000 
3.660626, 5.723377, 1.995000 
-3.906611, 5.599060, 1.995000 
-3.696508, -6.997218, 1.995000 
#OKS At  2100 : After 4 points 
3.702687, -6.865900, 2.095000 
3.660626, 5.723277, 2.095000 
-3.906436, 5.598963, 2.095000 
-3.696334, -6.997215, 2.095000 
#OKS At  2200 : After 4 points 
3.702687, -6.865900, 2.195000 
3.660626, 5.723177, 2.195000 
-3.906260, 5.598866, 2.195000 
-3.696159, -6.997212, 2.195000 
#OKS At  2300 : After 4 points 
3.702687, -6.865900, 2.295000 
3.660627, 5.723077, 2.295000 
-3.906084, 5.598768, 2.295000 
-3.695985, -6.997209, 2.295000 
#OKS At  2400 : After 4 points 
3.702687, -6.865900, 2.395000 
3.660627, 5.722977, 2.395000 
-3.905908, 5.598671, 2.395000 
-3.695811, -6.997206, 2.395000 
#OKS At  2500 : After 4 points 
3.702687, -6.865900, 2.495000 
3.660627, 5.722877, 2.495000 
-3.905732, 5.598574, 2.495000 
-3.695637, -6.997203, 2.495000 
#OKS At  2600 : After 4 points 
3.702687, -6.865900, 2.595000 
3.660628, 5.722777, 2.595000 
-3.905557, 5.598477, 2.595000 
-3.695463, -6.997200, 2.595000 
#OKS At  2700 : After 4 points 
3.702687, -6.865900, 2.695000 
3.660628, 5.722677, 2.695000 
-3.905381, 5.598380, 2.695000 
-3.695289, -6.997197, 2.695000 
#OKS At  2800 : After 4 points 
3.702687, -6.865900, 2.795000 
3.660628, 5.722577, 2.795000 
-3.905205, 5.598283, 2.795000 
-3.695115, -6.997194, 2.795000 
#OKS At  2900 : After 4 points 
3.702687, -6.865900, 2.895000 
3.660629, 5.722477, 2.895000 
-3.905029, 5.598185, 2.895000 
-3.694941, -6.997191, 2.895000 
#OKS At  3000 : After 4 points 
3.702687, -6.865900, 2.995000 
3.660629, 5.722376, 2.995000 
-3.904853, 5.598088, 2.995000 
-3.694767, -6.997187, 2.995000 
#OKS At  3100 : After 4 points 
3.702687, -6.865900, 3.095000 
3.660629, 5.722276, 3.095000 
-3.904678, 5.597991, 3.095000 
-3.694592, -6.997184, 3.095000 
#OKS At  3200 : After 4 points 
3.702687, -6.865900, 3.195000 
3.660630, 5.722176, 3.195000 
-3.904502, 5.597894, 3.195000 
-3.694418, -6.997181, 3.195000 
#OKS At  3300 : After 4 points 
3.702687, -6.865900, 3.295000 
3.660630, 5.722076, 3.295000 
-3.904326, 5.597797, 3.295000 
-3.694244, -6.997178, 3.295000 
#OKS At  3400 : After 4 points 
3.702687, -6.865900, 3.395000 
3.660630, 5.721976, 3.395000 
-3.904150, 5.597700, 3.395000 
-3.694070, -6.997175, 3.395000 
#OKS At  3500 : After 4 points 
3.702687, -6.865900, 3.495000 
3.660631, 5.721876, 3.495000 
-3.903975, 5.597602, 3.495000 
-3.693896, -6.997172, 3.495000 
#OKS At  3600 : After 4 points 
3.702687, -6.865900, 3.595000 
3.660631, 5.721776, 3.595000 
-3.903799, 5.597505, 3.595000 
-3.693722, -6.997169, 3.595000 
#OKS At  3700 : After 4 points 
3.702687, -6.865900, 3.695000 
3.660631, 5.721676, 3.695000 
-3.903623, 5.597408, 3.695000 
-3.693548, -6.997166, 3.695000 
#OKS At  3800 : After 4 points 
3.702687, -6.865900, 3.795000 
3.660632, 5.721576, 3.795000 
-3.903447, 5.597311, 3.795000 
-3.693374, -6.997163, 3.795000 
#OKS At  3900 : After 4 points 
3.702687, -6.865900, 3.895000 
3.660632, 5.721476, 3.895000 
-3.903271, 5.597214, 3.895000 
-3.693199, -6.997160, 3.895000 
#OKS At  4000 : After 4 points 
3.702687, -6.865900, 3.995000 
3.660632, 5.721376, 3.995000 
-3.903096, 5.597117, 3.995000 
-3.693025, -6.997157, 3.995000 
#OKS At  4100 : After 4 points 
3.702687, -6.865900, 4.095000 
3.660633, 5.721276, 4.095000 
-3.902920, 5.597019, 4.095000 
-3.692851, -6.997154, 4.095000 
#OKS At  4200 : After 4 points 
3.702687, -6.865900, 4.195000 
3.660633, 5.721176, 4.195000 
-3.902744, 5.596922, 4.195000 
-3.692677, -6.997150, 4.195000 
#OKS At  4300 : After 4 points 
3.702687, -6.865900, 4.295000 
3.660633, 5.721076, 4.295000 
-3.902568, 5.596825, 4.295000 
-3.692503, -6.997147, 4.295000 
#OKS At  4400 : After 4 points 
3.702687, -6.865900, 4.395000 
3.660634, 5.720976, 4.395000 
-3.902392, 5.596728, 4.395000 
-3.692329, -6.997144, 4.395000 
#OKS At  4500 : After 4 points 
3.702687, -6.865900, 4.495000 
3.660634, 5.720876, 4.495000 
-3.902217, 5.596631, 4.495000 
-3.692155, -6.997141, 4.495000 
#OKS At  4600 : After 4 points 
3.702687, -6.865900, 4.595000 
3.660634, 5.720776, 4.595000 
-3.902041, 5.596534, 4.595000 
-3.691981, -6.997138, 4.595000 
#OKS At  4700 : After 4 points 
3.702687, -6.865900, 4.695000 
3.660635, 5.720676, 4.695000 
-3.901865, 5.596436, 4.695000 
-3.691807, -6.997135, 4.695000 
#OKS At  4800 : After 4 points 
3.702687, -6.865900, 4.795000 
3.660635, 5.720576, 4.795000 
-3.901689, 5.596339, 4.795000 
-3.691632, -6.997132, 4.795000 
#OKS At  4900 : After 4 points 
3.702687, -6.865900, 4.895000 
3.660635, 5.720475, 4.895000 
-3.901513, 5.596242, 4.895000 
-3.691458, -6.997129, 4.895000 
#OKS At  5000 : After 4 points 
3.702687, -6.865900, 4.995000 
3.660636, 5.720375, 4.995000 
-3.901338, 5.596145, 4.995000 
-3.691284, -6.997126, 4.995000 
#OKS At  5100 : After 4 points 
3.702687, -6.865900, 5.095000 
3.660636, 5.720275, 5.095000 
-3.901162, 5.596048, 5.095000 
-3.691110, -6.997123, 5.095000 
#OKS At  5200 : After 4 points 
3.702687, -6.865900, 5.195000 
3.660636, 5.720175, 5.195000 
-3.900986, 5.595950, 5.195000 
-3.690936, -6.997120, 5.195000 
#OKS At  5300 : After 4 points 
3.702687, -6.865900, 5.295000 
3.660637, 5.720075, 5.295000 
-3.900810, 5.595853, 5.295000 
-3.690762, -6.997116, 5.295000 
#OKS At  5400 : After 4 points 
3.702687, -6.865900, 5.395000 
3.660637, 5.719975, 5.395000 
-3.900635, 5.595756, 5.395000 
-3.690588, -6.997113, 5.395000 
#OKS At  5500 : After 4 points 
3.702687, -6.865900, 5.495000 
3.660637, 5.719875, 5.495000 
-3.900459, 5.595659, 5.495000 
-3.690414, -6.997110, 5.495000 
#OKS At  5600 : After 4 points 
3.702687, -6.865900, 5.595000 
3.660638, 5.719775, 5.595000 
-3.900283, 5.595562, 5.595000 
-3.690240, -6.997107, 5.595000 
#OKS At  5700 : After 4 points 
3.702687, -6.865900, 5.695000 
3.660638, 5.719675, 5.695000 
-3.900107, 5.595465, 5.695000 
-3.690065, -6.997104, 5.695000 
#OKS At  5800 : After 4 points 
3.702687, -6.865900, 5.795000 
3.660638, 5.719575, 5.795000 
-3.899931, 5.595367, 5.795000 
-3.689891, -6.997101, 5.795000 
#OKS At  5900 : After 4 points 
3.702687, -6.865900, 5.895000 
3.660639, 5.719475, 5.895000 
-3.899756, 5.595270, 5.895000 
-3.689717, -6.997098, 5.895000 
#OKS At  6000 : After 4 points 
3.702687, -6.865900, 5.995000 
3.660639, 5.719375, 5.995000 
-3.899580, 5.595173, 5.995000 
-3.689543, -6.997095, 5.995000 
#OKS At  6100 : After 4 points 
3.702687, -6.865900, 6.095000 
3.660639, 5.719275, 6.095000 
-3.899404, 5.595076, 6.095000 
-3.689369, -6.997092, 6.095000 
#OKS At  6200 : After 4 points 
3.702687, -6.865900, 6.195000 
3.660640, 5.719175, 6.195000 
-3.899228, 5.594979, 6.195000 
-3.689195, -6.997089, 6.195000 
#OKS At  6300 : After 4 points 
3.702687, -6.865900, 6.295000 
3.660640, 5.719075, 6.295000 
-3.899052, 5.594882, 6.295000 
-3.689021, -6.997086, 6.295000 
#OKS At  6400 : After 4 points 
3.702687, -6.865900, 6.395000 
3.660640, 5.718975, 6.395000 
-3.898877, 5.594784, 6.395000 
-3.688847, -6.997082, 6.395000 
#OKS At  6500 : After 4 points 
3.702687, -6.865900, 6.495000 
3.660641, 5.718875, 6.495000 
-3.898701, 5.594687, 6.495000 
-3.688673, -6.997079, 6.495000 
#OKS At  6600 : After 4 points 
3.702687, -6.865900, 6.595000 
3.660641, 5.718775, 6.595000 
-3.898525, 5.594590, 6.595000 
-3.688498, -6.997076, 6.595000 
#OKS At  6700 : After 4 points 
3.702687, -6.865900, 6.695000 
3.660641, 5.718675, 6.695000 
-3.898349, 5.594493, 6.695000 
-3.688324, -6.997073, 6.695000 
#OKS At  6800 : After 4 points 
3.702687, -6.865900, 6.795000 
3.660642, 5.718574, 6.795000 
-3.879386, 5.594704, 6.795000 
-3.683971, -6.996996, 6.795000 
#OKS At  6900 : After 4 points 
3.702687, -6.865900, 6.895000 
3.660642, 5.718474, 6.895000 
-3.854822, 5.595008, 6.895000 
-3.659410, -6.996560, 6.895000 
#OKS At  7000 : After 4 points 
3.702687, -6.865900, 6.995000 
3.660642, 5.718374, 6.995000 
-3.830259, 5.595311, 6.995000 
-3.634848, -6.996124, 6.995000 
#OKS At  7100 : After 4 points 
3.702687, -6.865900, 7.095000 
3.660643, 5.718274, 7.095000 
-3.805696, 5.595615, 7.095000 
-3.610287, -6.995688, 7.095000 
#OKS At  7200 : After 4 points 
3.702687, -6.865900, 7.195000 
3.660643, 5.718174, 7.195000 
-3.781133, 5.595918, 7.195000 
-3.585726, -6.995252, 7.195000 
#OKS At  7300 : After 4 points 
3.702687, -6.865900, 7.295000 
3.660643, 5.718074, 7.295000 
-3.756569, 5.596222, 7.295000 
-3.561165, -6.994816, 7.295000 
#OKS At  7400 : After 4 points 
3.702687, -6.865900, 7.395000 
3.660644, 5.717974, 7.395000 
-3.732006, 5.596525, 7.395000 
-3.536604, -6.994380, 7.395000 
#OKS At  7500 : After 4 points 
3.702687, -6.865900, 7.495000 
3.660644, 5.717874, 7.495000 
-3.707443, 5.596829, 7.495000 
-3.512042, -6.993945, 7.495000 
#OKS At  7600 : After 5 points 
3.702687, -6.865900, 7.595000 
3.660644, 5.717774, 7.595000 
-2.293445, 5.619958, 7.595000 
-3.568740, -1.757547, 7.595000 
-3.487481, -6.993509, 7.595000 
#OKS At  7700 : After 4 points 
3.702687, -6.865900, 7.695000 
3.660645, 5.717674, 7.695000 
-1.607781, 5.631123, 7.695000 
-1.406146, -6.956570, 7.695000 
#OKS At  7800 : After 4 points 
3.702687, -6.865900, 7.795000 
3.660645, 5.717574, 7.795000 
-1.607282, 5.631031, 7.795000 
-1.405649, -6.956561, 7.795000 
#OKS At  7900 : After 4 points 
3.702687, -6.865900, 7.895000 
3.660645, 5.717474, 7.895000 
-1.606784, 5.630939, 7.895000 
-1.405152, -6.956552, 7.895000 
#OKS At  8000 : After 4 points 
3.702687, -6.865900, 7.995000 
3.660646, 5.717374, 7.995000 
-1.606285, 5.630847, 7.995000 
-1.404656, -6.956543, 7.995000 
#OKS At  8100 : After 4 points 
3.702687, -6.865900, 8.095000 
3.660646, 5.717274, 8.095000 
-1.605786, 5.630755, 8.095000 
-1.404159, -6.956535, 8.095000 
#OKS At  8200 : After 4 points 
3.702687, -6.865900, 8.195000 
3.660646, 5.717174, 8.195000 
-1.605288, 5.630663, 8.195000 
-1.403662, -6.956526, 8.195000 
#OKS At  8300 : After 4 points 
3.702687, -6.865900, 8.295000 
3.660647, 5.717074, 8.295000 
-1.604789, 5.630571, 8.295000 
-1.403165, -6.956517, 8.295000 
#OKS At  8400 : After 4 points 
3.702687, -6.865900, 8.395000 
3.660647, 5.716974, 8.395000 
-1.604291, 5.630479, 8.395000 
-1.402668, -6.956508, 8.395000 
#OKS At  8500 : After 4 points 
3.702687, -6.865900, 8.495000 
3.660647, 5.716874, 8.495000 
-1.603792, 5.630388, 8.495000 
-1.402171, -6.956499, 8.495000 
#OKS At  8600 : After 4 points 
3.702687, -6.865900, 8.595000 
3.660648, 5.716774, 8.595000 
-1.603294, 5.630296, 8.595000 
-1.401674, -6.956491, 8.595000 
#OKS At  8700 : After 4 points 
3.702687, -6.865900, 8.695000 
3.660648, 5.716673, 8.695000 
-1.602795, 5.630204, 8.695000 
-1.401177, -6.956482, 8.695000 
#OKS At  8800 : After 4 points 
3.702687, -6.865900, 8.795000 
3.660648, 5.716573, 8.795000 
-1.602297, 5.630112, 8.795000 
-1.400680, -6.956473, 8.795000 
#OKS At  8900 : After 4 points 
3.702687, -6.865900, 8.895000 
3.660649, 5.716473, 8.895000 
-1.601798, 5.630020, 8.895000 
-1.400183, -6.956464, 8.895000 
#OKS At  9000 : After 4 points 
3.702687, -6.865900, 8.995000 
3.660649, 5.716373, 8.995000 
-1.601299, 5.629928, 8.995000 
-1.399686, -6.956455, 8.995000 
