#OKS At   -20 : After 3 points 
3.526757, -8.218155, -0.005000 
3.434049, -0.577645, -0.005000 
0.488344, -8.248640, -0.005000 
#OKS At   -15 : After 5 points 
3.526757, -8.218155, 0.000000 
3.357198, 5.755993, 0.000000 
0.220693, 5.717971, 0.000000 
-3.594259, -4.216691, 0.000000 
-3.548908, -8.289147, 0.000000 
#OKS At   -10 : After 4 points 
3.526757, -8.218155, 0.005000 
3.357198, 5.755988, 0.005000 
-3.705608, 5.670370, 0.005000 
-3.550152, -8.289160, 0.005000 
#OKS At    -5 : After 4 points 
3.526757, -8.218155, 0.010000 
3.357198, 5.755984, 0.010000 
-3.706852, 5.670351, 0.010000 
-3.551397, -8.289172, 0.010000 
#OKS At     0 : After 4 points 
3.526757, -8.218155, 0.015000 
3.357198, 5.755980, 0.015000 
-3.708096, 5.670331, 0.015000 
-3.552641, -8.289185, 0.015000 
#OKS At   100 : After 4 points 
3.526757, -8.218155, 0.115000 
3.357199, 5.755891, 0.115000 
-3.732985, 5.669941, 0.115000 
-3.577531, -8.289434, 0.115000 
#OKS At   200 : After 4 points 
3.526757, -8.218155, 0.215000 
3.357200, 5.755803, 0.215000 
-3.757873, 5.669552, 0.215000 
-3.602421, -8.289684, 0.215000 
#OKS At   300 : After 4 points 
3.526757, -8.218155, 0.315000 
3.357201, 5.755715, 0.315000 
-3.782761, 5.669162, 0.315000 
-3.627311, -8.289934, 0.315000 
#OKS At   400 : After 4 points 
3.526757, -8.218155, 0.415000 
3.357202, 5.755627, 0.415000 
-3.807650, 5.668772, 0.415000 
-3.652201, -8.290184, 0.415000 
#OKS At   500 : After 4 points 
3.526757, -8.218155, 0.515000 
3.357203, 5.755539, 0.515000 
-3.832538, 5.668382, 0.515000 
-3.677091, -8.290433, 0.515000 
#OKS At   600 : After 4 points 
3.526757, -8.218155, 0.615000 
3.357205, 5.755451, 0.615000 
-3.857426, 5.667992, 0.615000 
-3.701981, -8.290683, 0.615000 
#OKS At   700 : After 4 points 
3.526757, -8.218155, 0.715000 
3.357206, 5.755363, 0.715000 
-3.882315, 5.667602, 0.715000 
-3.726870, -8.290933, 0.715000 
#OKS At   800 : After 5 points 
-3.849669, 0.500775, 0.815000 
-3.902025, 5.667275, 0.815000 
3.357207, 5.755275, 0.815000 
3.526757, -8.218155, 0.815000 
-3.751760, -8.291182, 0.815000 
#OKS At   900 : After 4 points 
3.526757, -8.218155, 0.915000 
3.357208, 5.755186, 0.915000 
-3.901989, 5.667187, 0.915000 
-3.760538, -8.291270, 0.915000 
#OKS At  1000 : After 4 points 
3.526757, -8.218155, 1.015000 
3.357209, 5.755098, 1.015000 
-3.901953, 5.667100, 1.015000 
-3.760503, -8.291270, 1.015000 
#OKS At  1100 : After 4 points 
3.526757, -8.218155, 1.115000 
3.357210, 5.755010, 1.115000 
-3.901918, 5.667012, 1.115000 
-3.760468, -8.291270, 1.115000 
#OKS At  1200 : After 4 points 
3.526757, -8.218155, 1.215000 
3.357211, 5.754922, 1.215000 
-3.901882, 5.666924, 1.215000 
-3.760434, -8.291269, 1.215000 
#OKS At  1300 : After 4 points 
3.526757, -8.218155, 1.315000 
3.357212, 5.754834, 1.315000 
-3.901846, 5.666837, 1.315000 
-3.760399, -8.291269, 1.315000 
#OKS At  1400 : After 4 points 
3.526757, -8.218155, 1.415000 
3.357213, 5.754746, 1.415000 
-3.901811, 5.666749, 1.415000 
-3.760364, -8.291269, 1.415000 
#OKS At  1500 : After 4 points 
3.526757, -8.218155, 1.515000 
3.357214, 5.754658, 1.515000 
-3.901775, 5.666661, 1.515000 
-3.760329, -8.291268, 1.515000 
#OKS At  1600 : After 4 points 
3.526757, -8.218155, 1.615000 
3.357215, 5.754569, 1.615000 
-3.901739, 5.666573, 1.615000 
-3.760294, -8.291268, 1.615000 
#OKS At  1700 : After 4 points 
3.526757, -8.218155, 1.715000 
3.357216, 5.754481, 1.715000 
-3.901704, 5.666486, 1.715000 
-3.760260, -8.291268, 1.715000 
#OKS At  1800 : After 4 points 
3.526757, -8.218155, 1.815000 
3.357217, 5.754393, 1.815000 
-3.901668, 5.666398, 1.815000 
-3.760225, -8.291267, 1.815000 
#OKS At  1900 : After 4 points 
3.526757, -8.218155, 1.915000 
3.357218, 5.754305, 1.915000 
-3.901632, 5.666310, 1.915000 
-3.760190, -8.291267, 1.915000 
#OKS At  2000 : After 4 points 
3.526757, -8.218155, 2.015000 
3.357219, 5.754217, 2.015000 
-3.901597, 5.666223, 2.015000 
-3.760155, -8.291267, 2.015000 
#OKS At  2100 : After 4 points 
3.526757, -8.218155, 2.115000 
3.357221, 5.754129, 2.115000 
-3.901561, 5.666135, 2.115000 
-3.760121, -8.291266, 2.115000 
#OKS At  2200 : After 4 points 
3.526757, -8.218155, 2.215000 
3.357222, 5.754041, 2.215000 
-3.901525, 5.666047, 2.215000 
-3.760086, -8.291266, 2.215000 
#OKS At  2300 : After 4 points 
3.526757, -8.218155, 2.315000 
3.357223, 5.753952, 2.315000 
-3.901490, 5.665959, 2.315000 
-3.760051, -8.291266, 2.315000 
#OKS At  2400 : After 4 points 
3.526757, -8.218155, 2.415000 
3.357224, 5.753864, 2.415000 
-3.901454, 5.665872, 2.415000 
-3.760016, -8.291265, 2.415000 
#OKS At  2500 : After 4 points 
3.526757, -8.218155, 2.515000 
3.357225, 5.753776, 2.515000 
-3.901418, 5.665784, 2.515000 
-3.759982, -8.291265, 2.515000 
#OKS At  2600 : After 4 points 
3.526757, -8.218155, 2.615000 
3.357226, 5.753688, 2.615000 
-3.901383, 5.665696, 2.615000 
-3.759947, -8.291265, 2.615000 
#OKS At  2700 : After 4 points 
3.526757, -8.218155, 2.715000 
3.357227, 5.753600, 2.715000 
-3.901347, 5.665608, 2.715000 
-3.759912, -8.291264, 2.715000 
#OKS At  2800 : After 4 points 
3.526757, -8.218155, 2.815000 
3.357228, 5.753512, 2.815000 
-3.901311, 5.665521, 2.815000 
-3.759877, -8.291264, 2.815000 
#OKS At  2900 : After 4 points 
3.526757, -8.218155, 2.915000 
3.357229, 5.753424, 2.915000 
-3.901276, 5.665433, 2.915000 
-3.759842, -8.291263, 2.915000 
#OKS At  3000 : After 4 points 
3.526757, -8.218155, 3.015000 
3.357230, 5.753335, 3.015000 
-3.901240, 5.665345, 3.015000 
-3.759808, -8.291263, 3.015000 
#OKS At  3100 : After 4 points 
3.526757, -8.218155, 3.115000 
3.357231, 5.753247, 3.115000 
-3.901204, 5.665258, 3.115000 
-3.759773, -8.291263, 3.115000 
#OKS At  3200 : After 4 points 
3.526757, -8.218155, 3.215000 
3.357232, 5.753159, 3.215000 
-3.901169, 5.665170, 3.215000 
-3.759738, -8.291262, 3.215000 
#OKS At  3300 : After 4 points 
3.526757, -8.218155, 3.315000 
3.357233, 5.753071, 3.315000 
-3.901133, 5.665082, 3.315000 
-3.759703, -8.291262, 3.315000 
#OKS At  3400 : After 4 points 
3.526757, -8.218155, 3.415000 
3.357234, 5.752983, 3.415000 
-3.901097, 5.664994, 3.415000 
-3.759669, -8.291262, 3.415000 
#OKS At  3500 : After 4 points 
3.526757, -8.218155, 3.515000 
3.357235, 5.752895, 3.515000 
-3.901062, 5.664907, 3.515000 
-3.759634, -8.291261, 3.515000 
#OKS At  3600 : After 4 points 
3.526757, -8.218155, 3.615000 
3.357237, 5.752807, 3.615000 
-3.901026, 5.664819, 3.615000 
-3.759599, -8.291261, 3.615000 
#OKS At  3700 : After 4 points 
3.526757, -8.218155, 3.715000 
3.357238, 5.752718, 3.715000 
-3.900990, 5.664731, 3.715000 
-3.759564, -8.291261, 3.715000 
#OKS At  3800 : After 4 points 
3.526757, -8.218155, 3.815000 
3.357239, 5.752630, 3.815000 
-3.900955, 5.664644, 3.815000 
-3.759529, -8.291260, 3.815000 
#OKS At  3900 : After 4 points 
3.526757, -8.218155, 3.915000 
3.357240, 5.752542, 3.915000 
-3.900919, 5.664556, 3.915000 
-3.759495, -8.291260, 3.915000 
#OKS At  4000 : After 4 points 
3.526757, -8.218155, 4.015000 
3.357241, 5.752454, 4.015000 
-3.900883, 5.664468, 4.015000 
-3.759460, -8.291260, 4.015000 
#OKS At  4100 : After 4 points 
3.526757, -8.218155, 4.115000 
3.357242, 5.752366, 4.115000 
-3.900848, 5.664380, 4.115000 
-3.759425, -8.291259, 4.115000 
#OKS At  4200 : After 4 points 
3.526757, -8.218155, 4.215000 
3.357243, 5.752278, 4.215000 
-3.900812, 5.664293, 4.215000 
-3.759390, -8.291259, 4.215000 
#OKS At  4300 : After 4 points 
3.526757, -8.218155, 4.315000 
3.357244, 5.752190, 4.315000 
-3.900776, 5.664205, 4.315000 
-3.759356, -8.291259, 4.315000 
#OKS At  4400 : After 4 points 
3.526757, -8.218155, 4.415000 
3.357245, 5.752102, 4.415000 
-3.900740, 5.664117, 4.415000 
-3.759321, -8.291258, 4.415000 
#OKS At  4500 : After 4 points 
3.526757, -8.218155, 4.515000 
3.357246, 5.752013, 4.515000 
-3.900705, 5.664029, 4.515000 
-3.759286, -8.291258, 4.515000 
#OKS At  4600 : After 4 points 
3.526757, -8.218155, 4.615000 
3.357247, 5.751925, 4.615000 
-3.900669, 5.663942, 4.615000 
-3.759251, -8.291258, 4.615000 
#OKS At  4700 : After 4 points 
3.526757, -8.218155, 4.715000 
3.357248, 5.751837, 4.715000 
-3.900633, 5.663854, 4.715000 
-3.759216, -8.291257, 4.715000 
#OKS At  4800 : After 4 points 
3.526757, -8.218155, 4.815000 
3.357249, 5.751749, 4.815000 
-3.900598, 5.663766, 4.815000 
-3.759182, -8.291257, 4.815000 
#OKS At  4900 : After 4 points 
3.526757, -8.218155, 4.915000 
3.357250, 5.751661, 4.915000 
-3.900562, 5.663679, 4.915000 
-3.759147, -8.291256, 4.915000 
#OKS At  5000 : After 4 points 
3.526757, -8.218155, 5.015000 
3.357252, 5.751573, 5.015000 
-3.900526, 5.663591, 5.015000 
-3.759112, -8.291256, 5.015000 
#OKS At  5100 : After 4 points 
3.526757, -8.218155, 5.115000 
3.357253, 5.751485, 5.115000 
-3.900491, 5.663503, 5.115000 
-3.759077, -8.291256, 5.115000 
#OKS At  5200 : After 4 points 
3.526757, -8.218155, 5.215000 
3.357254, 5.751396, 5.215000 
-3.900455, 5.663415, 5.215000 
-3.759043, -8.291255, 5.215000 
#OKS At  5300 : After 4 points 
3.526757, -8.218155, 5.315000 
3.357255, 5.751308, 5.315000 
-3.900419, 5.663328, 5.315000 
-3.759008, -8.291255, 5.315000 
#OKS At  5400 : After 4 points 
3.526757, -8.218155, 5.415000 
3.357256, 5.751220, 5.415000 
-3.900384, 5.663240, 5.415000 
-3.758973, -8.291255, 5.415000 
#OKS At  5500 : After 4 points 
3.526757, -8.218155, 5.515000 
3.357257, 5.751132, 5.515000 
-3.900348, 5.663152, 5.515000 
-3.758938, -8.291254, 5.515000 
#OKS At  5600 : After 4 points 
3.526757, -8.218155, 5.615000 
3.357258, 5.751044, 5.615000 
-3.900312, 5.663065, 5.615000 
-3.758903, -8.291254, 5.615000 
#OKS At  5700 : After 4 points 
3.526757, -8.218155, 5.715000 
3.357259, 5.750956, 5.715000 
-3.900277, 5.662977, 5.715000 
-3.758869, -8.291254, 5.715000 
#OKS At  5800 : After 4 points 
3.526757, -8.218155, 5.815000 
3.357260, 5.750868, 5.815000 
-3.900241, 5.662889, 5.815000 
-3.758834, -8.291253, 5.815000 
#OKS At  5900 : After 4 points 
3.526757, -8.218155, 5.915000 
3.357261, 5.750779, 5.915000 
-3.900205, 5.662801, 5.915000 
-3.758799, -8.291253, 5.915000 
#OKS At  6000 : After 4 points 
3.526757, -8.218155, 6.015000 
3.357262, 5.750691, 6.015000 
-3.900170, 5.662714, 6.015000 
-3.758764, -8.291253, 6.015000 
#OKS At  6100 : After 4 points 
3.526757, -8.218155, 6.115000 
3.357263, 5.750603, 6.115000 
-3.900134, 5.662626, 6.115000 
-3.758730, -8.291252, 6.115000 
#OKS At  6200 : After 4 points 
3.526757, -8.218155, 6.215000 
3.357264, 5.750515, 6.215000 
-3.900098, 5.662538, 6.215000 
-3.758695, -8.291252, 6.215000 
#OKS At  6300 : After 4 points 
3.526757, -8.218155, 6.315000 
3.357265, 5.750427, 6.315000 
-3.900063, 5.662451, 6.315000 
-3.758660, -8.291252, 6.315000 
#OKS At  6400 : After 4 points 
3.526757, -8.218155, 6.415000 
3.357266, 5.750339, 6.415000 
-3.900027, 5.662363, 6.415000 
-3.758625, -8.291251, 6.415000 
#OKS At  6500 : After 4 points 
3.526757, -8.218155, 6.515000 
3.357268, 5.750251, 6.515000 
-3.899991, 5.662275, 6.515000 
-3.758591, -8.291251, 6.515000 
#OKS At  6600 : After 4 points 
3.526757, -8.218155, 6.615000 
3.357269, 5.750162, 6.615000 
-3.899956, 5.662187, 6.615000 
-3.758556, -8.291251, 6.615000 
#OKS At  6700 : After 4 points 
3.526757, -8.218155, 6.715000 
3.357270, 5.750074, 6.715000 
-3.899920, 5.662100, 6.715000 
-3.758521, -8.291250, 6.715000 
#OKS At  6800 : After 4 points 
3.526757, -8.218155, 6.815000 
3.357271, 5.749986, 6.815000 
-3.888971, 5.662144, 6.815000 
-3.741334, -8.291078, 6.815000 
#OKS At  6900 : After 4 points 
3.526757, -8.218155, 6.915000 
3.357272, 5.749898, 6.915000 
-3.864702, 5.662350, 6.915000 
-3.717065, -8.290834, 6.915000 
#OKS At  7000 : After 4 points 
3.526757, -8.218155, 7.015000 
3.357273, 5.749810, 7.015000 
-3.840432, 5.662556, 7.015000 
-3.692796, -8.290591, 7.015000 
#OKS At  7100 : After 4 points 
3.526757, -8.218155, 7.115000 
3.357274, 5.749722, 7.115000 
-3.816163, 5.662762, 7.115000 
-3.668527, -8.290347, 7.115000 
#OKS At  7200 : After 4 points 
3.526757, -8.218155, 7.215000 
3.357275, 5.749634, 7.215000 
-3.791893, 5.662968, 7.215000 
-3.644258, -8.290104, 7.215000 
#OKS At  7300 : After 4 points 
3.526757, -8.218155, 7.315000 
3.357276, 5.749545, 7.315000 
-3.767624, 5.663174, 7.315000 
-3.619989, -8.289860, 7.315000 
#OKS At  7400 : After 4 points 
3.526757, -8.218155, 7.415000 
3.357277, 5.749457, 7.415000 
-3.743355, 5.663381, 7.415000 
-3.595720, -8.289617, 7.415000 
#OKS At  7500 : After 4 points 
3.526757, -8.218155, 7.515000 
3.357278, 5.749369, 7.515000 
-3.719085, 5.663587, 7.515000 
-3.571451, -8.289373, 7.515000 
#OKS At  7600 : After 5 points 
3.526757, -8.218155, 7.615000 
3.357279, 5.749281, 7.615000 
-3.694816, 5.663793, 7.615000 
-3.662031, 2.565225, 7.615000 
-2.309207, -8.276709, 7.615000 
#OKS At  7700 : After 4 points 
3.526757, -8.218155, 7.715000 
3.357280, 5.749193, 7.715000 
-1.612468, 5.688948, 7.715000 
-1.465354, -8.268242, 7.715000 
#OKS At  7800 : After 4 points 
3.526757, -8.218155, 7.815000 
3.357281, 5.749105, 7.815000 
-1.612062, 5.688864, 7.815000 
-1.464950, -8.268238, 7.815000 
#OKS At  7900 : After 4 points 
3.526757, -8.218155, 7.915000 
3.357283, 5.749017, 7.915000 
-1.611657, 5.688781, 7.915000 
-1.464546, -8.268234, 7.915000 
#OKS At  8000 : After 4 points 
3.526757, -8.218155, 8.015000 
3.357284, 5.748929, 8.015000 
-1.611252, 5.688698, 8.015000 
-1.464142, -8.268230, 8.015000 
#OKS At  8100 : After 4 points 
3.526757, -8.218155, 8.115000 
3.357285, 5.748840, 8.115000 
-1.610847, 5.688615, 8.115000 
-1.463737, -8.268226, 8.115000 
#OKS At  8200 : After 4 points 
3.526757, -8.218155, 8.215000 
3.357286, 5.748752, 8.215000 
-1.610442, 5.688531, 8.215000 
-1.463333, -8.268222, 8.215000 
#OKS At  8300 : After 4 points 
3.526757, -8.218155, 8.315000 
3.357287, 5.748664, 8.315000 
-1.610037, 5.688448, 8.315000 
-1.462929, -8.268218, 8.315000 
#OKS At  8400 : After 4 points 
3.526757, -8.218155, 8.415000 
3.357288, 5.748576, 8.415000 
-1.609632, 5.688365, 8.415000 
-1.462525, -8.268214, 8.415000 
#OKS At  8500 : After 4 points 
3.526757, -8.218155, 8.515000 
3.357289, 5.748488, 8.515000 
-1.609226, 5.688282, 8.515000 
-1.462121, -8.268210, 8.515000 
#OKS At  8600 : After 4 points 
3.526757, -8.218155, 8.615000 
3.357290, 5.748400, 8.615000 
-1.608821, 5.688198, 8.615000 
-1.461716, -8.268206, 8.615000 
#OKS At  8700 : After 4 points 
3.526757, -8.218155, 8.715000 
3.357291, 5.748312, 8.715000 
-1.608416, 5.688115, 8.715000 
-1.461312, -8.268202, 8.715000 
#OKS At  8800 : After 4 points 
3.526757, -8.218155, 8.815000 
3.357292, 5.748223, 8.815000 
-1.608011, 5.688032, 8.815000 
-1.460908, -8.268198, 8.815000 
#OKS At  8900 : After 4 points 
3.526757, -8.218155, 8.915000 
3.357293, 5.748135, 8.915000 
-1.607606, 5.687949, 8.915000 
-1.460504, -8.268194, 8.915000 
#OKS At  9000 : After 4 points 
3.526757, -8.218155, 9.015000 
3.357294, 5.748047, 9.015000 
-1.607201, 5.687865, 9.015000 
-1.460100, -8.268190, 9.015000 
