CHECKING DISTANT FROM POINTS TO AVERAGE PLANE TO REMOVE INCORRECT POINT. 

Distant of points(mm) belongs the plane 0 (14 points): 
35.24(104), 33.30(99), 21.16(103), 20.04(102), 17.22(107), 15.60(108), 15.16(106), 10.99(109), 10.36(110),  8.13(100),  6.65(101),  5.44(111),  3.73(112),  2.21(105), 
Distant of points(mm) belongs the plane 1 (16 points): 
 9.44(84),  7.21(88),  5.41(92),  4.89(89),  4.72(83),  3.79(96),  3.32(90),  2.35(86),  2.23(94),  2.23(95),  2.23(97),  1.36(93),  0.88(91),  0.46(98),  0.41(87),  0.09(85), 
Distant of points(mm) belongs the plane 2 (20 points): 
23.41(22), 13.80(15), 13.29(20), 12.89(12), 12.85(8), 12.08(17),  8.40(23),  8.03(10),  7.60(9),  7.02(21),  6.52(13),  4.60(18),  4.57(6),  4.10(5),  3.14(4),  2.89(14),  2.55(16),  2.20(19),  1.86(11),  0.99(7), 
Distant of points(mm) belongs the plane 3 (13 points): 
 8.19(44),  6.43(46),  5.20(41),  5.06(49),  3.66(52),  2.38(43),  2.35(51),  2.19(42),  2.00(47),  1.28(50),  1.28(48),  0.73(40),  0.24(45), 
Distant of points(mm) belongs the plane 4 (16 points): 
37.30(29), 17.12(34), 11.86(24),  5.16(30),  4.74(32),  4.57(28),  3.74(35),  3.48(25),  3.42(37),  3.13(27),  2.05(26),  1.13(38),  0.70(33),  0.25(31),  0.23(36),  0.19(39), 
Distant of points(mm) belongs the plane 5 (30 points): 
147.47(82), 112.95(58), 65.21(53), 63.59(71), 57.75(64), 57.58(81), 55.01(59), 44.37(57), 43.91(75), 42.63(74), 39.25(67), 38.89(78), 34.35(79), 30.52(68), 30.34(60), 27.69(73), 22.98(66), 21.31(54), 19.84(77), 18.77(76), 18.03(61), 17.35(56), 16.26(69), 16.06(65), 11.23(72), 10.90(62),  6.99(63),  4.01(70),  2.01(55),  1.43(80), 
