Point ID     ,  Hz.(º ' "),  V.(º ' "),Slope Dist.(m),Refl.Ht.(m),Inst.Ht.(m),Easting(m),  Northing(m),  Height(m)
 7777            ,    0 00 03 ,   88 19 34,          0,      0.000,      1.400,            0,            0,          0
2	  ,  236 06 23 ,  119 35 54,      2.876,      0.000,      0.000,  -1.12830,	   2.20160,	   0.27610		, //old index 1
3	  ,  236 06 23 ,  119 35 54,      2.876,      0.000,      0.000,  -0.43560,	   2.20760,	   0.68240		, //old index 2
4	  ,  236 06 23 ,  119 35 54,      2.876,      0.000,      0.000,  -0.41850,	   2.22060,	   0.28220		, //old index 3
5	  ,  236 06 23 ,  119 35 54,      2.876,      0.000,      0.000,   0.36310,	   2.19100,	   3.43020		, //old index 4
6	  ,  236 06 23 ,  119 35 54,      2.876,      0.000,      0.000,   0.36510,	   2.20270,	   2.42240		, //old index 5
7	  ,  236 06 23 ,  119 35 54,      2.876,      0.000,      0.000,   0.36740,	   2.21670,	   1.27150		, //old index 6
8	  ,  236 06 23 ,  119 35 54,      2.876,      0.000,      0.000,   0.37080,	   2.23680,	   0.11760		, //old index 7
9	  ,  236 06 23 ,  119 35 54,      2.876,      0.000,      0.000,  -0.40470,	   2.22130,	   0.15940		, //old index 8
10	  ,  236 06 23 ,  119 35 54,      2.876,      0.000,      0.000,  -0.39830,	   2.18560,	   1.39610		, //old index 9
11	  ,  236 06 23 ,  119 35 54,      2.876,      0.000,      0.000,  -0.39630,	   2.17460,	   2.24750		, //old index 10
12	  ,  236 06 23 ,  119 35 54,      2.876,      0.000,      0.000,  -0.39550,	   2.16640,	   3.39990		, //old index 11
13	  ,  236 06 23 ,  119 35 54,      2.876,      0.000,      0.000,  -1.04900,	   2.15790,	   3.45110		, //old index 12
14	  ,  236 06 23 ,  119 35 54,      2.876,      0.000,      0.000,  -1.05220,	   2.16460,	   2.39620		, //old index 13
15	  ,  236 06 23 ,  119 35 54,      2.876,      0.000,      0.000,  -1.05650,	   2.17330,	   1.39800		, //old index 14
16	  ,  236 06 23 ,  119 35 54,      2.876,      0.000,      0.000,  -1.06910,	   2.19850,	   0.22020		, //old index 15
17	  ,  236 06 23 ,  119 35 54,      2.876,      0.000,      0.000,  -1.64080,	   2.16420,	   0.48080		, //old index 16
18	  ,  236 06 23 ,  119 35 54,      2.876,      0.000,      0.000,  -1.94770,	   2.12910,	   1.26790		, //old index 17
19	  ,  236 06 23 ,  119 35 54,      2.876,      0.000,      0.000,  -1.94340,	   2.12350,	   2.32630		, //old index 18
20	  ,  236 06 23 ,  119 35 54,      2.876,      0.000,      0.000,  -2.08390,	   2.11110,	   3.47410		, //old index 19
21	  ,  236 06 23 ,  119 35 54,      2.876,      0.000,      0.000,  -2.41770,	   2.11270,	   3.30950		, //old index 20
22	  ,  236 06 23 ,  119 35 54,      2.876,      0.000,      0.000,  -2.40630,	   2.10240,	   2.53860		, //old index 21
23	  ,  236 06 23 ,  119 35 54,      2.876,      0.000,      0.000,  -2.39560,	   2.09340,	   1.97660		, //old index 22
24	  ,  236 06 23 ,  119 35 54,      2.876,      0.000,      0.000,  -2.87680,	   2.08960,	   3.49480		, //old index 23
25	  ,  236 06 23 ,  119 35 54,      2.876,      0.000,      0.000,   0.64640,	   2.04280,	   3.27810		, //old index 24
26	  ,  236 06 23 ,  119 35 54,      2.876,      0.000,      0.000,   0.64450,	   2.03720,	   2.33260		, //old index 25
27	  ,  236 06 23 ,  119 35 54,      2.876,      0.000,      0.000,   0.64200,	   2.02910,	   1.58740		, //old index 26
28	  ,  236 06 23 ,  119 35 54,      2.876,      0.000,      0.000,   0.62210,	   2.05030,	   0.29270		, //old index 27
29	  ,  236 06 23 ,  119 35 54,      2.876,      0.000,      0.000,   0.68230,	   0.73990,	   3.26730		, //old index 28
30	  ,  236 06 23 ,  119 35 54,      2.876,      0.000,      0.000,   0.71210,	   0.77220,	   2.23480		, //old index 29
31	  ,  236 06 23 ,  119 35 54,      2.876,      0.000,      0.000,   0.66910,	   0.72560,	   1.15590		, //old index 30
32	  ,  236 06 23 ,  119 35 54,      2.876,      0.000,      0.000,   0.65470,	   0.75200,	   0.34770		, //old index 31
33	  ,  236 06 23 ,  119 35 54,      2.876,      0.000,      0.000,   0.70690,	  -0.37800,	   3.27870		, //old index 32
34	  ,  236 06 23 ,  119 35 54,      2.876,      0.000,      0.000,   0.69870,	  -0.37360,	   2.17600		, //old index 33
35	  ,  236 06 23 ,  119 35 54,      2.876,      0.000,      0.000,   0.66980,	  -0.35420,	   1.08230		, //old index 34
36	  ,  236 06 23 ,  119 35 54,      2.876,      0.000,      0.000,   0.67350,	  -0.35620,	   0.19850		, //old index 35
37	  ,  236 06 23 ,  119 35 54,      2.876,      0.000,      0.000,   0.69380,	  -1.13850,	   0.11540		, //old index 36
38	  ,  236 06 23 ,  119 35 54,      2.876,      0.000,      0.000,   0.71000,	  -1.12650,	   1.32030		, //old index 37
39	  ,  236 06 23 ,  119 35 54,      2.876,      0.000,      0.000,   0.71860,	  -1.14000,	   2.28290		, //old index 38
40	  ,  236 06 23 ,  119 35 54,      2.876,      0.000,      0.000,   0.72620,	  -1.09000,	   3.19280		, //old index 39
41	  ,  236 06 23 ,  119 35 54,      2.876,      0.000,      0.000,   0.37940,	  -2.69690,	   3.37370		, //old index 40
42	  ,  236 06 23 ,  119 35 54,      2.876,      0.000,      0.000,   0.37800,	  -2.68840,	   2.51050		, //old index 41
43	  ,  236 06 23 ,  119 35 54,      2.876,      0.000,      0.000,   0.37530,	  -2.66890,	   1.41180		, //old index 42
44	  ,  236 06 23 ,  119 35 54,      2.876,      0.000,      0.000,   0.37350,	  -2.65630,	   0.56020		, //old index 43
45	  ,  236 06 23 ,  119 35 54,      2.876,      0.000,      0.000,  -0.12230,	  -2.66650,	   1.12120		, //old index 44
46	  ,  236 06 23 ,  119 35 54,      2.876,      0.000,      0.000,  -0.12330,	  -2.68870,	   2.06480		, //old index 45
47	  ,  236 06 23 ,  119 35 54,      2.876,      0.000,      0.000,  -0.12360,	  -2.69510,	   2.89970		, //old index 46
48	  ,  236 06 23 ,  119 35 54,      2.876,      0.000,      0.000,  -0.12410,	  -2.70700,	   3.39440		, //old index 47
49	  ,  236 06 23 ,  119 35 54,      2.876,      0.000,      0.000,  -0.87920,	  -2.72620,	   3.37480		, //old index 48
50	  ,  236 06 23 ,  119 35 54,      2.876,      0.000,      0.000,  -0.87830,	  -2.72400,	   2.80960		, //old index 49
51	  ,  236 06 23 ,  119 35 54,      2.876,      0.000,      0.000,  -0.87450,	  -2.71180,	   2.25690		, //old index 50
52	  ,  236 06 23 ,  119 35 54,      2.876,      0.000,      0.000,  -1.20990,	  -2.73350,	   3.38420		, //old index 51
53	  ,  236 06 23 ,  119 35 54,      2.876,      0.000,      0.000,  -1.20910,	  -2.73120,	   2.83410		, //old index 52
54	  ,  236 06 23 ,  119 35 54,      2.876,      0.000,      0.000,  -1.97170,	  -1.18280,	   3.07200		, //old index 53
55	  ,  236 06 23 ,  119 35 54,      2.876,      0.000,      0.000,  -1.63700,	  -0.98200,	   2.40390		, //old index 54
56	  ,  236 06 23 ,  119 35 54,      2.876,      0.000,      0.000,  -1.36550,	  -1.03810,	   1.97390		, //old index 55
57	  ,  236 06 23 ,  119 35 54,      2.876,      0.000,      0.000,  -0.96960,	  -1.01870,	   1.25860		, //old index 56
58	  ,  236 06 23 ,  119 35 54,      2.876,      0.000,      0.000,  -0.69020,	  -1.07070,	   0.82820		, //old index 57
59	  ,  236 06 23 ,  119 35 54,      2.876,      0.000,      0.000,  -0.33590,	  -1.05550,	   0.30420		, //old index 58
60	  ,  236 06 23 ,  119 35 54,      2.876,      0.000,      0.000,  -2.22700,	  -0.45150,	   3.07990		, //old index 59
61	  ,  236 06 23 ,  119 35 54,      2.876,      0.000,      0.000,  -1.83640,	  -0.44880,	   2.39780		, //old index 60
62	  ,  236 06 23 ,  119 35 54,      2.876,      0.000,      0.000,  -1.58430,	  -0.38720,	   1.90890		, //old index 61
63	  ,  236 06 23 ,  119 35 54,      2.876,      0.000,      0.000,  -1.23500,	  -0.35760,	   1.24710		, //old index 62
64	  ,  236 06 23 ,  119 35 54,      2.876,      0.000,      0.000,  -0.98740,	  -0.34610,	   0.81310		, //old index 63
65	  ,  236 06 23 ,  119 35 54,      2.876,      0.000,      0.000,  -0.67620,	  -0.31910,	   0.32240		, //old index 64
66	  ,  236 06 23 ,  119 35 54,      2.876,      0.000,      0.000,  -1.06330,	   0.56550,	   0.35850		, //old index 65
67	  ,  236 06 23 ,  119 35 54,      2.876,      0.000,      0.000,  -1.34570,	   0.57450,	   0.79680		, //old index 66
68	  ,  236 06 23 ,  119 35 54,      2.876,      0.000,      0.000,  -1.61560,	   0.58500,	   1.26150		, //old index 67
69	  ,  236 06 23 ,  119 35 54,      2.876,      0.000,      0.000,  -1.88130,	   0.51020,	   1.83200		, //old index 68
70	  ,  236 06 23 ,  119 35 54,      2.876,      0.000,      0.000,  -2.20070,	   0.54710,	   2.44030		, //old index 69
71	  ,  236 06 23 ,  119 35 54,      2.876,      0.000,      0.000,  -2.51700,	   0.48840,	   3.12100		, //old index 70
72	  ,  236 06 23 ,  119 35 54,      2.876,      0.000,      0.000,  -2.70120,	   1.18150,	   3.13140		, //old index 71
73	  ,  236 06 23 ,  119 35 54,      2.876,      0.000,      0.000,  -2.42100,	   1.22320,	   2.45840		, //old index 72
74	  ,  236 06 23 ,  119 35 54,      2.876,      0.000,      0.000,  -2.12510,	   1.18570,	   1.83960		, //old index 73
75	  ,  236 06 23 ,  119 35 54,      2.876,      0.000,      0.000,  -1.85590,	   1.19750,	   1.29130		, //old index 74
76	  ,  236 06 23 ,  119 35 54,      2.876,      0.000,      0.000,  -1.59490,	   1.22950,	   0.77530		, //old index 75
77	  ,  236 06 23 ,  119 35 54,      2.876,      0.000,      0.000,  -1.37380,	   1.22910,	   0.41550		, //old index 76
78	  ,  236 06 23 ,  119 35 54,      2.876,      0.000,      0.000,  -1.63040,	   1.96270,	   0.39910		, //old index 77
79	  ,  236 06 23 ,  119 35 54,      2.876,      0.000,      0.000,  -1.83120,	   1.96930,	   0.73010		, //old index 78
80	  ,  236 06 23 ,  119 35 54,      2.876,      0.000,      0.000,  -2.12190,	   1.96180,	   1.29270		, //old index 79
81	  ,  236 06 23 ,  119 35 54,      2.876,      0.000,      0.000,  -2.36190,	   1.92940,	   1.84020		, //old index 80
82	  ,  236 06 23 ,  119 35 54,      2.876,      0.000,      0.000,  -2.60230,	   1.89910,	   2.44540		, //old index 81
83	  ,  236 06 23 ,  119 35 54,      2.876,      0.000,      0.000,  -2.86760,	   1.86080,	   3.17200		, //old index 82
84	  ,  236 06 23 ,  119 35 54,      2.876,      0.000,      0.000,  -2.76500,	   1.79500,	   3.58960		, //old index 83
85	  ,  236 06 23 ,  119 35 54,      2.876,      0.000,      0.000,  -1.30380,	   1.91300,	   3.58070		, //old index 84
86	  ,  236 06 23 ,  119 35 54,      2.876,      0.000,      0.000,  -0.30500,	   1.95890,	   3.56150		, //old index 85
87	  ,  236 06 23 ,  119 35 54,      2.876,      0.000,      0.000,   0.35600,	   1.88410,	   3.55170		, //old index 86
88	  ,  236 06 23 ,  119 35 54,      2.876,      0.000,      0.000,   0.35910,	   0.57450,	   3.54040		, //old index 87
89	  ,  236 06 23 ,  119 35 54,      2.876,      0.000,      0.000,  -0.60450,	   0.44510,	   3.54120		, //old index 88
90	  ,  236 06 23 ,  119 35 54,      2.876,      0.000,      0.000,  -1.31430,	   0.36600,	   3.54990		, //old index 89
91	  ,  236 06 23 ,  119 35 54,      2.876,      0.000,      0.000,  -2.58470,	   0.49610,	   3.56580		, //old index 90
92	  ,  236 06 23 ,  119 35 54,      2.876,      0.000,      0.000,  -2.03580,	  -0.98310,	   3.54680		, //old index 91
93	  ,  236 06 23 ,  119 35 54,      2.876,      0.000,      0.000,  -1.03750,	  -1.01080,	   3.53180		, //old index 92
94	  ,  236 06 23 ,  119 35 54,      2.876,      0.000,      0.000,  -0.24040,	  -1.03340,	   3.52750		, //old index 93
95	  ,  236 06 23 ,  119 35 54,      2.876,      0.000,      0.000,   0.32390,	  -1.00930,	   3.52560		, //old index 94
96	  ,  236 06 23 ,  119 35 54,      2.876,      0.000,      0.000,   0.45240,	  -2.36110,	   3.50980		, //old index 95
97	  ,  236 06 23 ,  119 35 54,      2.876,      0.000,      0.000,  -0.10370,	  -2.40990,	   3.51650		, //old index 96
98	  ,  236 06 23 ,  119 35 54,      2.876,      0.000,      0.000,  -0.82910,	  -2.44950,	   3.52190		, //old index 97
99	  ,  236 06 23 ,  119 35 54,      2.876,      0.000,      0.000,  -1.22890,	  -2.55210,	   3.52310		, //old index 98
100	  ,  236 06 23 ,  119 35 54,      2.876,      0.000,      0.000,   0.51280,	  -2.63680,	  -0.00460		, //old index 99
101	  ,  236 06 23 ,  119 35 54,      2.876,      0.000,      0.000,   0.35220,	  -2.13350,	   0.01320		, //old index 100
102	  ,  236 06 23 ,  119 35 54,      2.876,      0.000,      0.000,   0.09550,	  -1.54590,	   0.01920		, //old index 101
103	  ,  236 06 23 ,  119 35 54,      2.876,      0.000,      0.000,   0.53620,	  -1.13380,	   0.02790		, //old index 102
104	  ,  236 06 23 ,  119 35 54,      2.876,      0.000,      0.000,  -0.01680,	  -1.12530,	   0.02760		, //old index 103
105	  ,  236 06 23 ,  119 35 54,      2.876,      0.000,      0.000,   0.64830,	  -0.45300,	   0.03390		, //old index 104
106	  ,  236 06 23 ,  119 35 54,      2.876,      0.000,      0.000,  -0.66700,	   0.47810,	  -0.01960		, //old index 105
107	  ,  236 06 23 ,  119 35 54,      2.876,      0.000,      0.000,   0.44790,	   0.74170,	  -0.03360		, //old index 106
108	  ,  236 06 23 ,  119 35 54,      2.876,      0.000,      0.000,   0.52100,	   1.32520,	  -0.04360		, //old index 107
109	  ,  236 06 23 ,  119 35 54,      2.876,      0.000,      0.000,  -0.06710,	   1.31310,	  -0.04320		, //old index 108
110	  ,  236 06 23 ,  119 35 54,      2.876,      0.000,      0.000,  -0.88700,	   1.26160,	  -0.03980		, //old index 109
111	  ,  236 06 23 ,  119 35 54,      2.876,      0.000,      0.000,  -1.00060,	   1.91520,	  -0.02780		, //old index 110
112	  ,  236 06 23 ,  119 35 54,      2.876,      0.000,      0.000,  -0.30490,	   1.83690,	  -0.03000		, //old index 111
113	  ,  236 06 23 ,  119 35 54,      2.876,      0.000,      0.000,   0.42420,	   1.95990,	  -0.03170		, //old index 112
114	  ,  236 06 23 ,  119 35 54,      2.876,      0.000,      0.000,  -1.29490,	   1.48230,	   0.26140		, //old index 113
115	  ,  236 06 23 ,  119 35 54,      2.876,      0.000,      0.000,  -1.26680,	   1.45010,	   1.99890		, //old index 114
116	  ,  236 06 23 ,  119 35 54,      2.876,      0.000,      0.000,  -1.26550,	   1.44850,	   2.97670		, //old index 115
117	  ,  236 06 23 ,  119 35 54,      2.876,      0.000,      0.000,  -0.53500,	   1.46490,	   3.13110		, //old index 116
118	  ,  236 06 23 ,  119 35 54,      2.876,      0.000,      0.000,  -0.52390,	   1.43430,	   1.97430		, //old index 117
119	  ,  236 06 23 ,  119 35 54,      2.876,      0.000,      0.000,  -0.53030,	   1.45210,	   0.55880		, //old index 118
120	  ,  236 06 23 ,  119 35 54,      2.876,      0.000,      0.000,   0.08850,	   1.43200,	   0.62780		, //old index 119
121	  ,  236 06 23 ,  119 35 54,      2.876,      0.000,      0.000,   0.08730,	   1.41400,	   2.02690		, //old index 120
122	  ,  236 06 23 ,  119 35 54,      2.876,      0.000,      0.000,   0.08660,	   1.39880,	   2.89690		, //old index 121
123	  ,  236 06 23 ,  119 35 54,      2.876,      0.000,      0.000,   0.80090,	   1.39230,	   3.10740		, //old index 122
124	  ,  236 06 23 ,  119 35 54,      2.876,      0.000,      0.000,   0.80170,	   1.39360,	   1.96940		, //old index 123
125	  ,  236 06 23 ,  119 35 54,      2.876,      0.000,      0.000,   0.81870,	   1.42310,	   0.32750		, //old index 124
126	  ,  236 06 23 ,  119 35 54,      2.876,      0.000,      0.000,   1.47840,	   1.41000,	   0.24940		, //old index 125
127	  ,  236 06 23 ,  119 35 54,      2.876,      0.000,      0.000,   1.43800,	   1.37160,	   1.65850		, //old index 126
128	  ,  236 06 23 ,  119 35 54,      2.876,      0.000,      0.000,   1.45080,	   1.38380,	   2.98730		, //old index 127
129	  ,  236 06 23 ,  119 35 54,      2.876,      0.000,      0.000,   2.31080,	   1.34580,	   2.53990		, //old index 128
130	  ,  236 06 23 ,  119 35 54,      2.876,      0.000,      0.000,   2.14050,	   1.36760,	   1.58390		, //old index 129
131	  ,  236 06 23 ,  119 35 54,      2.876,      0.000,      0.000,   2.17470,	   1.38930,	   0.36630		, //old index 130
132	  ,  236 06 23 ,  119 35 54,      2.876,      0.000,      0.000,   2.39970,	   1.03490,	   0.25550		, //old index 131
133	  ,  236 06 23 ,  119 35 54,      2.876,      0.000,      0.000,   2.42510,	   1.04580,	   1.74930		, //old index 132
134	  ,  236 06 23 ,  119 35 54,      2.876,      0.000,      0.000,   2.44910,	   1.05620,	   2.84240		, //old index 133
135	  ,  236 06 23 ,  119 35 54,      2.876,      0.000,      0.000,   2.44340,	   0.29830,	   2.89750		, //old index 134
136	  ,  236 06 23 ,  119 35 54,      2.876,      0.000,      0.000,   2.39690,	   0.29290,	   1.83580		, //old index 135
137	  ,  236 06 23 ,  119 35 54,      2.876,      0.000,      0.000,   2.38380,	   0.29110,	   0.63230		, //old index 136
138	  ,  236 06 23 ,  119 35 54,      2.876,      0.000,      0.000,   2.37100,	  -0.32970,	   0.42720		, //old index 137
139	  ,  236 06 23 ,  119 35 54,      2.876,      0.000,      0.000,   2.36920,	  -0.32940,	   1.82430		, //old index 138
140	  ,  236 06 23 ,  119 35 54,      2.876,      0.000,      0.000,   2.39220,	  -0.33250,	   2.87690		, //old index 139
141	  ,  236 06 23 ,  119 35 54,      2.876,      0.000,      0.000,   2.38100,	  -1.10880,	   2.99720		, //old index 140
142	  ,  236 06 23 ,  119 35 54,      2.876,      0.000,      0.000,   2.36240,	  -1.10010,	   1.66450		, //old index 141
143	  ,  236 06 23 ,  119 35 54,      2.876,      0.000,      0.000,   2.35480,	  -1.09660,	   0.40290		, //old index 142
144	  ,  236 06 23 ,  119 35 54,      2.876,      0.000,      0.000,   2.04400,	  -1.40210,	   0.31060		, //old index 143
145	  ,  236 06 23 ,  119 35 54,      2.876,      0.000,      0.000,   2.04760,	  -1.40440,	   1.45650		, //old index 144
146	  ,  236 06 23 ,  119 35 54,      2.876,      0.000,      0.000,   2.08510,	  -1.43060,	   2.39110		, //old index 145
147	  ,  236 06 23 ,  119 35 54,      2.876,      0.000,      0.000,   1.13890,	  -1.42830,	   3.19800		, //old index 146
148	  ,  236 06 23 ,  119 35 54,      2.876,      0.000,      0.000,   1.11670,	  -1.40050,	   1.79430		, //old index 147
149	  ,  236 06 23 ,  119 35 54,      2.876,      0.000,      0.000,   1.08000,	  -1.35460,	   0.43740		, //old index 148
150	  ,  236 06 23 ,  119 35 54,      2.876,      0.000,      0.000,   0.13140,	  -1.34750,	   0.36940		, //old index 149
151	  ,  236 06 23 ,  119 35 54,      2.876,      0.000,      0.000,   0.13520,	  -1.38590,	   1.66130		, //old index 150
152	  ,  236 06 23 ,  119 35 54,      2.876,      0.000,      0.000,   0.13600,	  -1.39490,	   2.81410		, //old index 151
153	  ,  236 06 23 ,  119 35 54,      2.876,      0.000,      0.000,  -0.69980,	  -1.39040,	   2.91830		, //old index 152
154	  ,  236 06 23 ,  119 35 54,      2.876,      0.000,      0.000,  -0.68630,	  -1.36350,	   1.77500		, //old index 153
155	  ,  236 06 23 ,  119 35 54,      2.876,      0.000,      0.000,  -0.66920,	  -1.32940,	   0.56940		, //old index 154
156	  ,  236 06 23 ,  119 35 54,      2.876,      0.000,      0.000,  -1.30670,	  -1.30230,	   0.50150		, //old index 155
157	  ,  236 06 23 ,  119 35 54,      2.876,      0.000,      0.000,  -1.33160,	  -1.32720,	   1.79370		, //old index 156
158	  ,  236 06 23 ,  119 35 54,      2.876,      0.000,      0.000,  -1.35050,	  -1.34610,	   2.96820		, //old index 157
159	  ,  236 06 23 ,  119 35 54,      2.876,      0.000,      0.000,  -1.70890,	  -1.02780,	   3.15890		, //old index 158
160	  ,  236 06 23 ,  119 35 54,      2.876,      0.000,      0.000,  -1.69550,	  -1.01970,	   2.25640		, //old index 159
161	  ,  236 06 23 ,  119 35 54,      2.876,      0.000,      0.000,  -1.67890,	  -1.00960,	   1.60880		, //old index 160
162	  ,  236 06 23 ,  119 35 54,      2.876,      0.000,      0.000,  -1.64260,	  -0.98790,	   0.79060		, //old index 161
163	  ,  236 06 23 ,  119 35 54,      2.876,      0.000,      0.000,  -1.58420,	  -0.95210,	   0.25500		, //old index 162
164	  ,  236 06 23 ,  119 35 54,      2.876,      0.000,      0.000,  -1.68600,	  -0.24060,	   3.02130		, //old index 163
165	  ,  236 06 23 ,  119 35 54,      2.876,      0.000,      0.000,  -1.67810,	  -0.23940,	   2.20180		, //old index 164
166	  ,  236 06 23 ,  119 35 54,      2.876,      0.000,      0.000,  -1.67410,	  -0.23880,	   1.59540		, //old index 165
167	  ,  236 06 23 ,  119 35 54,      2.876,      0.000,      0.000,  -1.65360,	  -0.23590,	   0.88450		, //old index 166
168	  ,  236 06 23 ,  119 35 54,      2.876,      0.000,      0.000,  -1.61320,	  -0.23010,	   0.31800		, //old index 167
169	  ,  236 06 23 ,  119 35 54,      2.876,      0.000,      0.000,  -1.69820,	   0.46950,	   2.94620		, //old index 168
170	  ,  236 06 23 ,  119 35 54,      2.876,      0.000,      0.000,  -1.66170,	   0.45940,	   2.17580		, //old index 169
171	  ,  236 06 23 ,  119 35 54,      2.876,      0.000,      0.000,  -1.66300,	   0.45990,	   1.62480		, //old index 170
172	  ,  236 06 23 ,  119 35 54,      2.876,      0.000,      0.000,  -1.64610,	   0.45520,	   0.81690		, //old index 171
173	  ,  236 06 23 ,  119 35 54,      2.876,      0.000,      0.000,  -1.61380,	   0.44650,	   0.27630		, //old index 172
174	  ,  236 06 23 ,  119 35 54,      2.876,      0.000,      0.000,  -1.61400,	   1.16690,	   0.35480		, //old index 173
175	  ,  236 06 23 ,  119 35 54,      2.876,      0.000,      0.000,  -1.63200,	   1.18000,	   0.88620		, //old index 174
176	  ,  236 06 23 ,  119 35 54,      2.876,      0.000,      0.000,  -1.63930,	   1.18510,	   1.65470		, //old index 175
177	  ,  236 06 23 ,  119 35 54,      2.876,      0.000,      0.000,  -1.64130,	   1.18650,	   2.33430		, //old index 176
178	  ,  236 06 23 ,  119 35 54,      2.876,      0.000,      0.000,  -1.64220,	   1.18720,	   3.03660		, //old index 177
179	  ,  236 06 23 ,  119 35 54,      2.876,      0.000,      0.000,  -1.35950,	   1.18150,	   3.36760		, //old index 178
180	  ,  236 06 23 ,  119 35 54,      2.876,      0.000,      0.000,  -1.37180,	  -0.22340,	   3.35140		, //old index 179
181	  ,  236 06 23 ,  119 35 54,      2.876,      0.000,      0.000,  -1.36790,	  -1.24910,	   3.33720		, //old index 180
182	  ,  236 06 23 ,  119 35 54,      2.876,      0.000,      0.000,  -0.58780,	  -1.28080,	   3.35250		, //old index 181
183	  ,  236 06 23 ,  119 35 54,      2.876,      0.000,      0.000,  -0.52120,	  -0.36870,	   3.36630		, //old index 182
184	  ,  236 06 23 ,  119 35 54,      2.876,      0.000,      0.000,  -0.50440,	   1.25500,	   3.38780		, //old index 183
185	  ,  236 06 23 ,  119 35 54,      2.876,      0.000,      0.000,   0.62620,	   1.21950,	   3.41470		, //old index 184
186	  ,  236 06 23 ,  119 35 54,      2.876,      0.000,      0.000,   0.61200,	  -0.08280,	   3.39210		, //old index 185
187	  ,  236 06 23 ,  119 35 54,      2.876,      0.000,      0.000,   0.67480,	  -1.28530,	   3.38260		, //old index 186
188	  ,  236 06 23 ,  119 35 54,      2.876,      0.000,      0.000,   1.52660,	  -1.31990,	   3.39820		, //old index 187
189	  ,  236 06 23 ,  119 35 54,      2.876,      0.000,      0.000,   1.57570,	  -0.20400,	   3.41330		, //old index 188
190	  ,  236 06 23 ,  119 35 54,      2.876,      0.000,      0.000,   1.60780,	   1.16820,	   3.43250		, //old index 189
191	  ,  236 06 23 ,  119 35 54,      2.876,      0.000,      0.000,   2.18960,	   1.16680,	   0.04370		, //old index 190
192	  ,  236 06 23 ,  119 35 54,      2.876,      0.000,      0.000,   2.28050,	   0.22750,	   0.03030		, //old index 191
193	  ,  236 06 23 ,  119 35 54,      2.876,      0.000,      0.000,   2.24110,	  -0.51470,	   0.02530		, //old index 192
194	  ,  236 06 23 ,  119 35 54,      2.876,      0.000,      0.000,   2.10320,	  -1.20310,	   0.01890		, //old index 193
195	  ,  236 06 23 ,  119 35 54,      2.876,      0.000,      0.000,   1.28390,	  -1.09020,	   0.02130		, //old index 194
196	  ,  236 06 23 ,  119 35 54,      2.876,      0.000,      0.000,   1.24720,	  -0.30930,	   0.01800		, //old index 195
197	  ,  236 06 23 ,  119 35 54,      2.876,      0.000,      0.000,   1.19260,	   0.50370,	   0.02700		, //old index 196
198	  ,  236 06 23 ,  119 35 54,      2.876,      0.000,      0.000,   1.29310,	   1.19070,	   0.04440		, //old index 197
199	  ,  236 06 23 ,  119 35 54,      2.876,      0.000,      0.000,   0.54810,	   1.25160,	   0.05000		, //old index 198
200	  ,  236 06 23 ,  119 35 54,      2.876,      0.000,      0.000,   0.79310,	   0.03300,	   0.02390		, //old index 199
201	  ,  236 06 23 ,  119 35 54,      2.876,      0.000,      0.000,   0.77930,	  -1.18450,	   0.02650		, //old index 200
202	  ,  236 06 23 ,  119 35 54,      2.876,      0.000,      0.000,  -0.03330,	  -1.23590,	   0.03210		, //old index 201
203	  ,  236 06 23 ,  119 35 54,      2.876,      0.000,      0.000,  -0.37950,	  -0.68200,	   0.02760		, //old index 202
204	  ,  236 06 23 ,  119 35 54,      2.876,      0.000,      0.000,  -0.19660,	   0.74910,	   0.03900		, //old index 203
205	  ,  236 06 23 ,  119 35 54,      2.876,      0.000,      0.000,  -0.18170,	   1.32360,	   0.05810		, //old index 204
206	  ,  236 06 23 ,  119 35 54,      2.876,      0.000,      0.000,  -1.34340,	   1.29670,	   0.07190		, //old index 205
207	  ,  236 06 23 ,  119 35 54,      2.876,      0.000,      0.000,  -1.31820,	   0.55750,	   0.05560		, //old index 206
208	  ,  236 06 23 ,  119 35 54,      2.876,      0.000,      0.000,  -1.40380,	  -0.20360,	   0.04960		, //old index 207
209	  ,  236 06 23 ,  119 35 54,      2.876,      0.000,      0.000,  -1.21650,	  -0.86130,	   0.04190		, //old index 208
210	  ,  236 06 23 ,  119 35 54,      2.876,      0.000,      0.000,  -1.28860,	  -1.06020,	   0.05120		, //old index 209
211	  ,  236 06 23 ,  119 35 54,      2.876,      0.000,      0.000,  -1.36020,	  -1.07630,	   0.44500		, //old index 210
212	  ,  236 06 23 ,  119 35 54,      2.876,      0.000,      0.000,  -1.41220,	  -1.08310,	   0.72690		, //old index 211
213	  ,  236 06 23 ,  119 35 54,      2.876,      0.000,      0.000,  -1.44930,	  -1.08940,	   1.30880		, //old index 212
214	  ,  236 06 23 ,  119 35 54,      2.876,      0.000,      0.000,  -1.48680,	  -1.09580,	   1.95510		, //old index 213
215	  ,  236 06 23 ,  119 35 54,      2.876,      0.000,      0.000,  -1.53200,	  -1.10970,	   2.64710		, //old index 214
216	  ,  236 06 23 ,  119 35 54,      2.876,      0.000,      0.000,  -1.57770,	  -1.11800,	   3.29820		, //old index 215
217	  ,  236 06 23 ,  119 35 54,      2.876,      0.000,      0.000,   2.37480,	  -0.36140,	  -0.32040		, //old index 216
218	  ,  236 06 23 ,  119 35 54,      2.876,      0.000,      0.000,   2.37020,	  -0.29390,	  -0.51000		, //old index 217
219	  ,  236 06 23 ,  119 35 54,      2.876,      0.000,      0.000,   2.36320,	  -0.53490,	  -0.51830		, //old index 218
220	  ,  236 06 23 ,  119 35 54,      2.876,      0.000,      0.000,   0.00000,	   0.00000,	   0.00000		, //old index 0
221	  ,  236 06 23 ,  119 35 54,      2.876,      0.000,      0.000,   0.00000,	   1.30090,	   1.47170		, //old index 219
222	  ,  236 06 23 ,  119 35 54,      2.876,      0.000,      0.000,   1.42420,	  -0.49630,	   3.96630		, //old index 220
223	  ,  236 06 23 ,  119 35 54,      2.876,      0.000,      0.000,   1.42240,	  -0.43340,	   3.77650		, //old index 221
224	  ,  236 06 23 ,  119 35 54,      2.876,      0.000,      0.000,   1.41300,	  -0.67470,	   3.77360		, //old index 222
225	  ,  236 06 23 ,  119 35 54,      2.876,      0.000,      0.000,  -2.37370,	   1.39230,	   4.13440		, //old index 223
226	  ,  236 06 23 ,  119 35 54,      2.876,      0.000,      0.000,  -2.34040,	   1.37310,	   3.45150		, //old index 224
227	  ,  236 06 23 ,  119 35 54,      2.876,      0.000,      0.000,  -2.12660,	   1.34790,	   2.19810		, //old index 225
228	  ,  236 06 23 ,  119 35 54,      2.876,      0.000,      0.000,  -1.66070,	   1.36800,	   4.07800		, //old index 226
229	  ,  236 06 23 ,  119 35 54,      2.876,      0.000,      0.000,  -1.64350,	   1.35380,	   3.24680		, //old index 227
230	  ,  236 06 23 ,  119 35 54,      2.876,      0.000,      0.000,  -1.62050,	   1.33480,	   1.92830		, //old index 228
231	  ,  236 06 23 ,  119 35 54,      2.876,      0.000,      0.000,  -1.62870,	   1.34170,	   0.79900		, //old index 229
232	  ,  236 06 23 ,  119 35 54,      2.876,      0.000,      0.000,  -0.87890,	   1.31550,	   0.60660		, //old index 230
233	  ,  236 06 23 ,  119 35 54,      2.876,      0.000,      0.000,  -0.88610,	   1.32610,	   1.84450		, //old index 231
234	  ,  236 06 23 ,  119 35 54,      2.876,      0.000,      0.000,  -0.89400,	   1.33790,	   3.32430		, //old index 232
235	  ,  236 06 23 ,  119 35 54,      2.876,      0.000,      0.000,  -0.89950,	   1.34610,	   4.04500		, //old index 233
236	  ,  236 06 23 ,  119 35 54,      2.876,      0.000,      0.000,  -0.22850,	   1.32590,	   4.07080		, //old index 234
237	  ,  236 06 23 ,  119 35 54,      2.876,      0.000,      0.000,  -0.22560,	   1.30880,	   3.24180		, //old index 235
238	  ,  236 06 23 ,  119 35 54,      2.876,      0.000,      0.000,  -0.22540,	   1.30770,	   1.80560		, //old index 236
239	  ,  236 06 23 ,  119 35 54,      2.876,      0.000,      0.000,  -0.22310,	   1.29490,	   0.46590		, //old index 237
240	  ,  236 06 23 ,  119 35 54,      2.876,      0.000,      0.000,   0.47420,	   1.27040,	   0.41220		, //old index 238
241	  ,  236 06 23 ,  119 35 54,      2.876,      0.000,      0.000,   0.48100,	   1.28900,	   1.84420		, //old index 239
242	  ,  236 06 23 ,  119 35 54,      2.876,      0.000,      0.000,   0.48220,	   1.29210,	   3.37140		, //old index 240
243	  ,  236 06 23 ,  119 35 54,      2.876,      0.000,      0.000,   0.48480,	   1.29920,	   4.06150		, //old index 241
244	  ,  236 06 23 ,  119 35 54,      2.876,      0.000,      0.000,   1.21480,	   1.27060,	   4.05790		, //old index 242
245	  ,  236 06 23 ,  119 35 54,      2.876,      0.000,      0.000,   1.29770,	   1.24760,	   2.40430		, //old index 243
246	  ,  236 06 23 ,  119 35 54,      2.876,      0.000,      0.000,   1.29330,	   1.24340,	   1.48360		, //old index 244
247	  ,  236 06 23 ,  119 35 54,      2.876,      0.000,      0.000,   1.28470,	   1.23500,	   0.28640		, //old index 245
248	  ,  236 06 23 ,  119 35 54,      2.876,      0.000,      0.000,   1.46040,	   1.01130,	   0.22710		, //old index 246
249	  ,  236 06 23 ,  119 35 54,      2.876,      0.000,      0.000,   1.45420,	   1.00710,	   1.72130		, //old index 247
250	  ,  236 06 23 ,  119 35 54,      2.876,      0.000,      0.000,   1.46840,	   1.01700,	   3.70700		, //old index 248
251	  ,  236 06 23 ,  119 35 54,      2.876,      0.000,      0.000,   1.47140,	   1.01910,	   4.15030		, //old index 249
252	  ,  236 06 23 ,  119 35 54,      2.876,      0.000,      0.000,   1.45030,	   0.13890,	   4.07420		, //old index 250
253	  ,  236 06 23 ,  119 35 54,      2.876,      0.000,      0.000,   1.42690,	  -0.46290,	   4.11040		, //old index 251
254	  ,  236 06 23 ,  119 35 54,      2.876,      0.000,      0.000,   1.41640,	  -0.45950,	   3.34640		, //old index 252
255	  ,  236 06 23 ,  119 35 54,      2.876,      0.000,      0.000,   1.39810,	  -0.45360,	   2.07980		, //old index 253
256	  ,  236 06 23 ,  119 35 54,      2.876,      0.000,      0.000,   1.39120,	  -0.45140,	   0.53080		, //old index 254
257	  ,  236 06 23 ,  119 35 54,      2.876,      0.000,      0.000,   1.36740,	  -1.17320,	   0.31690		, //old index 255
258	  ,  236 06 23 ,  119 35 54,      2.876,      0.000,      0.000,   1.36640,	  -1.17220,	   2.03140		, //old index 256
259	  ,  236 06 23 ,  119 35 54,      2.876,      0.000,      0.000,   1.38790,	  -1.19060,	   3.27020		, //old index 257
260	  ,  236 06 23 ,  119 35 54,      2.876,      0.000,      0.000,   1.39080,	  -1.19310,	   3.99340		, //old index 258
261	  ,  236 06 23 ,  119 35 54,      2.876,      0.000,      0.000,   1.10010,	  -1.52340,	   4.05770		, //old index 259
262	  ,  236 06 23 ,  119 35 54,      2.876,      0.000,      0.000,   1.10820,	  -1.53460,	   3.17070		, //old index 260
263	  ,  236 06 23 ,  119 35 54,      2.876,      0.000,      0.000,   1.11230,	  -1.54040,	   1.72060		, //old index 261
264	  ,  236 06 23 ,  119 35 54,      2.876,      0.000,      0.000,   1.11670,	  -1.54650,	   0.28880		, //old index 262
265	  ,  236 06 23 ,  119 35 54,      2.876,      0.000,      0.000,   0.29000,	  -1.50930,	   0.24120		, //old index 263
266	  ,  236 06 23 ,  119 35 54,      2.876,      0.000,      0.000,   0.29250,	  -1.52170,	   1.42470		, //old index 264
267	  ,  236 06 23 ,  119 35 54,      2.876,      0.000,      0.000,   0.29070,	  -1.51230,	   2.49580		, //old index 265
268	  ,  236 06 23 ,  119 35 54,      2.876,      0.000,      0.000,   0.28790,	  -1.49760,	   3.88620		, //old index 266
269	  ,  236 06 23 ,  119 35 54,      2.876,      0.000,      0.000,  -0.67500,	  -1.44540,	   3.99710		, //old index 267
270	  ,  236 06 23 ,  119 35 54,      2.876,      0.000,      0.000,  -0.67950,	  -1.45510,	   2.83590		, //old index 268
271	  ,  236 06 23 ,  119 35 54,      2.876,      0.000,      0.000,  -0.68700,	  -1.47100,	   1.38820		, //old index 269
272	  ,  236 06 23 ,  119 35 54,      2.876,      0.000,      0.000,  -0.68700,	  -1.47090,	   0.32320		, //old index 270
273	  ,  236 06 23 ,  119 35 54,      2.876,      0.000,      0.000,  -1.32770,	  -1.47520,	   1.33170		, //old index 271
274	  ,  236 06 23 ,  119 35 54,      2.876,      0.000,      0.000,  -1.31500,	  -1.46120,	   2.29740		, //old index 272
275	  ,  236 06 23 ,  119 35 54,      2.876,      0.000,      0.000,  -1.30340,	  -1.44830,	   3.19870		, //old index 273
276	  ,  236 06 23 ,  119 35 54,      2.876,      0.000,      0.000,  -1.29630,	  -1.44040,	   4.09430		, //old index 274
277	  ,  236 06 23 ,  119 35 54,      2.876,      0.000,      0.000,  -1.95030,	  -1.40930,	   4.08430		, //old index 275
278	  ,  236 06 23 ,  119 35 54,      2.876,      0.000,      0.000,  -2.26600,	  -1.39420,	   4.05380		, //old index 276
279	  ,  236 06 23 ,  119 35 54,      2.876,      0.000,      0.000,  -2.00110,	  -1.42640,	   3.24220		, //old index 277
280	  ,  236 06 23 ,  119 35 54,      2.876,      0.000,      0.000,  -1.73700,	  -1.45900,	   2.31370		, //old index 278
281	  ,  236 06 23 ,  119 35 54,      2.876,      0.000,      0.000,  -2.39470,	  -1.08600,	   3.77400		, //old index 279
282	  ,  236 06 23 ,  119 35 54,      2.876,      0.000,      0.000,  -2.02170,	  -1.04590,	   2.49590		, //old index 280
283	  ,  236 06 23 ,  119 35 54,      2.876,      0.000,      0.000,  -1.64110,	  -1.07530,	   1.53350		, //old index 281
284	  ,  236 06 23 ,  119 35 54,      2.876,      0.000,      0.000,  -1.14470,	  -1.08930,	   0.56700		, //old index 282
285	  ,  236 06 23 ,  119 35 54,      2.876,      0.000,      0.000,  -1.34830,	  -0.40320,	   0.58870		, //old index 283
286	  ,  236 06 23 ,  119 35 54,      2.876,      0.000,      0.000,  -1.79730,	  -0.34180,	   1.49880		, //old index 284
287	  ,  236 06 23 ,  119 35 54,      2.876,      0.000,      0.000,  -2.12200,	  -0.32080,	   2.40640		, //old index 285
288	  ,  236 06 23 ,  119 35 54,      2.876,      0.000,      0.000,  -2.47050,	  -0.29570,	   3.86520		, //old index 286
289	  ,  236 06 23 ,  119 35 54,      2.876,      0.000,      0.000,  -2.49640,	   0.46230,	   3.87790		, //old index 287
290	  ,  236 06 23 ,  119 35 54,      2.876,      0.000,      0.000,  -2.22110,	   0.38900,	   2.43880		, //old index 288
291	  ,  236 06 23 ,  119 35 54,      2.876,      0.000,      0.000,  -1.88670,	   0.33050,	   1.40710		, //old index 289
292	  ,  236 06 23 ,  119 35 54,      2.876,      0.000,      0.000,  -1.49920,	   0.32460,	   0.55940		, //old index 290
293	  ,  236 06 23 ,  119 35 54,      2.876,      0.000,      0.000,  -1.66480,	   1.02520,	   0.61290		, //old index 291
294	  ,  236 06 23 ,  119 35 54,      2.876,      0.000,      0.000,  -2.00550,	   1.02140,	   1.45890		, //old index 292
295	  ,  236 06 23 ,  119 35 54,      2.876,      0.000,      0.000,  -2.26990,	   1.09500,	   2.35300		, //old index 293
296	  ,  236 06 23 ,  119 35 54,      2.876,      0.000,      0.000,  -2.49270,	   1.12150,	   3.79610		, //old index 294
297	  ,  236 06 23 ,  119 35 54,      2.876,      0.000,      0.000,  -2.33430,	   1.05020,	   4.29210		, //old index 295
298	  ,  236 06 23 ,  119 35 54,      2.876,      0.000,      0.000,  -1.03950,	   1.05100,	   4.27910		, //old index 296
299	  ,  236 06 23 ,  119 35 54,      2.876,      0.000,      0.000,  -0.05330,	   1.07030,	   4.28460		, //old index 297
300	  ,  236 06 23 ,  119 35 54,      2.876,      0.000,      0.000,   1.00220,	   0.97280,	   4.28900		, //old index 298
301	  ,  236 06 23 ,  119 35 54,      2.876,      0.000,      0.000,   1.26910,	  -0.22950,	   4.30010		, //old index 299
302	  ,  236 06 23 ,  119 35 54,      2.876,      0.000,      0.000,   0.31070,	  -0.20820,	   4.28840		, //old index 300
303	  ,  236 06 23 ,  119 35 54,      2.876,      0.000,      0.000,  -0.97540,	  -0.25370,	   4.27890		, //old index 301
304	  ,  236 06 23 ,  119 35 54,      2.876,      0.000,      0.000,  -2.17810,	  -0.28880,	   4.29030		, //old index 302
305	  ,  236 06 23 ,  119 35 54,      2.876,      0.000,      0.000,  -2.06580,	  -1.00950,	   4.29860		, //old index 303
306	  ,  236 06 23 ,  119 35 54,      2.876,      0.000,      0.000,  -1.09900,	  -1.13450,	   4.29640		, //old index 304
307	  ,  236 06 23 ,  119 35 54,      2.876,      0.000,      0.000,   0.04140,	  -1.19940,	   4.30220		, //old index 305
308	  ,  236 06 23 ,  119 35 54,      2.876,      0.000,      0.000,   0.94830,	  -1.17640,	   4.30520		, //old index 306
309	  ,  236 06 23 ,  119 35 54,      2.876,      0.000,      0.000,   1.05780,	  -1.20130,	   0.01710		, //old index 307
310	  ,  236 06 23 ,  119 35 54,      2.876,      0.000,      0.000,   0.50330,	  -1.17650,	   0.01620		, //old index 308
311	  ,  236 06 23 ,  119 35 54,      2.876,      0.000,      0.000,  -0.10560,	  -1.15790,	   0.02000		, //old index 309
312	  ,  236 06 23 ,  119 35 54,      2.876,      0.000,      0.000,  -0.48230,	  -1.14920,	   0.02220		, //old index 310
313	  ,  236 06 23 ,  119 35 54,      2.876,      0.000,      0.000,  -0.65460,	  -0.46930,	   0.01340		, //old index 311
314	  ,  236 06 23 ,  119 35 54,      2.876,      0.000,      0.000,   0.20020,	  -0.75140,	   0.01330		, //old index 312
315	  ,  236 06 23 ,  119 35 54,      2.876,      0.000,      0.000,   0.75190,	  -0.50240,	   0.01320		, //old index 313
316	  ,  236 06 23 ,  119 35 54,      2.876,      0.000,      0.000,   1.27290,	  -0.52360,	   0.01020		, //old index 314
317	  ,  236 06 23 ,  119 35 54,      2.876,      0.000,      0.000,   1.15870,	   0.23180,	   0.00800		, //old index 315
318	  ,  236 06 23 ,  119 35 54,      2.876,      0.000,      0.000,   0.63270,	   0.44750,	   0.00540		, //old index 316
319	  ,  236 06 23 ,  119 35 54,      2.876,      0.000,      0.000,  -0.38720,	   0.67060,	   0.00650		, //old index 317
320	  ,  236 06 23 ,  119 35 54,      2.876,      0.000,      0.000,  -0.84120,	   0.40230,	   0.00790		, //old index 318
321	  ,  236 06 23 ,  119 35 54,      2.876,      0.000,      0.000,  -1.06970,	   1.05740,	   0.00290		, //old index 319
322	  ,  236 06 23 ,  119 35 54,      2.876,      0.000,      0.000,  -0.31700,	   1.04520,	   0.00340		, //old index 320
323	  ,  236 06 23 ,  119 35 54,      2.876,      0.000,      0.000,   0.52710,	   0.95850,	   0.00140		, //old index 321
324	  ,  236 06 23 ,  119 35 54,      2.876,      0.000,      0.000,   1.13600,	   0.87650,	   0.00220		, //old index 322
325	  ,  236 06 23 ,  119 35 54,      2.876,      0.000,      0.000,  -0.77150,	  -1.02500,	   0.06170		, //old index 323
326	  ,  236 06 23 ,  119 35 54,      2.876,      0.000,      0.000,  -1.04570,	  -1.03910,	   0.62990		, //old index 324
327	  ,  236 06 23 ,  119 35 54,      2.876,      0.000,      0.000,  -1.38270,	  -1.06870,	   1.40950		, //old index 325
328	  ,  236 06 23 ,  119 35 54,      2.876,      0.000,      0.000,  -1.87640,	  -1.10170,	   2.51120		, //old index 326
329	  ,  236 06 23 ,  119 35 54,      2.876,      0.000,      0.000,  -2.06400,	  -1.12470,	   3.36530		, //old index 327
330	  ,  236 06 23 ,  119 35 54,      2.876,      0.000,      0.000,  -2.24190,	  -1.14940,	   4.30020		, //old index 328
331	  ,  236 06 23 ,  119 35 54,      2.876,      0.000,      0.000,  -0.37490,	  -1.49170,	   0.30880		, //old index 329
332	  ,  236 06 23 ,  119 35 54,      2.876,      0.000,      0.000,   0.31320,	  -1.52180,	   0.72020		, //old index 330
333	  ,  236 06 23 ,  119 35 54,      2.876,      0.000,      0.000,   0.33300,	  -1.51880,	   0.32000		, //old index 331
334	  ,  236 06 23 ,  119 35 54,      2.876,      0.000,      0.000,   1.14260,	  -0.44910,	   2.51840		, //old index 332
335	  ,  236 06 23 ,  119 35 54,      2.876,      0.000,      0.000,   0.33560,	  -1.52220,	   1.33430		, //old index 333
336	  ,  236 06 23 ,  119 35 54,      2.876,      0.000,      0.000,  -0.37815,	  -1.53280,	   0.31390		, //old index 1
337	  ,  236 06 23 ,  119 35 54,      2.876,      0.000,      0.000,   0.31455,	  -1.52680,	   0.72020		, //old index 2
338	  ,  236 06 23 ,  119 35 54,      2.876,      0.000,      0.000,   0.33165,	  -1.51380,	   0.32000		, //old index 3
339	  ,  236 06 23 ,  119 35 54,      2.876,      0.000,      0.000,   1.11325,	  -1.54340,	   3.46800		, //old index 4
340	  ,  236 06 23 ,  119 35 54,      2.876,      0.000,      0.000,   1.11525,	  -1.53170,	   2.46020		, //old index 5
341	  ,  236 06 23 ,  119 35 54,      2.876,      0.000,      0.000,   1.11755,	  -1.51770,	   1.30930		, //old index 6
342	  ,  236 06 23 ,  119 35 54,      2.876,      0.000,      0.000,   1.12095,	  -1.49760,	   0.15540		, //old index 7
343	  ,  236 06 23 ,  119 35 54,      2.876,      0.000,      0.000,   0.34545,	  -1.51310,	   0.19720		, //old index 8
344	  ,  236 06 23 ,  119 35 54,      2.876,      0.000,      0.000,   0.35185,	  -1.54880,	   1.43390		, //old index 9
345	  ,  236 06 23 ,  119 35 54,      2.876,      0.000,      0.000,   0.35385,	  -1.55980,	   2.28530		, //old index 10
346	  ,  236 06 23 ,  119 35 54,      2.876,      0.000,      0.000,   0.35465,	  -1.56800,	   3.43770		, //old index 11
347	  ,  236 06 23 ,  119 35 54,      2.876,      0.000,      0.000,  -0.29885,	  -1.57650,	   3.48890		, //old index 12
348	  ,  236 06 23 ,  119 35 54,      2.876,      0.000,      0.000,  -0.30205,	  -1.56980,	   2.43400		, //old index 13
349	  ,  236 06 23 ,  119 35 54,      2.876,      0.000,      0.000,  -0.30635,	  -1.56110,	   1.43580		, //old index 14
350	  ,  236 06 23 ,  119 35 54,      2.876,      0.000,      0.000,  -0.31895,	  -1.53590,	   0.25800		, //old index 15
351	  ,  236 06 23 ,  119 35 54,      2.876,      0.000,      0.000,  -0.89065,	  -1.57020,	   0.51860		, //old index 16
352	  ,  236 06 23 ,  119 35 54,      2.876,      0.000,      0.000,  -1.19755,	  -1.60530,	   1.30570		, //old index 17
353	  ,  236 06 23 ,  119 35 54,      2.876,      0.000,      0.000,  -1.19325,	  -1.61090,	   2.36410		, //old index 18
354	  ,  236 06 23 ,  119 35 54,      2.876,      0.000,      0.000,  -1.33375,	  -1.62330,	   3.51190		, //old index 19
355	  ,  236 06 23 ,  119 35 54,      2.876,      0.000,      0.000,  -1.66755,	  -1.62170,	   3.34730		, //old index 20
356	  ,  236 06 23 ,  119 35 54,      2.876,      0.000,      0.000,  -1.65615,	  -1.63200,	   2.57640		, //old index 21
357	  ,  236 06 23 ,  119 35 54,      2.876,      0.000,      0.000,  -1.64545,	  -1.64100,	   2.01440		, //old index 22
358	  ,  236 06 23 ,  119 35 54,      2.876,      0.000,      0.000,  -2.12665,	  -1.64480,	   3.53260		, //old index 23
359	  ,  236 06 23 ,  119 35 54,      2.876,      0.000,      0.000,   1.39655,	  -1.69160,	   3.31590		, //old index 24
360	  ,  236 06 23 ,  119 35 54,      2.876,      0.000,      0.000,   1.39465,	  -1.69720,	   2.37040		, //old index 25
361	  ,  236 06 23 ,  119 35 54,      2.876,      0.000,      0.000,   1.39215,	  -1.70530,	   1.62520		, //old index 26
362	  ,  236 06 23 ,  119 35 54,      2.876,      0.000,      0.000,   1.37225,	  -1.68410,	   0.33050		, //old index 27
363	  ,  236 06 23 ,  119 35 54,      2.876,      0.000,      0.000,   1.43245,	  -2.99450,	   3.30510		, //old index 28
364	  ,  236 06 23 ,  119 35 54,      2.876,      0.000,      0.000,   1.46225,	  -2.96220,	   2.27260		, //old index 29
365	  ,  236 06 23 ,  119 35 54,      2.876,      0.000,      0.000,   1.41925,	  -3.00880,	   1.19370		, //old index 30
366	  ,  236 06 23 ,  119 35 54,      2.876,      0.000,      0.000,   1.40485,	  -2.98240,	   0.38550		, //old index 31
367	  ,  236 06 23 ,  119 35 54,      2.876,      0.000,      0.000,   1.45705,	  -4.11240,	   3.31650		, //old index 32
368	  ,  236 06 23 ,  119 35 54,      2.876,      0.000,      0.000,   1.44885,	  -4.10800,	   2.21380		, //old index 33
369	  ,  236 06 23 ,  119 35 54,      2.876,      0.000,      0.000,   1.41995,	  -4.08860,	   1.12010		, //old index 34
370	  ,  236 06 23 ,  119 35 54,      2.876,      0.000,      0.000,   1.42365,	  -4.09060,	   0.23630		, //old index 35
371	  ,  236 06 23 ,  119 35 54,      2.876,      0.000,      0.000,   1.44395,	  -4.87290,	   0.15320		, //old index 36
372	  ,  236 06 23 ,  119 35 54,      2.876,      0.000,      0.000,   1.46015,	  -4.86090,	   1.35810		, //old index 37
373	  ,  236 06 23 ,  119 35 54,      2.876,      0.000,      0.000,   1.46875,	  -4.87440,	   2.32070		, //old index 38
374	  ,  236 06 23 ,  119 35 54,      2.876,      0.000,      0.000,   1.47635,	  -4.82440,	   3.23060		, //old index 39
375	  ,  236 06 23 ,  119 35 54,      2.876,      0.000,      0.000,   1.12955,	  -6.43130,	   3.41150		, //old index 40
376	  ,  236 06 23 ,  119 35 54,      2.876,      0.000,      0.000,   1.12815,	  -6.42280,	   2.54830		, //old index 41
377	  ,  236 06 23 ,  119 35 54,      2.876,      0.000,      0.000,   1.12545,	  -6.40330,	   1.44960		, //old index 42
378	  ,  236 06 23 ,  119 35 54,      2.876,      0.000,      0.000,   1.12365,	  -6.39070,	   0.59800		, //old index 43
379	  ,  236 06 23 ,  119 35 54,      2.876,      0.000,      0.000,   0.62785,	  -6.40090,	   1.15900		, //old index 44
380	  ,  236 06 23 ,  119 35 54,      2.876,      0.000,      0.000,   0.62685,	  -6.42310,	   2.10260		, //old index 45
381	  ,  236 06 23 ,  119 35 54,      2.876,      0.000,      0.000,   0.62655,	  -6.42950,	   2.93750		, //old index 46
382	  ,  236 06 23 ,  119 35 54,      2.876,      0.000,      0.000,   0.62605,	  -6.44140,	   3.43220		, //old index 47
383	  ,  236 06 23 ,  119 35 54,      2.876,      0.000,      0.000,  -0.12905,	  -6.46060,	   3.41260		, //old index 48
384	  ,  236 06 23 ,  119 35 54,      2.876,      0.000,      0.000,  -0.12815,	  -6.45840,	   2.84740		, //old index 49
385	  ,  236 06 23 ,  119 35 54,      2.876,      0.000,      0.000,  -0.12435,	  -6.44620,	   2.29470		, //old index 50
386	  ,  236 06 23 ,  119 35 54,      2.876,      0.000,      0.000,  -0.45975,	  -6.46790,	   3.42200		, //old index 51
387	  ,  236 06 23 ,  119 35 54,      2.876,      0.000,      0.000,  -0.45895,	  -6.46560,	   2.87190		, //old index 52
388	  ,  236 06 23 ,  119 35 54,      2.876,      0.000,      0.000,  -1.22155,	  -4.91720,	   3.10980		, //old index 53
389	  ,  236 06 23 ,  119 35 54,      2.876,      0.000,      0.000,  -0.88685,	  -4.71640,	   2.44170		, //old index 54
390	  ,  236 06 23 ,  119 35 54,      2.876,      0.000,      0.000,  -0.61535,	  -4.77250,	   2.01170		, //old index 55
391	  ,  236 06 23 ,  119 35 54,      2.876,      0.000,      0.000,  -0.21945,	  -4.75310,	   1.29640		, //old index 56
392	  ,  236 06 23 ,  119 35 54,      2.876,      0.000,      0.000,   0.05995,	  -4.80510,	   0.86600		, //old index 57
393	  ,  236 06 23 ,  119 35 54,      2.876,      0.000,      0.000,   0.41425,	  -4.78990,	   0.34200		, //old index 58
394	  ,  236 06 23 ,  119 35 54,      2.876,      0.000,      0.000,  -1.47685,	  -4.18590,	   3.11770		, //old index 59
395	  ,  236 06 23 ,  119 35 54,      2.876,      0.000,      0.000,  -1.08625,	  -4.18320,	   2.43560		, //old index 60
396	  ,  236 06 23 ,  119 35 54,      2.876,      0.000,      0.000,  -0.83415,	  -4.12160,	   1.94670		, //old index 61
397	  ,  236 06 23 ,  119 35 54,      2.876,      0.000,      0.000,  -0.48485,	  -4.09200,	   1.28490		, //old index 62
398	  ,  236 06 23 ,  119 35 54,      2.876,      0.000,      0.000,  -0.23725,	  -4.08050,	   0.85090		, //old index 63
399	  ,  236 06 23 ,  119 35 54,      2.876,      0.000,      0.000,   0.07395,	  -4.05350,	   0.36020		, //old index 64
400	  ,  236 06 23 ,  119 35 54,      2.876,      0.000,      0.000,  -0.31315,	  -3.16890,	   0.39630		, //old index 65
401	  ,  236 06 23 ,  119 35 54,      2.876,      0.000,      0.000,  -0.59555,	  -3.15990,	   0.83460		, //old index 66
402	  ,  236 06 23 ,  119 35 54,      2.876,      0.000,      0.000,  -0.86545,	  -3.14940,	   1.29930		, //old index 67
403	  ,  236 06 23 ,  119 35 54,      2.876,      0.000,      0.000,  -1.13115,	  -3.22420,	   1.86980		, //old index 68
404	  ,  236 06 23 ,  119 35 54,      2.876,      0.000,      0.000,  -1.45055,	  -3.18730,	   2.47810		, //old index 69
405	  ,  236 06 23 ,  119 35 54,      2.876,      0.000,      0.000,  -1.76685,	  -3.24600,	   3.15880		, //old index 70
406	  ,  236 06 23 ,  119 35 54,      2.876,      0.000,      0.000,  -1.95105,	  -2.55290,	   3.16920		, //old index 71
407	  ,  236 06 23 ,  119 35 54,      2.876,      0.000,      0.000,  -1.67085,	  -2.51120,	   2.49620		, //old index 72
408	  ,  236 06 23 ,  119 35 54,      2.876,      0.000,      0.000,  -1.37495,	  -2.54870,	   1.87740		, //old index 73
409	  ,  236 06 23 ,  119 35 54,      2.876,      0.000,      0.000,  -1.10575,	  -2.53690,	   1.32910		, //old index 74
410	  ,  236 06 23 ,  119 35 54,      2.876,      0.000,      0.000,  -0.84475,	  -2.50490,	   0.81310		, //old index 75
411	  ,  236 06 23 ,  119 35 54,      2.876,      0.000,      0.000,  -0.62365,	  -2.50530,	   0.45330		, //old index 76
412	  ,  236 06 23 ,  119 35 54,      2.876,      0.000,      0.000,  -0.88025,	  -1.77170,	   0.43690		, //old index 77
413	  ,  236 06 23 ,  119 35 54,      2.876,      0.000,      0.000,  -1.08105,	  -1.76510,	   0.76790		, //old index 78
414	  ,  236 06 23 ,  119 35 54,      2.876,      0.000,      0.000,  -1.37175,	  -1.77260,	   1.33050		, //old index 79
415	  ,  236 06 23 ,  119 35 54,      2.876,      0.000,      0.000,  -1.61175,	  -1.80500,	   1.87800		, //old index 80
416	  ,  236 06 23 ,  119 35 54,      2.876,      0.000,      0.000,  -1.85215,	  -1.83530,	   2.48320		, //old index 81
417	  ,  236 06 23 ,  119 35 54,      2.876,      0.000,      0.000,  -2.11745,	  -1.87360,	   3.20980		, //old index 82
418	  ,  236 06 23 ,  119 35 54,      2.876,      0.000,      0.000,  -2.01485,	  -1.93940,	   3.62740		, //old index 83
419	  ,  236 06 23 ,  119 35 54,      2.876,      0.000,      0.000,  -0.55365,	  -1.82140,	   3.61850		, //old index 84
420	  ,  236 06 23 ,  119 35 54,      2.876,      0.000,      0.000,   0.44515,	  -1.77550,	   3.59930		, //old index 85
421	  ,  236 06 23 ,  119 35 54,      2.876,      0.000,      0.000,   1.10615,	  -1.85030,	   3.58950		, //old index 86
422	  ,  236 06 23 ,  119 35 54,      2.876,      0.000,      0.000,   1.10925,	  -3.15990,	   3.57820		, //old index 87
423	  ,  236 06 23 ,  119 35 54,      2.876,      0.000,      0.000,   0.14565,	  -3.28930,	   3.57900		, //old index 88
424	  ,  236 06 23 ,  119 35 54,      2.876,      0.000,      0.000,  -0.56415,	  -3.36840,	   3.58770		, //old index 89
425	  ,  236 06 23 ,  119 35 54,      2.876,      0.000,      0.000,  -1.83455,	  -3.23830,	   3.60360		, //old index 90
426	  ,  236 06 23 ,  119 35 54,      2.876,      0.000,      0.000,  -1.28565,	  -4.71750,	   3.58460		, //old index 91
427	  ,  236 06 23 ,  119 35 54,      2.876,      0.000,      0.000,  -0.28735,	  -4.74520,	   3.56960		, //old index 92
428	  ,  236 06 23 ,  119 35 54,      2.876,      0.000,      0.000,   0.50975,	  -4.76780,	   3.56530		, //old index 93
429	  ,  236 06 23 ,  119 35 54,      2.876,      0.000,      0.000,   1.07405,	  -4.74370,	   3.56340		, //old index 94
430	  ,  236 06 23 ,  119 35 54,      2.876,      0.000,      0.000,   1.20255,	  -6.09550,	   3.54760		, //old index 95
431	  ,  236 06 23 ,  119 35 54,      2.876,      0.000,      0.000,   0.64645,	  -6.14430,	   3.55430		, //old index 96
432	  ,  236 06 23 ,  119 35 54,      2.876,      0.000,      0.000,  -0.07895,	  -6.18390,	   3.55970		, //old index 97
433	  ,  236 06 23 ,  119 35 54,      2.876,      0.000,      0.000,  -0.47875,	  -6.28650,	   3.56090		, //old index 98
434	  ,  236 06 23 ,  119 35 54,      2.876,      0.000,      0.000,   1.26295,	  -6.37120,	   0.03320		, //old index 99
435	  ,  236 06 23 ,  119 35 54,      2.876,      0.000,      0.000,   1.10235,	  -5.86790,	   0.05100		, //old index 100
436	  ,  236 06 23 ,  119 35 54,      2.876,      0.000,      0.000,   0.84565,	  -5.28030,	   0.05700		, //old index 101
437	  ,  236 06 23 ,  119 35 54,      2.876,      0.000,      0.000,   1.28635,	  -4.86820,	   0.06570		, //old index 102
438	  ,  236 06 23 ,  119 35 54,      2.876,      0.000,      0.000,   0.73335,	  -4.85970,	   0.06540		, //old index 103
439	  ,  236 06 23 ,  119 35 54,      2.876,      0.000,      0.000,   1.39845,	  -4.18740,	   0.07170		, //old index 104
440	  ,  236 06 23 ,  119 35 54,      2.876,      0.000,      0.000,   0.08315,	  -3.25630,	   0.01820		, //old index 105
441	  ,  236 06 23 ,  119 35 54,      2.876,      0.000,      0.000,   1.19805,	  -2.99270,	   0.00420		, //old index 106
442	  ,  236 06 23 ,  119 35 54,      2.876,      0.000,      0.000,   1.27115,	  -2.40920,	  -0.00580		, //old index 107
443	  ,  236 06 23 ,  119 35 54,      2.876,      0.000,      0.000,   0.68305,	  -2.42130,	  -0.00540		, //old index 108
444	  ,  236 06 23 ,  119 35 54,      2.876,      0.000,      0.000,  -0.13685,	  -2.47280,	  -0.00200		, //old index 109
445	  ,  236 06 23 ,  119 35 54,      2.876,      0.000,      0.000,  -0.25045,	  -1.81920,	   0.01000		, //old index 110
446	  ,  236 06 23 ,  119 35 54,      2.876,      0.000,      0.000,   0.44525,	  -1.89750,	   0.00780		, //old index 111
447	  ,  236 06 23 ,  119 35 54,      2.876,      0.000,      0.000,   1.17435,	  -1.77450,	   0.00610		, //old index 112
448	  ,  236 06 23 ,  119 35 54,      2.876,      0.000,      0.000,  -0.54475,	  -2.25210,	   0.29920		, //old index 113
449	  ,  236 06 23 ,  119 35 54,      2.876,      0.000,      0.000,  -0.51665,	  -2.28430,	   2.03670		, //old index 114
450	  ,  236 06 23 ,  119 35 54,      2.876,      0.000,      0.000,  -0.51535,	  -2.28590,	   3.01450		, //old index 115
451	  ,  236 06 23 ,  119 35 54,      2.876,      0.000,      0.000,   0.21515,	  -2.26950,	   3.16890		, //old index 116
452	  ,  236 06 23 ,  119 35 54,      2.876,      0.000,      0.000,   0.22625,	  -2.30010,	   2.01210		, //old index 117
453	  ,  236 06 23 ,  119 35 54,      2.876,      0.000,      0.000,   0.21985,	  -2.28230,	   0.59660		, //old index 118
454	  ,  236 06 23 ,  119 35 54,      2.876,      0.000,      0.000,   0.83865,	  -2.30240,	   0.66560		, //old index 119
455	  ,  236 06 23 ,  119 35 54,      2.876,      0.000,      0.000,   0.83745,	  -2.32040,	   2.06470		, //old index 120
456	  ,  236 06 23 ,  119 35 54,      2.876,      0.000,      0.000,   0.83675,	  -2.33560,	   2.93470		, //old index 121
457	  ,  236 06 23 ,  119 35 54,      2.876,      0.000,      0.000,   1.55105,	  -2.34210,	   3.14520		, //old index 122
458	  ,  236 06 23 ,  119 35 54,      2.876,      0.000,      0.000,   1.55185,	  -2.34080,	   2.00720		, //old index 123
459	  ,  236 06 23 ,  119 35 54,      2.876,      0.000,      0.000,   1.56885,	  -2.31130,	   0.36530		, //old index 124
460	  ,  236 06 23 ,  119 35 54,      2.876,      0.000,      0.000,   2.22855,	  -2.32440,	   0.28720		, //old index 125
461	  ,  236 06 23 ,  119 35 54,      2.876,      0.000,      0.000,   2.18815,	  -2.36280,	   1.69630		, //old index 126
462	  ,  236 06 23 ,  119 35 54,      2.876,      0.000,      0.000,   2.20095,	  -2.35060,	   3.02510		, //old index 127
463	  ,  236 06 23 ,  119 35 54,      2.876,      0.000,      0.000,   3.06095,	  -2.38860,	   2.57770		, //old index 128
464	  ,  236 06 23 ,  119 35 54,      2.876,      0.000,      0.000,   2.89065,	  -2.36680,	   1.62170		, //old index 129
465	  ,  236 06 23 ,  119 35 54,      2.876,      0.000,      0.000,   2.92485,	  -2.34510,	   0.40410		, //old index 130
466	  ,  236 06 23 ,  119 35 54,      2.876,      0.000,      0.000,   3.14985,	  -2.69950,	   0.29330		, //old index 131
467	  ,  236 06 23 ,  119 35 54,      2.876,      0.000,      0.000,   3.17525,	  -2.68860,	   1.78710		, //old index 132
468	  ,  236 06 23 ,  119 35 54,      2.876,      0.000,      0.000,   3.19925,	  -2.67820,	   2.88020		, //old index 133
469	  ,  236 06 23 ,  119 35 54,      2.876,      0.000,      0.000,   3.19355,	  -3.43610,	   2.93530		, //old index 134
470	  ,  236 06 23 ,  119 35 54,      2.876,      0.000,      0.000,   3.14705,	  -3.44150,	   1.87360		, //old index 135
471	  ,  236 06 23 ,  119 35 54,      2.876,      0.000,      0.000,   3.13395,	  -3.44330,	   0.67010		, //old index 136
472	  ,  236 06 23 ,  119 35 54,      2.876,      0.000,      0.000,   3.12115,	  -4.06410,	   0.46500		, //old index 137
473	  ,  236 06 23 ,  119 35 54,      2.876,      0.000,      0.000,   3.11935,	  -4.06380,	   1.86210		, //old index 138
474	  ,  236 06 23 ,  119 35 54,      2.876,      0.000,      0.000,   3.14235,	  -4.06690,	   2.91470		, //old index 139
475	  ,  236 06 23 ,  119 35 54,      2.876,      0.000,      0.000,   3.13115,	  -4.84320,	   3.03500		, //old index 140
476	  ,  236 06 23 ,  119 35 54,      2.876,      0.000,      0.000,   3.11255,	  -4.83450,	   1.70230		, //old index 141
477	  ,  236 06 23 ,  119 35 54,      2.876,      0.000,      0.000,   3.10495,	  -4.83100,	   0.44070		, //old index 142
478	  ,  236 06 23 ,  119 35 54,      2.876,      0.000,      0.000,   2.79415,	  -5.13650,	   0.34840		, //old index 143
479	  ,  236 06 23 ,  119 35 54,      2.876,      0.000,      0.000,   2.79775,	  -5.13880,	   1.49430		, //old index 144
480	  ,  236 06 23 ,  119 35 54,      2.876,      0.000,      0.000,   2.83525,	  -5.16500,	   2.42890		, //old index 145
481	  ,  236 06 23 ,  119 35 54,      2.876,      0.000,      0.000,   1.88905,	  -5.16270,	   3.23580		, //old index 146
482	  ,  236 06 23 ,  119 35 54,      2.876,      0.000,      0.000,   1.86685,	  -5.13490,	   1.83210		, //old index 147
483	  ,  236 06 23 ,  119 35 54,      2.876,      0.000,      0.000,   1.83015,	  -5.08900,	   0.47520		, //old index 148
484	  ,  236 06 23 ,  119 35 54,      2.876,      0.000,      0.000,   0.88155,	  -5.08190,	   0.40720		, //old index 149
485	  ,  236 06 23 ,  119 35 54,      2.876,      0.000,      0.000,   0.88535,	  -5.12030,	   1.69910		, //old index 150
486	  ,  236 06 23 ,  119 35 54,      2.876,      0.000,      0.000,   0.88615,	  -5.12930,	   2.85190		, //old index 151
487	  ,  236 06 23 ,  119 35 54,      2.876,      0.000,      0.000,   0.05035,	  -5.12480,	   2.95610		, //old index 152
488	  ,  236 06 23 ,  119 35 54,      2.876,      0.000,      0.000,   0.06385,	  -5.09790,	   1.81280		, //old index 153
489	  ,  236 06 23 ,  119 35 54,      2.876,      0.000,      0.000,   0.08095,	  -5.06380,	   0.60720		, //old index 154
490	  ,  236 06 23 ,  119 35 54,      2.876,      0.000,      0.000,  -0.55655,	  -5.03670,	   0.53930		, //old index 155
491	  ,  236 06 23 ,  119 35 54,      2.876,      0.000,      0.000,  -0.58145,	  -5.06160,	   1.83150		, //old index 156
492	  ,  236 06 23 ,  119 35 54,      2.876,      0.000,      0.000,  -0.60035,	  -5.08050,	   3.00600		, //old index 157
493	  ,  236 06 23 ,  119 35 54,      2.876,      0.000,      0.000,  -0.95875,	  -4.76220,	   3.19670		, //old index 158
494	  ,  236 06 23 ,  119 35 54,      2.876,      0.000,      0.000,  -0.94535,	  -4.75410,	   2.29420		, //old index 159
495	  ,  236 06 23 ,  119 35 54,      2.876,      0.000,      0.000,  -0.92875,	  -4.74400,	   1.64660		, //old index 160
496	  ,  236 06 23 ,  119 35 54,      2.876,      0.000,      0.000,  -0.89245,	  -4.72230,	   0.82840		, //old index 161
497	  ,  236 06 23 ,  119 35 54,      2.876,      0.000,      0.000,  -0.83405,	  -4.68650,	   0.29280		, //old index 162
498	  ,  236 06 23 ,  119 35 54,      2.876,      0.000,      0.000,  -0.93585,	  -3.97500,	   3.05910		, //old index 163
499	  ,  236 06 23 ,  119 35 54,      2.876,      0.000,      0.000,  -0.92795,	  -3.97380,	   2.23960		, //old index 164
500	  ,  236 06 23 ,  119 35 54,      2.876,      0.000,      0.000,  -0.92395,	  -3.97320,	   1.63320		, //old index 165
501	  ,  236 06 23 ,  119 35 54,      2.876,      0.000,      0.000,  -0.90345,	  -3.97030,	   0.92230		, //old index 166
502	  ,  236 06 23 ,  119 35 54,      2.876,      0.000,      0.000,  -0.86305,	  -3.96450,	   0.35580		, //old index 167
503	  ,  236 06 23 ,  119 35 54,      2.876,      0.000,      0.000,  -0.94805,	  -3.26490,	   2.98400		, //old index 168
504	  ,  236 06 23 ,  119 35 54,      2.876,      0.000,      0.000,  -0.91155,	  -3.27500,	   2.21360		, //old index 169
505	  ,  236 06 23 ,  119 35 54,      2.876,      0.000,      0.000,  -0.91285,	  -3.27450,	   1.66260		, //old index 170
506	  ,  236 06 23 ,  119 35 54,      2.876,      0.000,      0.000,  -0.89595,	  -3.27920,	   0.85470		, //old index 171
507	  ,  236 06 23 ,  119 35 54,      2.876,      0.000,      0.000,  -0.86365,	  -3.28790,	   0.31410		, //old index 172
508	  ,  236 06 23 ,  119 35 54,      2.876,      0.000,      0.000,  -0.86385,	  -2.56750,	   0.39260		, //old index 173
509	  ,  236 06 23 ,  119 35 54,      2.876,      0.000,      0.000,  -0.88185,	  -2.55440,	   0.92400		, //old index 174
510	  ,  236 06 23 ,  119 35 54,      2.876,      0.000,      0.000,  -0.88915,	  -2.54930,	   1.69250		, //old index 175
511	  ,  236 06 23 ,  119 35 54,      2.876,      0.000,      0.000,  -0.89115,	  -2.54790,	   2.37210		, //old index 176
512	  ,  236 06 23 ,  119 35 54,      2.876,      0.000,      0.000,  -0.89205,	  -2.54720,	   3.07440		, //old index 177
513	  ,  236 06 23 ,  119 35 54,      2.876,      0.000,      0.000,  -0.60935,	  -2.55290,	   3.40540		, //old index 178
514	  ,  236 06 23 ,  119 35 54,      2.876,      0.000,      0.000,  -0.62165,	  -3.95780,	   3.38920		, //old index 179
515	  ,  236 06 23 ,  119 35 54,      2.876,      0.000,      0.000,  -0.61775,	  -4.98350,	   3.37500		, //old index 180
516	  ,  236 06 23 ,  119 35 54,      2.876,      0.000,      0.000,   0.16235,	  -5.01520,	   3.39030		, //old index 181
517	  ,  236 06 23 ,  119 35 54,      2.876,      0.000,      0.000,   0.22895,	  -4.10310,	   3.40410		, //old index 182
518	  ,  236 06 23 ,  119 35 54,      2.876,      0.000,      0.000,   0.24575,	  -2.47940,	   3.42560		, //old index 183
519	  ,  236 06 23 ,  119 35 54,      2.876,      0.000,      0.000,   1.37635,	  -2.51490,	   3.45250		, //old index 184
520	  ,  236 06 23 ,  119 35 54,      2.876,      0.000,      0.000,   1.36215,	  -3.81720,	   3.42990		, //old index 185
521	  ,  236 06 23 ,  119 35 54,      2.876,      0.000,      0.000,   1.42495,	  -5.01970,	   3.42040		, //old index 186
522	  ,  236 06 23 ,  119 35 54,      2.876,      0.000,      0.000,   2.27675,	  -5.05430,	   3.43600		, //old index 187
523	  ,  236 06 23 ,  119 35 54,      2.876,      0.000,      0.000,   2.32585,	  -3.93840,	   3.45110		, //old index 188
524	  ,  236 06 23 ,  119 35 54,      2.876,      0.000,      0.000,   2.35795,	  -2.56620,	   3.47030		, //old index 189
525	  ,  236 06 23 ,  119 35 54,      2.876,      0.000,      0.000,   2.93975,	  -2.56760,	   0.08150		, //old index 190
526	  ,  236 06 23 ,  119 35 54,      2.876,      0.000,      0.000,   3.03065,	  -3.50690,	   0.06810		, //old index 191
527	  ,  236 06 23 ,  119 35 54,      2.876,      0.000,      0.000,   2.99125,	  -4.24910,	   0.06310		, //old index 192
528	  ,  236 06 23 ,  119 35 54,      2.876,      0.000,      0.000,   2.85335,	  -4.93750,	   0.05670		, //old index 193
529	  ,  236 06 23 ,  119 35 54,      2.876,      0.000,      0.000,   2.03405,	  -4.82460,	   0.05910		, //old index 194
530	  ,  236 06 23 ,  119 35 54,      2.876,      0.000,      0.000,   1.99735,	  -4.04370,	   0.05580		, //old index 195
531	  ,  236 06 23 ,  119 35 54,      2.876,      0.000,      0.000,   1.94275,	  -3.23070,	   0.06480		, //old index 196
532	  ,  236 06 23 ,  119 35 54,      2.876,      0.000,      0.000,   2.04325,	  -2.54370,	   0.08220		, //old index 197
533	  ,  236 06 23 ,  119 35 54,      2.876,      0.000,      0.000,   1.29825,	  -2.48280,	   0.08780		, //old index 198
534	  ,  236 06 23 ,  119 35 54,      2.876,      0.000,      0.000,   1.54325,	  -3.70140,	   0.06170		, //old index 199
535	  ,  236 06 23 ,  119 35 54,      2.876,      0.000,      0.000,   1.52945,	  -4.91890,	   0.06430		, //old index 200
536	  ,  236 06 23 ,  119 35 54,      2.876,      0.000,      0.000,   0.71685,	  -4.97030,	   0.06990		, //old index 201
537	  ,  236 06 23 ,  119 35 54,      2.876,      0.000,      0.000,   0.37065,	  -4.41640,	   0.06540		, //old index 202
538	  ,  236 06 23 ,  119 35 54,      2.876,      0.000,      0.000,   0.55355,	  -2.98530,	   0.07680		, //old index 203
539	  ,  236 06 23 ,  119 35 54,      2.876,      0.000,      0.000,   0.56845,	  -2.41080,	   0.09590		, //old index 204
540	  ,  236 06 23 ,  119 35 54,      2.876,      0.000,      0.000,  -0.59325,	  -2.43770,	   0.10970		, //old index 205
541	  ,  236 06 23 ,  119 35 54,      2.876,      0.000,      0.000,  -0.56805,	  -3.17690,	   0.09340		, //old index 206
542	  ,  236 06 23 ,  119 35 54,      2.876,      0.000,      0.000,  -0.65365,	  -3.93800,	   0.08740		, //old index 207
543	  ,  236 06 23 ,  119 35 54,      2.876,      0.000,      0.000,  -0.46635,	  -4.59570,	   0.07970		, //old index 208
544	  ,  236 06 23 ,  119 35 54,      2.876,      0.000,      0.000,  -0.53845,	  -4.79460,	   0.08900		, //old index 209
545	  ,  236 06 23 ,  119 35 54,      2.876,      0.000,      0.000,  -0.61005,	  -4.81070,	   0.48280		, //old index 210
546	  ,  236 06 23 ,  119 35 54,      2.876,      0.000,      0.000,  -0.66205,	  -4.81750,	   0.76470		, //old index 211
547	  ,  236 06 23 ,  119 35 54,      2.876,      0.000,      0.000,  -0.69915,	  -4.82380,	   1.34660		, //old index 212
548	  ,  236 06 23 ,  119 35 54,      2.876,      0.000,      0.000,  -0.73665,	  -4.83020,	   1.99290		, //old index 213
549	  ,  236 06 23 ,  119 35 54,      2.876,      0.000,      0.000,  -0.78185,	  -4.84410,	   2.68490		, //old index 214
550	  ,  236 06 23 ,  119 35 54,      2.876,      0.000,      0.000,  -0.82755,	  -4.85240,	   3.33600		, //old index 215
551	  ,  236 06 23 ,  119 35 54,      2.876,      0.000,      0.000,   3.12495,	  -4.09580,	  -0.28260		, //old index 216
552	  ,  236 06 23 ,  119 35 54,      2.876,      0.000,      0.000,   3.12035,	  -4.02830,	  -0.47220		, //old index 217
553	  ,  236 06 23 ,  119 35 54,      2.876,      0.000,      0.000,   3.11335,	  -4.26930,	  -0.48050		, //old index 218
554	  ,  236 06 23 ,  119 35 54,      2.876,      0.000,      0.000,   0.75015,	  -3.73440,	   0.03780		, //old index 0
555	  ,  236 06 23 ,  119 35 54,      2.876,      0.000,      0.000,   0.75015,	  -2.43350,	   1.50950		, //old index 219
556	  ,  236 06 23 ,  119 35 54,      2.876,      0.000,      0.000,   2.17435,	  -4.23070,	   4.00410		, //old index 220
557	  ,  236 06 23 ,  119 35 54,      2.876,      0.000,      0.000,   2.17255,	  -4.16780,	   3.81430		, //old index 221
558	  ,  236 06 23 ,  119 35 54,      2.876,      0.000,      0.000,   2.16315,	  -4.40910,	   3.81140		, //old index 222
559	  ,  236 06 23 ,  119 35 54,      2.876,      0.000,      0.000,  -1.62355,	  -2.34210,	   4.17220		, //old index 223
560	  ,  236 06 23 ,  119 35 54,      2.876,      0.000,      0.000,  -1.59025,	  -2.36130,	   3.48930		, //old index 224
561	  ,  236 06 23 ,  119 35 54,      2.876,      0.000,      0.000,  -1.37645,	  -2.38650,	   2.23590		, //old index 225
562	  ,  236 06 23 ,  119 35 54,      2.876,      0.000,      0.000,  -0.91055,	  -2.36640,	   4.11580		, //old index 226
563	  ,  236 06 23 ,  119 35 54,      2.876,      0.000,      0.000,  -0.89335,	  -2.38060,	   3.28460		, //old index 227
564	  ,  236 06 23 ,  119 35 54,      2.876,      0.000,      0.000,  -0.87035,	  -2.39960,	   1.96610		, //old index 228
565	  ,  236 06 23 ,  119 35 54,      2.876,      0.000,      0.000,  -0.87855,	  -2.39270,	   0.83680		, //old index 229
566	  ,  236 06 23 ,  119 35 54,      2.876,      0.000,      0.000,  -0.12875,	  -2.41890,	   0.64440		, //old index 230
567	  ,  236 06 23 ,  119 35 54,      2.876,      0.000,      0.000,  -0.13595,	  -2.40830,	   1.88230		, //old index 231
568	  ,  236 06 23 ,  119 35 54,      2.876,      0.000,      0.000,  -0.14385,	  -2.39650,	   3.36210		, //old index 232
569	  ,  236 06 23 ,  119 35 54,      2.876,      0.000,      0.000,  -0.14935,	  -2.38830,	   4.08280		, //old index 233
570	  ,  236 06 23 ,  119 35 54,      2.876,      0.000,      0.000,   0.52165,	  -2.40850,	   4.10860		, //old index 234
571	  ,  236 06 23 ,  119 35 54,      2.876,      0.000,      0.000,   0.52455,	  -2.42560,	   3.27960		, //old index 235
572	  ,  236 06 23 ,  119 35 54,      2.876,      0.000,      0.000,   0.52475,	  -2.42670,	   1.84340		, //old index 236
573	  ,  236 06 23 ,  119 35 54,      2.876,      0.000,      0.000,   0.52705,	  -2.43950,	   0.50370		, //old index 237
574	  ,  236 06 23 ,  119 35 54,      2.876,      0.000,      0.000,   1.22435,	  -2.46400,	   0.45000		, //old index 238
575	  ,  236 06 23 ,  119 35 54,      2.876,      0.000,      0.000,   1.23115,	  -2.44540,	   1.88200		, //old index 239
576	  ,  236 06 23 ,  119 35 54,      2.876,      0.000,      0.000,   1.23235,	  -2.44230,	   3.40920		, //old index 240
577	  ,  236 06 23 ,  119 35 54,      2.876,      0.000,      0.000,   1.23495,	  -2.43520,	   4.09930		, //old index 241
578	  ,  236 06 23 ,  119 35 54,      2.876,      0.000,      0.000,   1.96495,	  -2.46380,	   4.09570		, //old index 242
579	  ,  236 06 23 ,  119 35 54,      2.876,      0.000,      0.000,   2.04785,	  -2.48680,	   2.44210		, //old index 243
580	  ,  236 06 23 ,  119 35 54,      2.876,      0.000,      0.000,   2.04345,	  -2.49100,	   1.52140		, //old index 244
581	  ,  236 06 23 ,  119 35 54,      2.876,      0.000,      0.000,   2.03485,	  -2.49940,	   0.32420		, //old index 245
582	  ,  236 06 23 ,  119 35 54,      2.876,      0.000,      0.000,   2.21055,	  -2.72310,	   0.26490		, //old index 246
583	  ,  236 06 23 ,  119 35 54,      2.876,      0.000,      0.000,   2.20435,	  -2.72730,	   1.75910		, //old index 247
584	  ,  236 06 23 ,  119 35 54,      2.876,      0.000,      0.000,   2.21855,	  -2.71740,	   3.74480		, //old index 248
585	  ,  236 06 23 ,  119 35 54,      2.876,      0.000,      0.000,   2.22155,	  -2.71530,	   4.18810		, //old index 249
586	  ,  236 06 23 ,  119 35 54,      2.876,      0.000,      0.000,   2.20045,	  -3.59550,	   4.11200		, //old index 250
587	  ,  236 06 23 ,  119 35 54,      2.876,      0.000,      0.000,   2.17705,	  -4.19730,	   4.14820		, //old index 251
588	  ,  236 06 23 ,  119 35 54,      2.876,      0.000,      0.000,   2.16655,	  -4.19390,	   3.38420		, //old index 252
589	  ,  236 06 23 ,  119 35 54,      2.876,      0.000,      0.000,   2.14825,	  -4.18800,	   2.11760		, //old index 253
590	  ,  236 06 23 ,  119 35 54,      2.876,      0.000,      0.000,   2.14135,	  -4.18580,	   0.56860		, //old index 254
591	  ,  236 06 23 ,  119 35 54,      2.876,      0.000,      0.000,   2.11755,	  -4.90760,	   0.35470		, //old index 255
592	  ,  236 06 23 ,  119 35 54,      2.876,      0.000,      0.000,   2.11655,	  -4.90660,	   2.06920		, //old index 256
593	  ,  236 06 23 ,  119 35 54,      2.876,      0.000,      0.000,   2.13805,	  -4.92500,	   3.30800		, //old index 257
594	  ,  236 06 23 ,  119 35 54,      2.876,      0.000,      0.000,   2.14095,	  -4.92750,	   4.03120		, //old index 258
595	  ,  236 06 23 ,  119 35 54,      2.876,      0.000,      0.000,   1.85025,	  -5.25780,	   4.09550		, //old index 259
596	  ,  236 06 23 ,  119 35 54,      2.876,      0.000,      0.000,   1.85835,	  -5.26900,	   3.20850		, //old index 260
597	  ,  236 06 23 ,  119 35 54,      2.876,      0.000,      0.000,   1.86245,	  -5.27480,	   1.75840		, //old index 261
598	  ,  236 06 23 ,  119 35 54,      2.876,      0.000,      0.000,   1.86685,	  -5.28090,	   0.32660		, //old index 262
599	  ,  236 06 23 ,  119 35 54,      2.876,      0.000,      0.000,   1.04015,	  -5.24370,	   0.27900		, //old index 263
600	  ,  236 06 23 ,  119 35 54,      2.876,      0.000,      0.000,   1.04265,	  -5.25610,	   1.46250		, //old index 264
601	  ,  236 06 23 ,  119 35 54,      2.876,      0.000,      0.000,   1.04085,	  -5.24670,	   2.53360		, //old index 265
602	  ,  236 06 23 ,  119 35 54,      2.876,      0.000,      0.000,   1.03805,	  -5.23200,	   3.92400		, //old index 266
603	  ,  236 06 23 ,  119 35 54,      2.876,      0.000,      0.000,   0.07515,	  -5.17980,	   4.03490		, //old index 267
604	  ,  236 06 23 ,  119 35 54,      2.876,      0.000,      0.000,   0.07065,	  -5.18950,	   2.87370		, //old index 268
605	  ,  236 06 23 ,  119 35 54,      2.876,      0.000,      0.000,   0.06315,	  -5.20540,	   1.42600		, //old index 269
606	  ,  236 06 23 ,  119 35 54,      2.876,      0.000,      0.000,   0.06315,	  -5.20530,	   0.36100		, //old index 270
607	  ,  236 06 23 ,  119 35 54,      2.876,      0.000,      0.000,  -0.57755,	  -5.20960,	   1.36950		, //old index 271
608	  ,  236 06 23 ,  119 35 54,      2.876,      0.000,      0.000,  -0.56485,	  -5.19560,	   2.33520		, //old index 272
609	  ,  236 06 23 ,  119 35 54,      2.876,      0.000,      0.000,  -0.55325,	  -5.18270,	   3.23650		, //old index 273
610	  ,  236 06 23 ,  119 35 54,      2.876,      0.000,      0.000,  -0.54615,	  -5.17480,	   4.13210		, //old index 274
611	  ,  236 06 23 ,  119 35 54,      2.876,      0.000,      0.000,  -1.20015,	  -5.14370,	   4.12210		, //old index 275
612	  ,  236 06 23 ,  119 35 54,      2.876,      0.000,      0.000,  -1.51585,	  -5.12860,	   4.09160		, //old index 276
613	  ,  236 06 23 ,  119 35 54,      2.876,      0.000,      0.000,  -1.25095,	  -5.16080,	   3.28000		, //old index 277
614	  ,  236 06 23 ,  119 35 54,      2.876,      0.000,      0.000,  -0.98685,	  -5.19340,	   2.35150		, //old index 278
615	  ,  236 06 23 ,  119 35 54,      2.876,      0.000,      0.000,  -1.64455,	  -4.82040,	   3.81180		, //old index 279
616	  ,  236 06 23 ,  119 35 54,      2.876,      0.000,      0.000,  -1.27155,	  -4.78030,	   2.53370		, //old index 280
617	  ,  236 06 23 ,  119 35 54,      2.876,      0.000,      0.000,  -0.89095,	  -4.80970,	   1.57130		, //old index 281
618	  ,  236 06 23 ,  119 35 54,      2.876,      0.000,      0.000,  -0.39455,	  -4.82370,	   0.60480		, //old index 282
619	  ,  236 06 23 ,  119 35 54,      2.876,      0.000,      0.000,  -0.59815,	  -4.13760,	   0.62650		, //old index 283
620	  ,  236 06 23 ,  119 35 54,      2.876,      0.000,      0.000,  -1.04715,	  -4.07620,	   1.53660		, //old index 284
621	  ,  236 06 23 ,  119 35 54,      2.876,      0.000,      0.000,  -1.37185,	  -4.05520,	   2.44420		, //old index 285
622	  ,  236 06 23 ,  119 35 54,      2.876,      0.000,      0.000,  -1.72035,	  -4.03010,	   3.90300		, //old index 286
623	  ,  236 06 23 ,  119 35 54,      2.876,      0.000,      0.000,  -1.74625,	  -3.27210,	   3.91570		, //old index 287
624	  ,  236 06 23 ,  119 35 54,      2.876,      0.000,      0.000,  -1.47095,	  -3.34540,	   2.47660		, //old index 288
625	  ,  236 06 23 ,  119 35 54,      2.876,      0.000,      0.000,  -1.13655,	  -3.40390,	   1.44490		, //old index 289
626	  ,  236 06 23 ,  119 35 54,      2.876,      0.000,      0.000,  -0.74905,	  -3.40980,	   0.59720		, //old index 290
627	  ,  236 06 23 ,  119 35 54,      2.876,      0.000,      0.000,  -0.91465,	  -2.70920,	   0.65070		, //old index 291
628	  ,  236 06 23 ,  119 35 54,      2.876,      0.000,      0.000,  -1.25535,	  -2.71300,	   1.49670		, //old index 292
629	  ,  236 06 23 ,  119 35 54,      2.876,      0.000,      0.000,  -1.51975,	  -2.63940,	   2.39080		, //old index 293
630	  ,  236 06 23 ,  119 35 54,      2.876,      0.000,      0.000,  -1.74255,	  -2.61290,	   3.83390		, //old index 294
631	  ,  236 06 23 ,  119 35 54,      2.876,      0.000,      0.000,  -1.58415,	  -2.68420,	   4.32990		, //old index 295
632	  ,  236 06 23 ,  119 35 54,      2.876,      0.000,      0.000,  -0.28935,	  -2.68340,	   4.31690		, //old index 296
633	  ,  236 06 23 ,  119 35 54,      2.876,      0.000,      0.000,   0.69685,	  -2.66410,	   4.32240		, //old index 297
634	  ,  236 06 23 ,  119 35 54,      2.876,      0.000,      0.000,   1.75235,	  -2.76160,	   4.32680		, //old index 298
635	  ,  236 06 23 ,  119 35 54,      2.876,      0.000,      0.000,   2.01925,	  -3.96390,	   4.33790		, //old index 299
636	  ,  236 06 23 ,  119 35 54,      2.876,      0.000,      0.000,   1.06085,	  -3.94260,	   4.32620		, //old index 300
637	  ,  236 06 23 ,  119 35 54,      2.876,      0.000,      0.000,  -0.22525,	  -3.98810,	   4.31670		, //old index 301
638	  ,  236 06 23 ,  119 35 54,      2.876,      0.000,      0.000,  -1.42795,	  -4.02320,	   4.32810		, //old index 302
639	  ,  236 06 23 ,  119 35 54,      2.876,      0.000,      0.000,  -1.31565,	  -4.74390,	   4.33640		, //old index 303
640	  ,  236 06 23 ,  119 35 54,      2.876,      0.000,      0.000,  -0.34885,	  -4.86890,	   4.33420		, //old index 304
641	  ,  236 06 23 ,  119 35 54,      2.876,      0.000,      0.000,   0.79155,	  -4.93380,	   4.34000		, //old index 305
642	  ,  236 06 23 ,  119 35 54,      2.876,      0.000,      0.000,   1.69845,	  -4.91080,	   4.34300		, //old index 306
643	  ,  236 06 23 ,  119 35 54,      2.876,      0.000,      0.000,   1.80795,	  -4.93570,	   0.05490		, //old index 307
644	  ,  236 06 23 ,  119 35 54,      2.876,      0.000,      0.000,   1.25345,	  -4.91090,	   0.05400		, //old index 308
645	  ,  236 06 23 ,  119 35 54,      2.876,      0.000,      0.000,   0.64455,	  -4.89230,	   0.05780		, //old index 309
646	  ,  236 06 23 ,  119 35 54,      2.876,      0.000,      0.000,   0.26785,	  -4.88360,	   0.06000		, //old index 310
647	  ,  236 06 23 ,  119 35 54,      2.876,      0.000,      0.000,   0.09555,	  -4.20370,	   0.05120		, //old index 311
648	  ,  236 06 23 ,  119 35 54,      2.876,      0.000,      0.000,   0.95035,	  -4.48580,	   0.05110		, //old index 312
649	  ,  236 06 23 ,  119 35 54,      2.876,      0.000,      0.000,   1.50205,	  -4.23680,	   0.05100		, //old index 313
650	  ,  236 06 23 ,  119 35 54,      2.876,      0.000,      0.000,   2.02305,	  -4.25800,	   0.04800		, //old index 314
651	  ,  236 06 23 ,  119 35 54,      2.876,      0.000,      0.000,   1.90885,	  -3.50260,	   0.04580		, //old index 315
652	  ,  236 06 23 ,  119 35 54,      2.876,      0.000,      0.000,   1.38285,	  -3.28690,	   0.04320		, //old index 316
653	  ,  236 06 23 ,  119 35 54,      2.876,      0.000,      0.000,   0.36295,	  -3.06380,	   0.04430		, //old index 317
654	  ,  236 06 23 ,  119 35 54,      2.876,      0.000,      0.000,  -0.09105,	  -3.33210,	   0.04570		, //old index 318
655	  ,  236 06 23 ,  119 35 54,      2.876,      0.000,      0.000,  -0.31955,	  -2.67700,	   0.04070		, //old index 319
656	  ,  236 06 23 ,  119 35 54,      2.876,      0.000,      0.000,   0.43315,	  -2.68920,	   0.04120		, //old index 320
657	  ,  236 06 23 ,  119 35 54,      2.876,      0.000,      0.000,   1.27725,	  -2.77590,	   0.03920		, //old index 321
658	  ,  236 06 23 ,  119 35 54,      2.876,      0.000,      0.000,   1.88615,	  -2.85790,	   0.04000		, //old index 322
659	  ,  236 06 23 ,  119 35 54,      2.876,      0.000,      0.000,  -0.02135,	  -4.75940,	   0.09950		, //old index 323
660	  ,  236 06 23 ,  119 35 54,      2.876,      0.000,      0.000,  -0.29555,	  -4.77350,	   0.66770		, //old index 324
661	  ,  236 06 23 ,  119 35 54,      2.876,      0.000,      0.000,  -0.63255,	  -4.80310,	   1.44730		, //old index 325
662	  ,  236 06 23 ,  119 35 54,      2.876,      0.000,      0.000,  -1.12625,	  -4.83610,	   2.54900		, //old index 326
663	  ,  236 06 23 ,  119 35 54,      2.876,      0.000,      0.000,  -1.31385,	  -4.85910,	   3.40310		, //old index 327
664	  ,  236 06 23 ,  119 35 54,      2.876,      0.000,      0.000,  -1.49175,	  -4.88380,	   4.33800		, //old index 328
665	  ,  236 06 23 ,  119 35 54,      2.876,      0.000,      0.000,   0.37525,	  -5.22610,	   0.34660		, //old index 329
666	  ,  236 06 23 ,  119 35 54,      2.876,      0.000,      0.000,   1.06335,	  -5.25620,	   0.75800		, //old index 330
667	  ,  236 06 23 ,  119 35 54,      2.876,      0.000,      0.000,   1.08315,	  -5.25320,	   0.35780		, //old index 331
668	  ,  236 06 23 ,  119 35 54,      2.876,      0.000,      0.000,   1.89275,	  -4.18350,	   2.55620		, //old index 332
669	  ,  236 06 23 ,  119 35 54,      2.876,      0.000,      0.000,   1.08575,	  -5.25660,	   1.37210		, //old index 333
