Point ID     ,  Hz.(º ' "),  V.(º ' "),Slope Dist.(m),Refl.Ht.(m),Inst.Ht.(m),Easting(m),  Northing(m),  Height(m)
 7777            ,    0 00 03 ,   88 19 34,          0,      0.000,      1.400,            0,            0,          0
2	  ,  236 06 23 ,  119 35 54,      2.876,      0.000,      0.000,  -1.12830,	   2.20160,	   0.27610		, //old index 1
3	  ,  236 06 23 ,  119 35 54,      2.876,      0.000,      0.000,  -0.43560,	   2.20760,	   0.68240		, //old index 2
4	  ,  236 06 23 ,  119 35 54,      2.876,      0.000,      0.000,  -0.41850,	   2.22060,	   0.28220		, //old index 3
5	  ,  236 06 23 ,  119 35 54,      2.876,      0.000,      0.000,   0.36310,	   2.19100,	   3.43020		, //old index 4
6	  ,  236 06 23 ,  119 35 54,      2.876,      0.000,      0.000,   0.36510,	   2.20270,	   2.42240		, //old index 5
7	  ,  236 06 23 ,  119 35 54,      2.876,      0.000,      0.000,   0.36740,	   2.21670,	   1.27150		, //old index 6
8	  ,  236 06 23 ,  119 35 54,      2.876,      0.000,      0.000,   0.37080,	   2.23680,	   0.11760		, //old index 7
9	  ,  236 06 23 ,  119 35 54,      2.876,      0.000,      0.000,  -0.40470,	   2.22130,	   0.15940		, //old index 8
10	  ,  236 06 23 ,  119 35 54,      2.876,      0.000,      0.000,  -0.39830,	   2.18560,	   1.39610		, //old index 9
11	  ,  236 06 23 ,  119 35 54,      2.876,      0.000,      0.000,  -0.39630,	   2.17460,	   2.24750		, //old index 10
12	  ,  236 06 23 ,  119 35 54,      2.876,      0.000,      0.000,  -0.39550,	   2.16640,	   3.39990		, //old index 11
13	  ,  236 06 23 ,  119 35 54,      2.876,      0.000,      0.000,  -1.04900,	   2.15790,	   3.45110		, //old index 12
14	  ,  236 06 23 ,  119 35 54,      2.876,      0.000,      0.000,  -1.05220,	   2.16460,	   2.39620		, //old index 13
15	  ,  236 06 23 ,  119 35 54,      2.876,      0.000,      0.000,  -1.05650,	   2.17330,	   1.39800		, //old index 14
16	  ,  236 06 23 ,  119 35 54,      2.876,      0.000,      0.000,  -1.06910,	   2.19850,	   0.22020		, //old index 15
17	  ,  236 06 23 ,  119 35 54,      2.876,      0.000,      0.000,  -1.64080,	   2.16420,	   0.48080		, //old index 16
18	  ,  236 06 23 ,  119 35 54,      2.876,      0.000,      0.000,  -1.94770,	   2.12910,	   1.26790		, //old index 17
19	  ,  236 06 23 ,  119 35 54,      2.876,      0.000,      0.000,  -1.94340,	   2.12350,	   2.32630		, //old index 18
20	  ,  236 06 23 ,  119 35 54,      2.876,      0.000,      0.000,  -2.08390,	   2.11110,	   3.47410		, //old index 19
21	  ,  236 06 23 ,  119 35 54,      2.876,      0.000,      0.000,  -2.41770,	   2.11270,	   3.30950		, //old index 20
22	  ,  236 06 23 ,  119 35 54,      2.876,      0.000,      0.000,  -2.40630,	   2.10240,	   2.53860		, //old index 21
23	  ,  236 06 23 ,  119 35 54,      2.876,      0.000,      0.000,  -2.39560,	   2.09340,	   1.97660		, //old index 22
24	  ,  236 06 23 ,  119 35 54,      2.876,      0.000,      0.000,  -2.87680,	   2.08960,	   3.49480		, //old index 23
25	  ,  236 06 23 ,  119 35 54,      2.876,      0.000,      0.000,   0.64640,	   2.04280,	   3.27810		, //old index 24
26	  ,  236 06 23 ,  119 35 54,      2.876,      0.000,      0.000,   0.64450,	   2.03720,	   2.33260		, //old index 25
27	  ,  236 06 23 ,  119 35 54,      2.876,      0.000,      0.000,   0.64200,	   2.02910,	   1.58740		, //old index 26
28	  ,  236 06 23 ,  119 35 54,      2.876,      0.000,      0.000,   0.62210,	   2.05030,	   0.29270		, //old index 27
29	  ,  236 06 23 ,  119 35 54,      2.876,      0.000,      0.000,   0.68230,	   0.73990,	   3.26730		, //old index 28
30	  ,  236 06 23 ,  119 35 54,      2.876,      0.000,      0.000,   0.71210,	   0.77220,	   2.23480		, //old index 29
31	  ,  236 06 23 ,  119 35 54,      2.876,      0.000,      0.000,   0.66910,	   0.72560,	   1.15590		, //old index 30
32	  ,  236 06 23 ,  119 35 54,      2.876,      0.000,      0.000,   0.65470,	   0.75200,	   0.34770		, //old index 31
33	  ,  236 06 23 ,  119 35 54,      2.876,      0.000,      0.000,   0.70690,	  -0.37800,	   3.27870		, //old index 32
34	  ,  236 06 23 ,  119 35 54,      2.876,      0.000,      0.000,   0.69870,	  -0.37360,	   2.17600		, //old index 33
35	  ,  236 06 23 ,  119 35 54,      2.876,      0.000,      0.000,   0.66980,	  -0.35420,	   1.08230		, //old index 34
36	  ,  236 06 23 ,  119 35 54,      2.876,      0.000,      0.000,   0.67350,	  -0.35620,	   0.19850		, //old index 35
37	  ,  236 06 23 ,  119 35 54,      2.876,      0.000,      0.000,   0.69380,	  -1.13850,	   0.11540		, //old index 36
38	  ,  236 06 23 ,  119 35 54,      2.876,      0.000,      0.000,   0.71000,	  -1.12650,	   1.32030		, //old index 37
39	  ,  236 06 23 ,  119 35 54,      2.876,      0.000,      0.000,   0.71860,	  -1.14000,	   2.28290		, //old index 38
40	  ,  236 06 23 ,  119 35 54,      2.876,      0.000,      0.000,   0.72620,	  -1.09000,	   3.19280		, //old index 39
41	  ,  236 06 23 ,  119 35 54,      2.876,      0.000,      0.000,   0.37940,	  -2.69690,	   3.37370		, //old index 40
42	  ,  236 06 23 ,  119 35 54,      2.876,      0.000,      0.000,   0.37800,	  -2.68840,	   2.51050		, //old index 41
43	  ,  236 06 23 ,  119 35 54,      2.876,      0.000,      0.000,   0.37530,	  -2.66890,	   1.41180		, //old index 42
44	  ,  236 06 23 ,  119 35 54,      2.876,      0.000,      0.000,   0.37350,	  -2.65630,	   0.56020		, //old index 43
45	  ,  236 06 23 ,  119 35 54,      2.876,      0.000,      0.000,  -0.12230,	  -2.66650,	   1.12120		, //old index 44
46	  ,  236 06 23 ,  119 35 54,      2.876,      0.000,      0.000,  -0.12330,	  -2.68870,	   2.06480		, //old index 45
47	  ,  236 06 23 ,  119 35 54,      2.876,      0.000,      0.000,  -0.12360,	  -2.69510,	   2.89970		, //old index 46
48	  ,  236 06 23 ,  119 35 54,      2.876,      0.000,      0.000,  -0.12410,	  -2.70700,	   3.39440		, //old index 47
49	  ,  236 06 23 ,  119 35 54,      2.876,      0.000,      0.000,  -0.87920,	  -2.72620,	   3.37480		, //old index 48
50	  ,  236 06 23 ,  119 35 54,      2.876,      0.000,      0.000,  -0.87830,	  -2.72400,	   2.80960		, //old index 49
51	  ,  236 06 23 ,  119 35 54,      2.876,      0.000,      0.000,  -0.87450,	  -2.71180,	   2.25690		, //old index 50
52	  ,  236 06 23 ,  119 35 54,      2.876,      0.000,      0.000,  -1.20990,	  -2.73350,	   3.38420		, //old index 51
53	  ,  236 06 23 ,  119 35 54,      2.876,      0.000,      0.000,  -1.20910,	  -2.73120,	   2.83410		, //old index 52
54	  ,  236 06 23 ,  119 35 54,      2.876,      0.000,      0.000,  -1.97170,	  -1.18280,	   3.07200		, //old index 53
55	  ,  236 06 23 ,  119 35 54,      2.876,      0.000,      0.000,  -1.63700,	  -0.98200,	   2.40390		, //old index 54
56	  ,  236 06 23 ,  119 35 54,      2.876,      0.000,      0.000,  -1.36550,	  -1.03810,	   1.97390		, //old index 55
57	  ,  236 06 23 ,  119 35 54,      2.876,      0.000,      0.000,  -0.96960,	  -1.01870,	   1.25860		, //old index 56
58	  ,  236 06 23 ,  119 35 54,      2.876,      0.000,      0.000,  -0.69020,	  -1.07070,	   0.82820		, //old index 57
59	  ,  236 06 23 ,  119 35 54,      2.876,      0.000,      0.000,  -0.33590,	  -1.05550,	   0.30420		, //old index 58
60	  ,  236 06 23 ,  119 35 54,      2.876,      0.000,      0.000,  -2.22700,	  -0.45150,	   3.07990		, //old index 59
61	  ,  236 06 23 ,  119 35 54,      2.876,      0.000,      0.000,  -1.83640,	  -0.44880,	   2.39780		, //old index 60
62	  ,  236 06 23 ,  119 35 54,      2.876,      0.000,      0.000,  -1.58430,	  -0.38720,	   1.90890		, //old index 61
63	  ,  236 06 23 ,  119 35 54,      2.876,      0.000,      0.000,  -1.23500,	  -0.35760,	   1.24710		, //old index 62
64	  ,  236 06 23 ,  119 35 54,      2.876,      0.000,      0.000,  -0.98740,	  -0.34610,	   0.81310		, //old index 63
65	  ,  236 06 23 ,  119 35 54,      2.876,      0.000,      0.000,  -0.67620,	  -0.31910,	   0.32240		, //old index 64
66	  ,  236 06 23 ,  119 35 54,      2.876,      0.000,      0.000,  -1.06330,	   0.56550,	   0.35850		, //old index 65
67	  ,  236 06 23 ,  119 35 54,      2.876,      0.000,      0.000,  -1.34570,	   0.57450,	   0.79680		, //old index 66
68	  ,  236 06 23 ,  119 35 54,      2.876,      0.000,      0.000,  -1.61560,	   0.58500,	   1.26150		, //old index 67
69	  ,  236 06 23 ,  119 35 54,      2.876,      0.000,      0.000,  -1.88130,	   0.51020,	   1.83200		, //old index 68
70	  ,  236 06 23 ,  119 35 54,      2.876,      0.000,      0.000,  -2.20070,	   0.54710,	   2.44030		, //old index 69
71	  ,  236 06 23 ,  119 35 54,      2.876,      0.000,      0.000,  -2.51700,	   0.48840,	   3.12100		, //old index 70
72	  ,  236 06 23 ,  119 35 54,      2.876,      0.000,      0.000,  -2.70120,	   1.18150,	   3.13140		, //old index 71
73	  ,  236 06 23 ,  119 35 54,      2.876,      0.000,      0.000,  -2.42100,	   1.22320,	   2.45840		, //old index 72
74	  ,  236 06 23 ,  119 35 54,      2.876,      0.000,      0.000,  -2.12510,	   1.18570,	   1.83960		, //old index 73
75	  ,  236 06 23 ,  119 35 54,      2.876,      0.000,      0.000,  -1.85590,	   1.19750,	   1.29130		, //old index 74
76	  ,  236 06 23 ,  119 35 54,      2.876,      0.000,      0.000,  -1.59490,	   1.22950,	   0.77530		, //old index 75
77	  ,  236 06 23 ,  119 35 54,      2.876,      0.000,      0.000,  -1.37380,	   1.22910,	   0.41550		, //old index 76
78	  ,  236 06 23 ,  119 35 54,      2.876,      0.000,      0.000,  -1.63040,	   1.96270,	   0.39910		, //old index 77
79	  ,  236 06 23 ,  119 35 54,      2.876,      0.000,      0.000,  -1.83120,	   1.96930,	   0.73010		, //old index 78
80	  ,  236 06 23 ,  119 35 54,      2.876,      0.000,      0.000,  -2.12190,	   1.96180,	   1.29270		, //old index 79
81	  ,  236 06 23 ,  119 35 54,      2.876,      0.000,      0.000,  -2.36190,	   1.92940,	   1.84020		, //old index 80
82	  ,  236 06 23 ,  119 35 54,      2.876,      0.000,      0.000,  -2.60230,	   1.89910,	   2.44540		, //old index 81
83	  ,  236 06 23 ,  119 35 54,      2.876,      0.000,      0.000,  -2.86760,	   1.86080,	   3.17200		, //old index 82
84	  ,  236 06 23 ,  119 35 54,      2.876,      0.000,      0.000,  -2.76500,	   1.79500,	   3.58960		, //old index 83
85	  ,  236 06 23 ,  119 35 54,      2.876,      0.000,      0.000,  -1.30380,	   1.91300,	   3.58070		, //old index 84
86	  ,  236 06 23 ,  119 35 54,      2.876,      0.000,      0.000,  -0.30500,	   1.95890,	   3.56150		, //old index 85
87	  ,  236 06 23 ,  119 35 54,      2.876,      0.000,      0.000,   0.35600,	   1.88410,	   3.55170		, //old index 86
88	  ,  236 06 23 ,  119 35 54,      2.876,      0.000,      0.000,   0.35910,	   0.57450,	   3.54040		, //old index 87
89	  ,  236 06 23 ,  119 35 54,      2.876,      0.000,      0.000,  -0.60450,	   0.44510,	   3.54120		, //old index 88
90	  ,  236 06 23 ,  119 35 54,      2.876,      0.000,      0.000,  -1.31430,	   0.36600,	   3.54990		, //old index 89
91	  ,  236 06 23 ,  119 35 54,      2.876,      0.000,      0.000,  -2.58470,	   0.49610,	   3.56580		, //old index 90
92	  ,  236 06 23 ,  119 35 54,      2.876,      0.000,      0.000,  -2.03580,	  -0.98310,	   3.54680		, //old index 91
93	  ,  236 06 23 ,  119 35 54,      2.876,      0.000,      0.000,  -1.03750,	  -1.01080,	   3.53180		, //old index 92
94	  ,  236 06 23 ,  119 35 54,      2.876,      0.000,      0.000,  -0.24040,	  -1.03340,	   3.52750		, //old index 93
95	  ,  236 06 23 ,  119 35 54,      2.876,      0.000,      0.000,   0.32390,	  -1.00930,	   3.52560		, //old index 94
96	  ,  236 06 23 ,  119 35 54,      2.876,      0.000,      0.000,   0.45240,	  -2.36110,	   3.50980		, //old index 95
97	  ,  236 06 23 ,  119 35 54,      2.876,      0.000,      0.000,  -0.10370,	  -2.40990,	   3.51650		, //old index 96
98	  ,  236 06 23 ,  119 35 54,      2.876,      0.000,      0.000,  -0.82910,	  -2.44950,	   3.52190		, //old index 97
99	  ,  236 06 23 ,  119 35 54,      2.876,      0.000,      0.000,  -1.22890,	  -2.55210,	   3.52310		, //old index 98
100	  ,  236 06 23 ,  119 35 54,      2.876,      0.000,      0.000,   0.51280,	  -2.63680,	  -0.00460		, //old index 99
101	  ,  236 06 23 ,  119 35 54,      2.876,      0.000,      0.000,   0.35220,	  -2.13350,	   0.01320		, //old index 100
102	  ,  236 06 23 ,  119 35 54,      2.876,      0.000,      0.000,   0.09550,	  -1.54590,	   0.01920		, //old index 101
103	  ,  236 06 23 ,  119 35 54,      2.876,      0.000,      0.000,   0.53620,	  -1.13380,	   0.02790		, //old index 102
104	  ,  236 06 23 ,  119 35 54,      2.876,      0.000,      0.000,  -0.01680,	  -1.12530,	   0.02760		, //old index 103
105	  ,  236 06 23 ,  119 35 54,      2.876,      0.000,      0.000,   0.64830,	  -0.45300,	   0.03390		, //old index 104
106	  ,  236 06 23 ,  119 35 54,      2.876,      0.000,      0.000,  -0.66700,	   0.47810,	  -0.01960		, //old index 105
107	  ,  236 06 23 ,  119 35 54,      2.876,      0.000,      0.000,   0.44790,	   0.74170,	  -0.03360		, //old index 106
108	  ,  236 06 23 ,  119 35 54,      2.876,      0.000,      0.000,   0.52100,	   1.32520,	  -0.04360		, //old index 107
109	  ,  236 06 23 ,  119 35 54,      2.876,      0.000,      0.000,  -0.06710,	   1.31310,	  -0.04320		, //old index 108
110	  ,  236 06 23 ,  119 35 54,      2.876,      0.000,      0.000,  -0.88700,	   1.26160,	  -0.03980		, //old index 109
111	  ,  236 06 23 ,  119 35 54,      2.876,      0.000,      0.000,  -1.00060,	   1.91520,	  -0.02780		, //old index 110
112	  ,  236 06 23 ,  119 35 54,      2.876,      0.000,      0.000,  -0.30490,	   1.83690,	  -0.03000		, //old index 111
113	  ,  236 06 23 ,  119 35 54,      2.876,      0.000,      0.000,   0.42420,	   1.95990,	  -0.03170		, //old index 112
114	  ,  236 06 23 ,  119 35 54,      2.876,      0.000,      0.000,  -1.29490,	   1.48230,	   0.26140		, //old index 113
115	  ,  236 06 23 ,  119 35 54,      2.876,      0.000,      0.000,  -1.26680,	   1.45010,	   1.99890		, //old index 114
116	  ,  236 06 23 ,  119 35 54,      2.876,      0.000,      0.000,  -1.26550,	   1.44850,	   2.97670		, //old index 115
117	  ,  236 06 23 ,  119 35 54,      2.876,      0.000,      0.000,  -0.53500,	   1.46490,	   3.13110		, //old index 116
118	  ,  236 06 23 ,  119 35 54,      2.876,      0.000,      0.000,  -0.52390,	   1.43430,	   1.97430		, //old index 117
119	  ,  236 06 23 ,  119 35 54,      2.876,      0.000,      0.000,  -0.53030,	   1.45210,	   0.55880		, //old index 118
120	  ,  236 06 23 ,  119 35 54,      2.876,      0.000,      0.000,   0.08850,	   1.43200,	   0.62780		, //old index 119
121	  ,  236 06 23 ,  119 35 54,      2.876,      0.000,      0.000,   0.08730,	   1.41400,	   2.02690		, //old index 120
122	  ,  236 06 23 ,  119 35 54,      2.876,      0.000,      0.000,   0.08660,	   1.39880,	   2.89690		, //old index 121
123	  ,  236 06 23 ,  119 35 54,      2.876,      0.000,      0.000,   0.80090,	   1.39230,	   3.10740		, //old index 122
124	  ,  236 06 23 ,  119 35 54,      2.876,      0.000,      0.000,   0.80170,	   1.39360,	   1.96940		, //old index 123
125	  ,  236 06 23 ,  119 35 54,      2.876,      0.000,      0.000,   0.81870,	   1.42310,	   0.32750		, //old index 124
126	  ,  236 06 23 ,  119 35 54,      2.876,      0.000,      0.000,   1.47840,	   1.41000,	   0.24940		, //old index 125
127	  ,  236 06 23 ,  119 35 54,      2.876,      0.000,      0.000,   1.43800,	   1.37160,	   1.65850		, //old index 126
128	  ,  236 06 23 ,  119 35 54,      2.876,      0.000,      0.000,   1.45080,	   1.38380,	   2.98730		, //old index 127
129	  ,  236 06 23 ,  119 35 54,      2.876,      0.000,      0.000,   2.31080,	   1.34580,	   2.53990		, //old index 128
130	  ,  236 06 23 ,  119 35 54,      2.876,      0.000,      0.000,   2.14050,	   1.36760,	   1.58390		, //old index 129
131	  ,  236 06 23 ,  119 35 54,      2.876,      0.000,      0.000,   2.17470,	   1.38930,	   0.36630		, //old index 130
132	  ,  236 06 23 ,  119 35 54,      2.876,      0.000,      0.000,   2.39970,	   1.03490,	   0.25550		, //old index 131
133	  ,  236 06 23 ,  119 35 54,      2.876,      0.000,      0.000,   2.42510,	   1.04580,	   1.74930		, //old index 132
134	  ,  236 06 23 ,  119 35 54,      2.876,      0.000,      0.000,   2.44910,	   1.05620,	   2.84240		, //old index 133
135	  ,  236 06 23 ,  119 35 54,      2.876,      0.000,      0.000,   2.44340,	   0.29830,	   2.89750		, //old index 134
136	  ,  236 06 23 ,  119 35 54,      2.876,      0.000,      0.000,   2.39690,	   0.29290,	   1.83580		, //old index 135
137	  ,  236 06 23 ,  119 35 54,      2.876,      0.000,      0.000,   2.38380,	   0.29110,	   0.63230		, //old index 136
138	  ,  236 06 23 ,  119 35 54,      2.876,      0.000,      0.000,   2.37100,	  -0.32970,	   0.42720		, //old index 137
139	  ,  236 06 23 ,  119 35 54,      2.876,      0.000,      0.000,   2.36920,	  -0.32940,	   1.82430		, //old index 138
140	  ,  236 06 23 ,  119 35 54,      2.876,      0.000,      0.000,   2.39220,	  -0.33250,	   2.87690		, //old index 139
141	  ,  236 06 23 ,  119 35 54,      2.876,      0.000,      0.000,   2.38100,	  -1.10880,	   2.99720		, //old index 140
142	  ,  236 06 23 ,  119 35 54,      2.876,      0.000,      0.000,   2.36240,	  -1.10010,	   1.66450		, //old index 141
143	  ,  236 06 23 ,  119 35 54,      2.876,      0.000,      0.000,   2.35480,	  -1.09660,	   0.40290		, //old index 142
144	  ,  236 06 23 ,  119 35 54,      2.876,      0.000,      0.000,   2.04400,	  -1.40210,	   0.31060		, //old index 143
145	  ,  236 06 23 ,  119 35 54,      2.876,      0.000,      0.000,   2.04760,	  -1.40440,	   1.45650		, //old index 144
146	  ,  236 06 23 ,  119 35 54,      2.876,      0.000,      0.000,   2.08510,	  -1.43060,	   2.39110		, //old index 145
147	  ,  236 06 23 ,  119 35 54,      2.876,      0.000,      0.000,   1.13890,	  -1.42830,	   3.19800		, //old index 146
148	  ,  236 06 23 ,  119 35 54,      2.876,      0.000,      0.000,   1.11670,	  -1.40050,	   1.79430		, //old index 147
149	  ,  236 06 23 ,  119 35 54,      2.876,      0.000,      0.000,   1.08000,	  -1.35460,	   0.43740		, //old index 148
150	  ,  236 06 23 ,  119 35 54,      2.876,      0.000,      0.000,   0.13140,	  -1.34750,	   0.36940		, //old index 149
151	  ,  236 06 23 ,  119 35 54,      2.876,      0.000,      0.000,   0.13520,	  -1.38590,	   1.66130		, //old index 150
152	  ,  236 06 23 ,  119 35 54,      2.876,      0.000,      0.000,   0.13600,	  -1.39490,	   2.81410		, //old index 151
153	  ,  236 06 23 ,  119 35 54,      2.876,      0.000,      0.000,  -0.69980,	  -1.39040,	   2.91830		, //old index 152
154	  ,  236 06 23 ,  119 35 54,      2.876,      0.000,      0.000,  -0.68630,	  -1.36350,	   1.77500		, //old index 153
155	  ,  236 06 23 ,  119 35 54,      2.876,      0.000,      0.000,  -0.66920,	  -1.32940,	   0.56940		, //old index 154
156	  ,  236 06 23 ,  119 35 54,      2.876,      0.000,      0.000,  -1.30670,	  -1.30230,	   0.50150		, //old index 155
157	  ,  236 06 23 ,  119 35 54,      2.876,      0.000,      0.000,  -1.33160,	  -1.32720,	   1.79370		, //old index 156
158	  ,  236 06 23 ,  119 35 54,      2.876,      0.000,      0.000,  -1.35050,	  -1.34610,	   2.96820		, //old index 157
159	  ,  236 06 23 ,  119 35 54,      2.876,      0.000,      0.000,  -1.70890,	  -1.02780,	   3.15890		, //old index 158
160	  ,  236 06 23 ,  119 35 54,      2.876,      0.000,      0.000,  -1.69550,	  -1.01970,	   2.25640		, //old index 159
161	  ,  236 06 23 ,  119 35 54,      2.876,      0.000,      0.000,  -1.67890,	  -1.00960,	   1.60880		, //old index 160
162	  ,  236 06 23 ,  119 35 54,      2.876,      0.000,      0.000,  -1.64260,	  -0.98790,	   0.79060		, //old index 161
163	  ,  236 06 23 ,  119 35 54,      2.876,      0.000,      0.000,  -1.58420,	  -0.95210,	   0.25500		, //old index 162
164	  ,  236 06 23 ,  119 35 54,      2.876,      0.000,      0.000,  -1.68600,	  -0.24060,	   3.02130		, //old index 163
165	  ,  236 06 23 ,  119 35 54,      2.876,      0.000,      0.000,  -1.67810,	  -0.23940,	   2.20180		, //old index 164
166	  ,  236 06 23 ,  119 35 54,      2.876,      0.000,      0.000,  -1.67410,	  -0.23880,	   1.59540		, //old index 165
167	  ,  236 06 23 ,  119 35 54,      2.876,      0.000,      0.000,  -1.65360,	  -0.23590,	   0.88450		, //old index 166
168	  ,  236 06 23 ,  119 35 54,      2.876,      0.000,      0.000,  -1.61320,	  -0.23010,	   0.31800		, //old index 167
169	  ,  236 06 23 ,  119 35 54,      2.876,      0.000,      0.000,  -1.69820,	   0.46950,	   2.94620		, //old index 168
170	  ,  236 06 23 ,  119 35 54,      2.876,      0.000,      0.000,  -1.66170,	   0.45940,	   2.17580		, //old index 169
171	  ,  236 06 23 ,  119 35 54,      2.876,      0.000,      0.000,  -1.66300,	   0.45990,	   1.62480		, //old index 170
172	  ,  236 06 23 ,  119 35 54,      2.876,      0.000,      0.000,  -1.64610,	   0.45520,	   0.81690		, //old index 171
173	  ,  236 06 23 ,  119 35 54,      2.876,      0.000,      0.000,  -1.61380,	   0.44650,	   0.27630		, //old index 172
174	  ,  236 06 23 ,  119 35 54,      2.876,      0.000,      0.000,  -1.61400,	   1.16690,	   0.35480		, //old index 173
175	  ,  236 06 23 ,  119 35 54,      2.876,      0.000,      0.000,  -1.63200,	   1.18000,	   0.88620		, //old index 174
176	  ,  236 06 23 ,  119 35 54,      2.876,      0.000,      0.000,  -1.63930,	   1.18510,	   1.65470		, //old index 175
177	  ,  236 06 23 ,  119 35 54,      2.876,      0.000,      0.000,  -1.64130,	   1.18650,	   2.33430		, //old index 176
178	  ,  236 06 23 ,  119 35 54,      2.876,      0.000,      0.000,  -1.64220,	   1.18720,	   3.03660		, //old index 177
179	  ,  236 06 23 ,  119 35 54,      2.876,      0.000,      0.000,  -1.35950,	   1.18150,	   3.36760		, //old index 178
180	  ,  236 06 23 ,  119 35 54,      2.876,      0.000,      0.000,  -1.37180,	  -0.22340,	   3.35140		, //old index 179
181	  ,  236 06 23 ,  119 35 54,      2.876,      0.000,      0.000,  -1.36790,	  -1.24910,	   3.33720		, //old index 180
182	  ,  236 06 23 ,  119 35 54,      2.876,      0.000,      0.000,  -0.58780,	  -1.28080,	   3.35250		, //old index 181
183	  ,  236 06 23 ,  119 35 54,      2.876,      0.000,      0.000,  -0.52120,	  -0.36870,	   3.36630		, //old index 182
184	  ,  236 06 23 ,  119 35 54,      2.876,      0.000,      0.000,  -0.50440,	   1.25500,	   3.38780		, //old index 183
185	  ,  236 06 23 ,  119 35 54,      2.876,      0.000,      0.000,   0.62620,	   1.21950,	   3.41470		, //old index 184
186	  ,  236 06 23 ,  119 35 54,      2.876,      0.000,      0.000,   0.61200,	  -0.08280,	   3.39210		, //old index 185
187	  ,  236 06 23 ,  119 35 54,      2.876,      0.000,      0.000,   0.67480,	  -1.28530,	   3.38260		, //old index 186
188	  ,  236 06 23 ,  119 35 54,      2.876,      0.000,      0.000,   1.52660,	  -1.31990,	   3.39820		, //old index 187
189	  ,  236 06 23 ,  119 35 54,      2.876,      0.000,      0.000,   1.57570,	  -0.20400,	   3.41330		, //old index 188
190	  ,  236 06 23 ,  119 35 54,      2.876,      0.000,      0.000,   1.60780,	   1.16820,	   3.43250		, //old index 189
191	  ,  236 06 23 ,  119 35 54,      2.876,      0.000,      0.000,   2.18960,	   1.16680,	   0.04370		, //old index 190
192	  ,  236 06 23 ,  119 35 54,      2.876,      0.000,      0.000,   2.28050,	   0.22750,	   0.03030		, //old index 191
193	  ,  236 06 23 ,  119 35 54,      2.876,      0.000,      0.000,   2.24110,	  -0.51470,	   0.02530		, //old index 192
194	  ,  236 06 23 ,  119 35 54,      2.876,      0.000,      0.000,   2.10320,	  -1.20310,	   0.01890		, //old index 193
195	  ,  236 06 23 ,  119 35 54,      2.876,      0.000,      0.000,   1.28390,	  -1.09020,	   0.02130		, //old index 194
196	  ,  236 06 23 ,  119 35 54,      2.876,      0.000,      0.000,   1.24720,	  -0.30930,	   0.01800		, //old index 195
197	  ,  236 06 23 ,  119 35 54,      2.876,      0.000,      0.000,   1.19260,	   0.50370,	   0.02700		, //old index 196
198	  ,  236 06 23 ,  119 35 54,      2.876,      0.000,      0.000,   1.29310,	   1.19070,	   0.04440		, //old index 197
199	  ,  236 06 23 ,  119 35 54,      2.876,      0.000,      0.000,   0.54810,	   1.25160,	   0.05000		, //old index 198
200	  ,  236 06 23 ,  119 35 54,      2.876,      0.000,      0.000,   0.79310,	   0.03300,	   0.02390		, //old index 199
201	  ,  236 06 23 ,  119 35 54,      2.876,      0.000,      0.000,   0.77930,	  -1.18450,	   0.02650		, //old index 200
202	  ,  236 06 23 ,  119 35 54,      2.876,      0.000,      0.000,  -0.03330,	  -1.23590,	   0.03210		, //old index 201
203	  ,  236 06 23 ,  119 35 54,      2.876,      0.000,      0.000,  -0.37950,	  -0.68200,	   0.02760		, //old index 202
204	  ,  236 06 23 ,  119 35 54,      2.876,      0.000,      0.000,  -0.19660,	   0.74910,	   0.03900		, //old index 203
205	  ,  236 06 23 ,  119 35 54,      2.876,      0.000,      0.000,  -0.18170,	   1.32360,	   0.05810		, //old index 204
206	  ,  236 06 23 ,  119 35 54,      2.876,      0.000,      0.000,  -1.34340,	   1.29670,	   0.07190		, //old index 205
207	  ,  236 06 23 ,  119 35 54,      2.876,      0.000,      0.000,  -1.31820,	   0.55750,	   0.05560		, //old index 206
208	  ,  236 06 23 ,  119 35 54,      2.876,      0.000,      0.000,  -1.40380,	  -0.20360,	   0.04960		, //old index 207
209	  ,  236 06 23 ,  119 35 54,      2.876,      0.000,      0.000,  -1.21650,	  -0.86130,	   0.04190		, //old index 208
210	  ,  236 06 23 ,  119 35 54,      2.876,      0.000,      0.000,  -1.28860,	  -1.06020,	   0.05120		, //old index 209
211	  ,  236 06 23 ,  119 35 54,      2.876,      0.000,      0.000,  -1.36020,	  -1.07630,	   0.44500		, //old index 210
212	  ,  236 06 23 ,  119 35 54,      2.876,      0.000,      0.000,  -1.41220,	  -1.08310,	   0.72690		, //old index 211
213	  ,  236 06 23 ,  119 35 54,      2.876,      0.000,      0.000,  -1.44930,	  -1.08940,	   1.30880		, //old index 212
214	  ,  236 06 23 ,  119 35 54,      2.876,      0.000,      0.000,  -1.48680,	  -1.09580,	   1.95510		, //old index 213
215	  ,  236 06 23 ,  119 35 54,      2.876,      0.000,      0.000,  -1.53200,	  -1.10970,	   2.64710		, //old index 214
216	  ,  236 06 23 ,  119 35 54,      2.876,      0.000,      0.000,  -1.57770,	  -1.11800,	   3.29820		, //old index 215
217	  ,  236 06 23 ,  119 35 54,      2.876,      0.000,      0.000,   2.37480,	  -0.36140,	  -0.32040		, //old index 216
218	  ,  236 06 23 ,  119 35 54,      2.876,      0.000,      0.000,   2.37020,	  -0.29390,	  -0.51000		, //old index 217
219	  ,  236 06 23 ,  119 35 54,      2.876,      0.000,      0.000,   2.36320,	  -0.53490,	  -0.51830		, //old index 218
220	  ,  236 06 23 ,  119 35 54,      2.876,      0.000,      0.000,   0.00000,	   0.00000,	   0.00000		, //old index 0
221	  ,  236 06 23 ,  119 35 54,      2.876,      0.000,      0.000,   0.00000,	   1.30090,	   1.47170		, //old index 219
222	  ,  236 06 23 ,  119 35 54,      2.876,      0.000,      0.000,   1.42420,	  -0.49630,	   3.96630		, //old index 220
223	  ,  236 06 23 ,  119 35 54,      2.876,      0.000,      0.000,   1.42240,	  -0.43340,	   3.77650		, //old index 221
224	  ,  236 06 23 ,  119 35 54,      2.876,      0.000,      0.000,   1.41300,	  -0.67470,	   3.77360		, //old index 222
225	  ,  236 06 23 ,  119 35 54,      2.876,      0.000,      0.000,  -2.37370,	   1.39230,	   4.13440		, //old index 223
226	  ,  236 06 23 ,  119 35 54,      2.876,      0.000,      0.000,  -2.34040,	   1.37310,	   3.45150		, //old index 224
227	  ,  236 06 23 ,  119 35 54,      2.876,      0.000,      0.000,  -2.12660,	   1.34790,	   2.19810		, //old index 225
228	  ,  236 06 23 ,  119 35 54,      2.876,      0.000,      0.000,  -1.66070,	   1.36800,	   4.07800		, //old index 226
229	  ,  236 06 23 ,  119 35 54,      2.876,      0.000,      0.000,  -1.64350,	   1.35380,	   3.24680		, //old index 227
230	  ,  236 06 23 ,  119 35 54,      2.876,      0.000,      0.000,  -1.62050,	   1.33480,	   1.92830		, //old index 228
231	  ,  236 06 23 ,  119 35 54,      2.876,      0.000,      0.000,  -1.62870,	   1.34170,	   0.79900		, //old index 229
232	  ,  236 06 23 ,  119 35 54,      2.876,      0.000,      0.000,  -0.87890,	   1.31550,	   0.60660		, //old index 230
233	  ,  236 06 23 ,  119 35 54,      2.876,      0.000,      0.000,  -0.88610,	   1.32610,	   1.84450		, //old index 231
234	  ,  236 06 23 ,  119 35 54,      2.876,      0.000,      0.000,  -0.89400,	   1.33790,	   3.32430		, //old index 232
235	  ,  236 06 23 ,  119 35 54,      2.876,      0.000,      0.000,  -0.89950,	   1.34610,	   4.04500		, //old index 233
236	  ,  236 06 23 ,  119 35 54,      2.876,      0.000,      0.000,  -0.22850,	   1.32590,	   4.07080		, //old index 234
237	  ,  236 06 23 ,  119 35 54,      2.876,      0.000,      0.000,  -0.22560,	   1.30880,	   3.24180		, //old index 235
238	  ,  236 06 23 ,  119 35 54,      2.876,      0.000,      0.000,  -0.22540,	   1.30770,	   1.80560		, //old index 236
239	  ,  236 06 23 ,  119 35 54,      2.876,      0.000,      0.000,  -0.22310,	   1.29490,	   0.46590		, //old index 237
240	  ,  236 06 23 ,  119 35 54,      2.876,      0.000,      0.000,   0.47420,	   1.27040,	   0.41220		, //old index 238
241	  ,  236 06 23 ,  119 35 54,      2.876,      0.000,      0.000,   0.48100,	   1.28900,	   1.84420		, //old index 239
242	  ,  236 06 23 ,  119 35 54,      2.876,      0.000,      0.000,   0.48220,	   1.29210,	   3.37140		, //old index 240
243	  ,  236 06 23 ,  119 35 54,      2.876,      0.000,      0.000,   0.48480,	   1.29920,	   4.06150		, //old index 241
244	  ,  236 06 23 ,  119 35 54,      2.876,      0.000,      0.000,   1.21480,	   1.27060,	   4.05790		, //old index 242
245	  ,  236 06 23 ,  119 35 54,      2.876,      0.000,      0.000,   1.29770,	   1.24760,	   2.40430		, //old index 243
246	  ,  236 06 23 ,  119 35 54,      2.876,      0.000,      0.000,   1.29330,	   1.24340,	   1.48360		, //old index 244
247	  ,  236 06 23 ,  119 35 54,      2.876,      0.000,      0.000,   1.28470,	   1.23500,	   0.28640		, //old index 245
248	  ,  236 06 23 ,  119 35 54,      2.876,      0.000,      0.000,   1.46040,	   1.01130,	   0.22710		, //old index 246
249	  ,  236 06 23 ,  119 35 54,      2.876,      0.000,      0.000,   1.45420,	   1.00710,	   1.72130		, //old index 247
250	  ,  236 06 23 ,  119 35 54,      2.876,      0.000,      0.000,   1.46840,	   1.01700,	   3.70700		, //old index 248
251	  ,  236 06 23 ,  119 35 54,      2.876,      0.000,      0.000,   1.47140,	   1.01910,	   4.15030		, //old index 249
252	  ,  236 06 23 ,  119 35 54,      2.876,      0.000,      0.000,   1.45030,	   0.13890,	   4.07420		, //old index 250
253	  ,  236 06 23 ,  119 35 54,      2.876,      0.000,      0.000,   1.42690,	  -0.46290,	   4.11040		, //old index 251
254	  ,  236 06 23 ,  119 35 54,      2.876,      0.000,      0.000,   1.41640,	  -0.45950,	   3.34640		, //old index 252
255	  ,  236 06 23 ,  119 35 54,      2.876,      0.000,      0.000,   1.39810,	  -0.45360,	   2.07980		, //old index 253
256	  ,  236 06 23 ,  119 35 54,      2.876,      0.000,      0.000,   1.39120,	  -0.45140,	   0.53080		, //old index 254
257	  ,  236 06 23 ,  119 35 54,      2.876,      0.000,      0.000,   1.36740,	  -1.17320,	   0.31690		, //old index 255
258	  ,  236 06 23 ,  119 35 54,      2.876,      0.000,      0.000,   1.36640,	  -1.17220,	   2.03140		, //old index 256
259	  ,  236 06 23 ,  119 35 54,      2.876,      0.000,      0.000,   1.38790,	  -1.19060,	   3.27020		, //old index 257
260	  ,  236 06 23 ,  119 35 54,      2.876,      0.000,      0.000,   1.39080,	  -1.19310,	   3.99340		, //old index 258
261	  ,  236 06 23 ,  119 35 54,      2.876,      0.000,      0.000,   1.10010,	  -1.52340,	   4.05770		, //old index 259
262	  ,  236 06 23 ,  119 35 54,      2.876,      0.000,      0.000,   1.10820,	  -1.53460,	   3.17070		, //old index 260
263	  ,  236 06 23 ,  119 35 54,      2.876,      0.000,      0.000,   1.11230,	  -1.54040,	   1.72060		, //old index 261
264	  ,  236 06 23 ,  119 35 54,      2.876,      0.000,      0.000,   1.11670,	  -1.54650,	   0.28880		, //old index 262
265	  ,  236 06 23 ,  119 35 54,      2.876,      0.000,      0.000,   0.29000,	  -1.50930,	   0.24120		, //old index 263
266	  ,  236 06 23 ,  119 35 54,      2.876,      0.000,      0.000,   0.29250,	  -1.52170,	   1.42470		, //old index 264
267	  ,  236 06 23 ,  119 35 54,      2.876,      0.000,      0.000,   0.29070,	  -1.51230,	   2.49580		, //old index 265
268	  ,  236 06 23 ,  119 35 54,      2.876,      0.000,      0.000,   0.28790,	  -1.49760,	   3.88620		, //old index 266
269	  ,  236 06 23 ,  119 35 54,      2.876,      0.000,      0.000,  -0.67500,	  -1.44540,	   3.99710		, //old index 267
270	  ,  236 06 23 ,  119 35 54,      2.876,      0.000,      0.000,  -0.67950,	  -1.45510,	   2.83590		, //old index 268
271	  ,  236 06 23 ,  119 35 54,      2.876,      0.000,      0.000,  -0.68700,	  -1.47100,	   1.38820		, //old index 269
272	  ,  236 06 23 ,  119 35 54,      2.876,      0.000,      0.000,  -0.68700,	  -1.47090,	   0.32320		, //old index 270
273	  ,  236 06 23 ,  119 35 54,      2.876,      0.000,      0.000,  -1.32770,	  -1.47520,	   1.33170		, //old index 271
274	  ,  236 06 23 ,  119 35 54,      2.876,      0.000,      0.000,  -1.31500,	  -1.46120,	   2.29740		, //old index 272
275	  ,  236 06 23 ,  119 35 54,      2.876,      0.000,      0.000,  -1.30340,	  -1.44830,	   3.19870		, //old index 273
276	  ,  236 06 23 ,  119 35 54,      2.876,      0.000,      0.000,  -1.29630,	  -1.44040,	   4.09430		, //old index 274
277	  ,  236 06 23 ,  119 35 54,      2.876,      0.000,      0.000,  -1.95030,	  -1.40930,	   4.08430		, //old index 275
278	  ,  236 06 23 ,  119 35 54,      2.876,      0.000,      0.000,  -2.26600,	  -1.39420,	   4.05380		, //old index 276
279	  ,  236 06 23 ,  119 35 54,      2.876,      0.000,      0.000,  -2.00110,	  -1.42640,	   3.24220		, //old index 277
280	  ,  236 06 23 ,  119 35 54,      2.876,      0.000,      0.000,  -1.73700,	  -1.45900,	   2.31370		, //old index 278
281	  ,  236 06 23 ,  119 35 54,      2.876,      0.000,      0.000,  -2.39470,	  -1.08600,	   3.77400		, //old index 279
282	  ,  236 06 23 ,  119 35 54,      2.876,      0.000,      0.000,  -2.02170,	  -1.04590,	   2.49590		, //old index 280
283	  ,  236 06 23 ,  119 35 54,      2.876,      0.000,      0.000,  -1.64110,	  -1.07530,	   1.53350		, //old index 281
284	  ,  236 06 23 ,  119 35 54,      2.876,      0.000,      0.000,  -1.14470,	  -1.08930,	   0.56700		, //old index 282
285	  ,  236 06 23 ,  119 35 54,      2.876,      0.000,      0.000,  -1.34830,	  -0.40320,	   0.58870		, //old index 283
286	  ,  236 06 23 ,  119 35 54,      2.876,      0.000,      0.000,  -1.79730,	  -0.34180,	   1.49880		, //old index 284
287	  ,  236 06 23 ,  119 35 54,      2.876,      0.000,      0.000,  -2.12200,	  -0.32080,	   2.40640		, //old index 285
288	  ,  236 06 23 ,  119 35 54,      2.876,      0.000,      0.000,  -2.47050,	  -0.29570,	   3.86520		, //old index 286
289	  ,  236 06 23 ,  119 35 54,      2.876,      0.000,      0.000,  -2.49640,	   0.46230,	   3.87790		, //old index 287
290	  ,  236 06 23 ,  119 35 54,      2.876,      0.000,      0.000,  -2.22110,	   0.38900,	   2.43880		, //old index 288
291	  ,  236 06 23 ,  119 35 54,      2.876,      0.000,      0.000,  -1.88670,	   0.33050,	   1.40710		, //old index 289
292	  ,  236 06 23 ,  119 35 54,      2.876,      0.000,      0.000,  -1.49920,	   0.32460,	   0.55940		, //old index 290
293	  ,  236 06 23 ,  119 35 54,      2.876,      0.000,      0.000,  -1.66480,	   1.02520,	   0.61290		, //old index 291
294	  ,  236 06 23 ,  119 35 54,      2.876,      0.000,      0.000,  -2.00550,	   1.02140,	   1.45890		, //old index 292
295	  ,  236 06 23 ,  119 35 54,      2.876,      0.000,      0.000,  -2.26990,	   1.09500,	   2.35300		, //old index 293
296	  ,  236 06 23 ,  119 35 54,      2.876,      0.000,      0.000,  -2.49270,	   1.12150,	   3.79610		, //old index 294
297	  ,  236 06 23 ,  119 35 54,      2.876,      0.000,      0.000,  -2.33430,	   1.05020,	   4.29210		, //old index 295
298	  ,  236 06 23 ,  119 35 54,      2.876,      0.000,      0.000,  -1.03950,	   1.05100,	   4.27910		, //old index 296
299	  ,  236 06 23 ,  119 35 54,      2.876,      0.000,      0.000,  -0.05330,	   1.07030,	   4.28460		, //old index 297
300	  ,  236 06 23 ,  119 35 54,      2.876,      0.000,      0.000,   1.00220,	   0.97280,	   4.28900		, //old index 298
301	  ,  236 06 23 ,  119 35 54,      2.876,      0.000,      0.000,   1.26910,	  -0.22950,	   4.30010		, //old index 299
302	  ,  236 06 23 ,  119 35 54,      2.876,      0.000,      0.000,   0.31070,	  -0.20820,	   4.28840		, //old index 300
303	  ,  236 06 23 ,  119 35 54,      2.876,      0.000,      0.000,  -0.97540,	  -0.25370,	   4.27890		, //old index 301
304	  ,  236 06 23 ,  119 35 54,      2.876,      0.000,      0.000,  -2.17810,	  -0.28880,	   4.29030		, //old index 302
305	  ,  236 06 23 ,  119 35 54,      2.876,      0.000,      0.000,  -2.06580,	  -1.00950,	   4.29860		, //old index 303
306	  ,  236 06 23 ,  119 35 54,      2.876,      0.000,      0.000,  -1.09900,	  -1.13450,	   4.29640		, //old index 304
307	  ,  236 06 23 ,  119 35 54,      2.876,      0.000,      0.000,   0.04140,	  -1.19940,	   4.30220		, //old index 305
308	  ,  236 06 23 ,  119 35 54,      2.876,      0.000,      0.000,   0.94830,	  -1.17640,	   4.30520		, //old index 306
309	  ,  236 06 23 ,  119 35 54,      2.876,      0.000,      0.000,   1.05780,	  -1.20130,	   0.01710		, //old index 307
310	  ,  236 06 23 ,  119 35 54,      2.876,      0.000,      0.000,   0.50330,	  -1.17650,	   0.01620		, //old index 308
311	  ,  236 06 23 ,  119 35 54,      2.876,      0.000,      0.000,  -0.10560,	  -1.15790,	   0.02000		, //old index 309
312	  ,  236 06 23 ,  119 35 54,      2.876,      0.000,      0.000,  -0.48230,	  -1.14920,	   0.02220		, //old index 310
313	  ,  236 06 23 ,  119 35 54,      2.876,      0.000,      0.000,  -0.65460,	  -0.46930,	   0.01340		, //old index 311
314	  ,  236 06 23 ,  119 35 54,      2.876,      0.000,      0.000,   0.20020,	  -0.75140,	   0.01330		, //old index 312
315	  ,  236 06 23 ,  119 35 54,      2.876,      0.000,      0.000,   0.75190,	  -0.50240,	   0.01320		, //old index 313
316	  ,  236 06 23 ,  119 35 54,      2.876,      0.000,      0.000,   1.27290,	  -0.52360,	   0.01020		, //old index 314
317	  ,  236 06 23 ,  119 35 54,      2.876,      0.000,      0.000,   1.15870,	   0.23180,	   0.00800		, //old index 315
318	  ,  236 06 23 ,  119 35 54,      2.876,      0.000,      0.000,   0.63270,	   0.44750,	   0.00540		, //old index 316
319	  ,  236 06 23 ,  119 35 54,      2.876,      0.000,      0.000,  -0.38720,	   0.67060,	   0.00650		, //old index 317
320	  ,  236 06 23 ,  119 35 54,      2.876,      0.000,      0.000,  -0.84120,	   0.40230,	   0.00790		, //old index 318
321	  ,  236 06 23 ,  119 35 54,      2.876,      0.000,      0.000,  -1.06970,	   1.05740,	   0.00290		, //old index 319
322	  ,  236 06 23 ,  119 35 54,      2.876,      0.000,      0.000,  -0.31700,	   1.04520,	   0.00340		, //old index 320
323	  ,  236 06 23 ,  119 35 54,      2.876,      0.000,      0.000,   0.52710,	   0.95850,	   0.00140		, //old index 321
324	  ,  236 06 23 ,  119 35 54,      2.876,      0.000,      0.000,   1.13600,	   0.87650,	   0.00220		, //old index 322
325	  ,  236 06 23 ,  119 35 54,      2.876,      0.000,      0.000,  -0.77150,	  -1.02500,	   0.06170		, //old index 323
326	  ,  236 06 23 ,  119 35 54,      2.876,      0.000,      0.000,  -1.04570,	  -1.03910,	   0.62990		, //old index 324
327	  ,  236 06 23 ,  119 35 54,      2.876,      0.000,      0.000,  -1.38270,	  -1.06870,	   1.40950		, //old index 325
328	  ,  236 06 23 ,  119 35 54,      2.876,      0.000,      0.000,  -1.87640,	  -1.10170,	   2.51120		, //old index 326
329	  ,  236 06 23 ,  119 35 54,      2.876,      0.000,      0.000,  -2.06400,	  -1.12470,	   3.36530		, //old index 327
330	  ,  236 06 23 ,  119 35 54,      2.876,      0.000,      0.000,  -2.24190,	  -1.14940,	   4.30020		, //old index 328
331	  ,  236 06 23 ,  119 35 54,      2.876,      0.000,      0.000,  -0.37490,	  -1.49170,	   0.30880		, //old index 329
332	  ,  236 06 23 ,  119 35 54,      2.876,      0.000,      0.000,   0.31320,	  -1.52180,	   0.72020		, //old index 330
333	  ,  236 06 23 ,  119 35 54,      2.876,      0.000,      0.000,   0.33300,	  -1.51880,	   0.32000		, //old index 331
334	  ,  236 06 23 ,  119 35 54,      2.876,      0.000,      0.000,   1.14260,	  -0.44910,	   2.51840		, //old index 332
335	  ,  236 06 23 ,  119 35 54,      2.876,      0.000,      0.000,   0.33560,	  -1.52220,	   1.33430		, //old index 333
336	  ,  236 06 23 ,  119 35 54,      2.876,      0.000,      0.000,  -0.37707,	  -1.51910,	   0.31220		, //old index 1
337	  ,  236 06 23 ,  119 35 54,      2.876,      0.000,      0.000,   0.31563,	  -1.51310,	   0.71850		, //old index 2
338	  ,  236 06 23 ,  119 35 54,      2.876,      0.000,      0.000,   0.33273,	  -1.50010,	   0.31830		, //old index 3
339	  ,  236 06 23 ,  119 35 54,      2.876,      0.000,      0.000,   1.11433,	  -1.52970,	   3.46630		, //old index 4
340	  ,  236 06 23 ,  119 35 54,      2.876,      0.000,      0.000,   1.11633,	  -1.51800,	   2.45850		, //old index 5
341	  ,  236 06 23 ,  119 35 54,      2.876,      0.000,      0.000,   1.11863,	  -1.50400,	   1.30760		, //old index 6
342	  ,  236 06 23 ,  119 35 54,      2.876,      0.000,      0.000,   1.12203,	  -1.48390,	   0.15370		, //old index 7
343	  ,  236 06 23 ,  119 35 54,      2.876,      0.000,      0.000,   0.34653,	  -1.49940,	   0.19550		, //old index 8
344	  ,  236 06 23 ,  119 35 54,      2.876,      0.000,      0.000,   0.35293,	  -1.53510,	   1.43220		, //old index 9
345	  ,  236 06 23 ,  119 35 54,      2.876,      0.000,      0.000,   0.35493,	  -1.54610,	   2.28360		, //old index 10
346	  ,  236 06 23 ,  119 35 54,      2.876,      0.000,      0.000,   0.35573,	  -1.55430,	   3.43600		, //old index 11
347	  ,  236 06 23 ,  119 35 54,      2.876,      0.000,      0.000,  -0.29777,	  -1.56280,	   3.48720		, //old index 12
348	  ,  236 06 23 ,  119 35 54,      2.876,      0.000,      0.000,  -0.30097,	  -1.55610,	   2.43230		, //old index 13
349	  ,  236 06 23 ,  119 35 54,      2.876,      0.000,      0.000,  -0.30527,	  -1.54740,	   1.43410		, //old index 14
350	  ,  236 06 23 ,  119 35 54,      2.876,      0.000,      0.000,  -0.31787,	  -1.52220,	   0.25630		, //old index 15
351	  ,  236 06 23 ,  119 35 54,      2.876,      0.000,      0.000,  -0.88957,	  -1.55650,	   0.51690		, //old index 16
352	  ,  236 06 23 ,  119 35 54,      2.876,      0.000,      0.000,  -1.19647,	  -1.59160,	   1.30400		, //old index 17
353	  ,  236 06 23 ,  119 35 54,      2.876,      0.000,      0.000,  -1.19217,	  -1.59720,	   2.36240		, //old index 18
354	  ,  236 06 23 ,  119 35 54,      2.876,      0.000,      0.000,  -1.33267,	  -1.60960,	   3.51020		, //old index 19
355	  ,  236 06 23 ,  119 35 54,      2.876,      0.000,      0.000,  -1.66647,	  -1.60800,	   3.34560		, //old index 20
356	  ,  236 06 23 ,  119 35 54,      2.876,      0.000,      0.000,  -1.65507,	  -1.61830,	   2.57470		, //old index 21
357	  ,  236 06 23 ,  119 35 54,      2.876,      0.000,      0.000,  -1.64437,	  -1.62730,	   2.01270		, //old index 22
358	  ,  236 06 23 ,  119 35 54,      2.876,      0.000,      0.000,  -2.12557,	  -1.63110,	   3.53090		, //old index 23
359	  ,  236 06 23 ,  119 35 54,      2.876,      0.000,      0.000,   1.39763,	  -1.67790,	   3.31420		, //old index 24
360	  ,  236 06 23 ,  119 35 54,      2.876,      0.000,      0.000,   1.39573,	  -1.68350,	   2.36870		, //old index 25
361	  ,  236 06 23 ,  119 35 54,      2.876,      0.000,      0.000,   1.39323,	  -1.69160,	   1.62350		, //old index 26
362	  ,  236 06 23 ,  119 35 54,      2.876,      0.000,      0.000,   1.37333,	  -1.67040,	   0.32880		, //old index 27
363	  ,  236 06 23 ,  119 35 54,      2.876,      0.000,      0.000,   1.43353,	  -2.98080,	   3.30340		, //old index 28
364	  ,  236 06 23 ,  119 35 54,      2.876,      0.000,      0.000,   1.46333,	  -2.94850,	   2.27090		, //old index 29
365	  ,  236 06 23 ,  119 35 54,      2.876,      0.000,      0.000,   1.42033,	  -2.99510,	   1.19200		, //old index 30
366	  ,  236 06 23 ,  119 35 54,      2.876,      0.000,      0.000,   1.40593,	  -2.96870,	   0.38380		, //old index 31
367	  ,  236 06 23 ,  119 35 54,      2.876,      0.000,      0.000,   1.45813,	  -4.09870,	   3.31480		, //old index 32
368	  ,  236 06 23 ,  119 35 54,      2.876,      0.000,      0.000,   1.44993,	  -4.09430,	   2.21210		, //old index 33
369	  ,  236 06 23 ,  119 35 54,      2.876,      0.000,      0.000,   1.42103,	  -4.07490,	   1.11840		, //old index 34
370	  ,  236 06 23 ,  119 35 54,      2.876,      0.000,      0.000,   1.42473,	  -4.07690,	   0.23460		, //old index 35
371	  ,  236 06 23 ,  119 35 54,      2.876,      0.000,      0.000,   1.44503,	  -4.85920,	   0.15150		, //old index 36
372	  ,  236 06 23 ,  119 35 54,      2.876,      0.000,      0.000,   1.46123,	  -4.84720,	   1.35640		, //old index 37
373	  ,  236 06 23 ,  119 35 54,      2.876,      0.000,      0.000,   1.46983,	  -4.86070,	   2.31900		, //old index 38
374	  ,  236 06 23 ,  119 35 54,      2.876,      0.000,      0.000,   1.47743,	  -4.81070,	   3.22890		, //old index 39
375	  ,  236 06 23 ,  119 35 54,      2.876,      0.000,      0.000,   1.13063,	  -6.41760,	   3.40980		, //old index 40
376	  ,  236 06 23 ,  119 35 54,      2.876,      0.000,      0.000,   1.12923,	  -6.40910,	   2.54660		, //old index 41
377	  ,  236 06 23 ,  119 35 54,      2.876,      0.000,      0.000,   1.12653,	  -6.38960,	   1.44790		, //old index 42
378	  ,  236 06 23 ,  119 35 54,      2.876,      0.000,      0.000,   1.12473,	  -6.37700,	   0.59630		, //old index 43
379	  ,  236 06 23 ,  119 35 54,      2.876,      0.000,      0.000,   0.62893,	  -6.38720,	   1.15730		, //old index 44
380	  ,  236 06 23 ,  119 35 54,      2.876,      0.000,      0.000,   0.62793,	  -6.40940,	   2.10090		, //old index 45
381	  ,  236 06 23 ,  119 35 54,      2.876,      0.000,      0.000,   0.62763,	  -6.41580,	   2.93580		, //old index 46
382	  ,  236 06 23 ,  119 35 54,      2.876,      0.000,      0.000,   0.62713,	  -6.42770,	   3.43050		, //old index 47
383	  ,  236 06 23 ,  119 35 54,      2.876,      0.000,      0.000,  -0.12797,	  -6.44690,	   3.41090		, //old index 48
384	  ,  236 06 23 ,  119 35 54,      2.876,      0.000,      0.000,  -0.12707,	  -6.44470,	   2.84570		, //old index 49
385	  ,  236 06 23 ,  119 35 54,      2.876,      0.000,      0.000,  -0.12327,	  -6.43250,	   2.29300		, //old index 50
386	  ,  236 06 23 ,  119 35 54,      2.876,      0.000,      0.000,  -0.45867,	  -6.45420,	   3.42030		, //old index 51
387	  ,  236 06 23 ,  119 35 54,      2.876,      0.000,      0.000,  -0.45787,	  -6.45190,	   2.87020		, //old index 52
388	  ,  236 06 23 ,  119 35 54,      2.876,      0.000,      0.000,  -1.22047,	  -4.90350,	   3.10810		, //old index 53
389	  ,  236 06 23 ,  119 35 54,      2.876,      0.000,      0.000,  -0.88577,	  -4.70270,	   2.44000		, //old index 54
390	  ,  236 06 23 ,  119 35 54,      2.876,      0.000,      0.000,  -0.61427,	  -4.75880,	   2.01000		, //old index 55
391	  ,  236 06 23 ,  119 35 54,      2.876,      0.000,      0.000,  -0.21837,	  -4.73940,	   1.29470		, //old index 56
392	  ,  236 06 23 ,  119 35 54,      2.876,      0.000,      0.000,   0.06103,	  -4.79140,	   0.86430		, //old index 57
393	  ,  236 06 23 ,  119 35 54,      2.876,      0.000,      0.000,   0.41533,	  -4.77620,	   0.34030		, //old index 58
394	  ,  236 06 23 ,  119 35 54,      2.876,      0.000,      0.000,  -1.47577,	  -4.17220,	   3.11600		, //old index 59
395	  ,  236 06 23 ,  119 35 54,      2.876,      0.000,      0.000,  -1.08517,	  -4.16950,	   2.43390		, //old index 60
396	  ,  236 06 23 ,  119 35 54,      2.876,      0.000,      0.000,  -0.83307,	  -4.10790,	   1.94500		, //old index 61
397	  ,  236 06 23 ,  119 35 54,      2.876,      0.000,      0.000,  -0.48377,	  -4.07830,	   1.28320		, //old index 62
398	  ,  236 06 23 ,  119 35 54,      2.876,      0.000,      0.000,  -0.23617,	  -4.06680,	   0.84920		, //old index 63
399	  ,  236 06 23 ,  119 35 54,      2.876,      0.000,      0.000,   0.07503,	  -4.03980,	   0.35850		, //old index 64
400	  ,  236 06 23 ,  119 35 54,      2.876,      0.000,      0.000,  -0.31207,	  -3.15520,	   0.39460		, //old index 65
401	  ,  236 06 23 ,  119 35 54,      2.876,      0.000,      0.000,  -0.59447,	  -3.14620,	   0.83290		, //old index 66
402	  ,  236 06 23 ,  119 35 54,      2.876,      0.000,      0.000,  -0.86437,	  -3.13570,	   1.29760		, //old index 67
403	  ,  236 06 23 ,  119 35 54,      2.876,      0.000,      0.000,  -1.13007,	  -3.21050,	   1.86810		, //old index 68
404	  ,  236 06 23 ,  119 35 54,      2.876,      0.000,      0.000,  -1.44947,	  -3.17360,	   2.47640		, //old index 69
405	  ,  236 06 23 ,  119 35 54,      2.876,      0.000,      0.000,  -1.76577,	  -3.23230,	   3.15710		, //old index 70
406	  ,  236 06 23 ,  119 35 54,      2.876,      0.000,      0.000,  -1.94997,	  -2.53920,	   3.16750		, //old index 71
407	  ,  236 06 23 ,  119 35 54,      2.876,      0.000,      0.000,  -1.66977,	  -2.49750,	   2.49450		, //old index 72
408	  ,  236 06 23 ,  119 35 54,      2.876,      0.000,      0.000,  -1.37387,	  -2.53500,	   1.87570		, //old index 73
409	  ,  236 06 23 ,  119 35 54,      2.876,      0.000,      0.000,  -1.10467,	  -2.52320,	   1.32740		, //old index 74
410	  ,  236 06 23 ,  119 35 54,      2.876,      0.000,      0.000,  -0.84367,	  -2.49120,	   0.81140		, //old index 75
411	  ,  236 06 23 ,  119 35 54,      2.876,      0.000,      0.000,  -0.62257,	  -2.49160,	   0.45160		, //old index 76
412	  ,  236 06 23 ,  119 35 54,      2.876,      0.000,      0.000,  -0.87917,	  -1.75800,	   0.43520		, //old index 77
413	  ,  236 06 23 ,  119 35 54,      2.876,      0.000,      0.000,  -1.07997,	  -1.75140,	   0.76620		, //old index 78
414	  ,  236 06 23 ,  119 35 54,      2.876,      0.000,      0.000,  -1.37067,	  -1.75890,	   1.32880		, //old index 79
415	  ,  236 06 23 ,  119 35 54,      2.876,      0.000,      0.000,  -1.61067,	  -1.79130,	   1.87630		, //old index 80
416	  ,  236 06 23 ,  119 35 54,      2.876,      0.000,      0.000,  -1.85107,	  -1.82160,	   2.48150		, //old index 81
417	  ,  236 06 23 ,  119 35 54,      2.876,      0.000,      0.000,  -2.11637,	  -1.85990,	   3.20810		, //old index 82
418	  ,  236 06 23 ,  119 35 54,      2.876,      0.000,      0.000,  -2.01377,	  -1.92570,	   3.62570		, //old index 83
419	  ,  236 06 23 ,  119 35 54,      2.876,      0.000,      0.000,  -0.55257,	  -1.80770,	   3.61680		, //old index 84
420	  ,  236 06 23 ,  119 35 54,      2.876,      0.000,      0.000,   0.44623,	  -1.76180,	   3.59760		, //old index 85
421	  ,  236 06 23 ,  119 35 54,      2.876,      0.000,      0.000,   1.10723,	  -1.83660,	   3.58780		, //old index 86
422	  ,  236 06 23 ,  119 35 54,      2.876,      0.000,      0.000,   1.11033,	  -3.14620,	   3.57650		, //old index 87
423	  ,  236 06 23 ,  119 35 54,      2.876,      0.000,      0.000,   0.14673,	  -3.27560,	   3.57730		, //old index 88
424	  ,  236 06 23 ,  119 35 54,      2.876,      0.000,      0.000,  -0.56307,	  -3.35470,	   3.58600		, //old index 89
425	  ,  236 06 23 ,  119 35 54,      2.876,      0.000,      0.000,  -1.83347,	  -3.22460,	   3.60190		, //old index 90
426	  ,  236 06 23 ,  119 35 54,      2.876,      0.000,      0.000,  -1.28457,	  -4.70380,	   3.58290		, //old index 91
427	  ,  236 06 23 ,  119 35 54,      2.876,      0.000,      0.000,  -0.28627,	  -4.73150,	   3.56790		, //old index 92
428	  ,  236 06 23 ,  119 35 54,      2.876,      0.000,      0.000,   0.51083,	  -4.75410,	   3.56360		, //old index 93
429	  ,  236 06 23 ,  119 35 54,      2.876,      0.000,      0.000,   1.07513,	  -4.73000,	   3.56170		, //old index 94
430	  ,  236 06 23 ,  119 35 54,      2.876,      0.000,      0.000,   1.20363,	  -6.08180,	   3.54590		, //old index 95
431	  ,  236 06 23 ,  119 35 54,      2.876,      0.000,      0.000,   0.64753,	  -6.13060,	   3.55260		, //old index 96
432	  ,  236 06 23 ,  119 35 54,      2.876,      0.000,      0.000,  -0.07787,	  -6.17020,	   3.55800		, //old index 97
433	  ,  236 06 23 ,  119 35 54,      2.876,      0.000,      0.000,  -0.47767,	  -6.27280,	   3.55920		, //old index 98
434	  ,  236 06 23 ,  119 35 54,      2.876,      0.000,      0.000,   1.26403,	  -6.35750,	   0.03150		, //old index 99
435	  ,  236 06 23 ,  119 35 54,      2.876,      0.000,      0.000,   1.10343,	  -5.85420,	   0.04930		, //old index 100
436	  ,  236 06 23 ,  119 35 54,      2.876,      0.000,      0.000,   0.84673,	  -5.26660,	   0.05530		, //old index 101
437	  ,  236 06 23 ,  119 35 54,      2.876,      0.000,      0.000,   1.28743,	  -4.85450,	   0.06400		, //old index 102
438	  ,  236 06 23 ,  119 35 54,      2.876,      0.000,      0.000,   0.73443,	  -4.84600,	   0.06370		, //old index 103
439	  ,  236 06 23 ,  119 35 54,      2.876,      0.000,      0.000,   1.39953,	  -4.17370,	   0.07000		, //old index 104
440	  ,  236 06 23 ,  119 35 54,      2.876,      0.000,      0.000,   0.08423,	  -3.24260,	   0.01650		, //old index 105
441	  ,  236 06 23 ,  119 35 54,      2.876,      0.000,      0.000,   1.19913,	  -2.97900,	   0.00250		, //old index 106
442	  ,  236 06 23 ,  119 35 54,      2.876,      0.000,      0.000,   1.27223,	  -2.39550,	  -0.00750		, //old index 107
443	  ,  236 06 23 ,  119 35 54,      2.876,      0.000,      0.000,   0.68413,	  -2.40760,	  -0.00710		, //old index 108
444	  ,  236 06 23 ,  119 35 54,      2.876,      0.000,      0.000,  -0.13577,	  -2.45910,	  -0.00370		, //old index 109
445	  ,  236 06 23 ,  119 35 54,      2.876,      0.000,      0.000,  -0.24937,	  -1.80550,	   0.00830		, //old index 110
446	  ,  236 06 23 ,  119 35 54,      2.876,      0.000,      0.000,   0.44633,	  -1.88380,	   0.00610		, //old index 111
447	  ,  236 06 23 ,  119 35 54,      2.876,      0.000,      0.000,   1.17543,	  -1.76080,	   0.00440		, //old index 112
448	  ,  236 06 23 ,  119 35 54,      2.876,      0.000,      0.000,  -0.54367,	  -2.23840,	   0.29750		, //old index 113
449	  ,  236 06 23 ,  119 35 54,      2.876,      0.000,      0.000,  -0.51557,	  -2.27060,	   2.03500		, //old index 114
450	  ,  236 06 23 ,  119 35 54,      2.876,      0.000,      0.000,  -0.51427,	  -2.27220,	   3.01280		, //old index 115
451	  ,  236 06 23 ,  119 35 54,      2.876,      0.000,      0.000,   0.21623,	  -2.25580,	   3.16720		, //old index 116
452	  ,  236 06 23 ,  119 35 54,      2.876,      0.000,      0.000,   0.22733,	  -2.28640,	   2.01040		, //old index 117
453	  ,  236 06 23 ,  119 35 54,      2.876,      0.000,      0.000,   0.22093,	  -2.26860,	   0.59490		, //old index 118
454	  ,  236 06 23 ,  119 35 54,      2.876,      0.000,      0.000,   0.83973,	  -2.28870,	   0.66390		, //old index 119
455	  ,  236 06 23 ,  119 35 54,      2.876,      0.000,      0.000,   0.83853,	  -2.30670,	   2.06300		, //old index 120
456	  ,  236 06 23 ,  119 35 54,      2.876,      0.000,      0.000,   0.83783,	  -2.32190,	   2.93300		, //old index 121
457	  ,  236 06 23 ,  119 35 54,      2.876,      0.000,      0.000,   1.55213,	  -2.32840,	   3.14350		, //old index 122
458	  ,  236 06 23 ,  119 35 54,      2.876,      0.000,      0.000,   1.55293,	  -2.32710,	   2.00550		, //old index 123
459	  ,  236 06 23 ,  119 35 54,      2.876,      0.000,      0.000,   1.56993,	  -2.29760,	   0.36360		, //old index 124
460	  ,  236 06 23 ,  119 35 54,      2.876,      0.000,      0.000,   2.22963,	  -2.31070,	   0.28550		, //old index 125
461	  ,  236 06 23 ,  119 35 54,      2.876,      0.000,      0.000,   2.18923,	  -2.34910,	   1.69460		, //old index 126
462	  ,  236 06 23 ,  119 35 54,      2.876,      0.000,      0.000,   2.20203,	  -2.33690,	   3.02340		, //old index 127
463	  ,  236 06 23 ,  119 35 54,      2.876,      0.000,      0.000,   3.06203,	  -2.37490,	   2.57600		, //old index 128
464	  ,  236 06 23 ,  119 35 54,      2.876,      0.000,      0.000,   2.89173,	  -2.35310,	   1.62000		, //old index 129
465	  ,  236 06 23 ,  119 35 54,      2.876,      0.000,      0.000,   2.92593,	  -2.33140,	   0.40240		, //old index 130
466	  ,  236 06 23 ,  119 35 54,      2.876,      0.000,      0.000,   3.15093,	  -2.68580,	   0.29160		, //old index 131
467	  ,  236 06 23 ,  119 35 54,      2.876,      0.000,      0.000,   3.17633,	  -2.67490,	   1.78540		, //old index 132
468	  ,  236 06 23 ,  119 35 54,      2.876,      0.000,      0.000,   3.20033,	  -2.66450,	   2.87850		, //old index 133
469	  ,  236 06 23 ,  119 35 54,      2.876,      0.000,      0.000,   3.19463,	  -3.42240,	   2.93360		, //old index 134
470	  ,  236 06 23 ,  119 35 54,      2.876,      0.000,      0.000,   3.14813,	  -3.42780,	   1.87190		, //old index 135
471	  ,  236 06 23 ,  119 35 54,      2.876,      0.000,      0.000,   3.13503,	  -3.42960,	   0.66840		, //old index 136
472	  ,  236 06 23 ,  119 35 54,      2.876,      0.000,      0.000,   3.12223,	  -4.05040,	   0.46330		, //old index 137
473	  ,  236 06 23 ,  119 35 54,      2.876,      0.000,      0.000,   3.12043,	  -4.05010,	   1.86040		, //old index 138
474	  ,  236 06 23 ,  119 35 54,      2.876,      0.000,      0.000,   3.14343,	  -4.05320,	   2.91300		, //old index 139
475	  ,  236 06 23 ,  119 35 54,      2.876,      0.000,      0.000,   3.13223,	  -4.82950,	   3.03330		, //old index 140
476	  ,  236 06 23 ,  119 35 54,      2.876,      0.000,      0.000,   3.11363,	  -4.82080,	   1.70060		, //old index 141
477	  ,  236 06 23 ,  119 35 54,      2.876,      0.000,      0.000,   3.10603,	  -4.81730,	   0.43900		, //old index 142
478	  ,  236 06 23 ,  119 35 54,      2.876,      0.000,      0.000,   2.79523,	  -5.12280,	   0.34670		, //old index 143
479	  ,  236 06 23 ,  119 35 54,      2.876,      0.000,      0.000,   2.79883,	  -5.12510,	   1.49260		, //old index 144
480	  ,  236 06 23 ,  119 35 54,      2.876,      0.000,      0.000,   2.83633,	  -5.15130,	   2.42720		, //old index 145
481	  ,  236 06 23 ,  119 35 54,      2.876,      0.000,      0.000,   1.89013,	  -5.14900,	   3.23410		, //old index 146
482	  ,  236 06 23 ,  119 35 54,      2.876,      0.000,      0.000,   1.86793,	  -5.12120,	   1.83040		, //old index 147
483	  ,  236 06 23 ,  119 35 54,      2.876,      0.000,      0.000,   1.83123,	  -5.07530,	   0.47350		, //old index 148
484	  ,  236 06 23 ,  119 35 54,      2.876,      0.000,      0.000,   0.88263,	  -5.06820,	   0.40550		, //old index 149
485	  ,  236 06 23 ,  119 35 54,      2.876,      0.000,      0.000,   0.88643,	  -5.10660,	   1.69740		, //old index 150
486	  ,  236 06 23 ,  119 35 54,      2.876,      0.000,      0.000,   0.88723,	  -5.11560,	   2.85020		, //old index 151
487	  ,  236 06 23 ,  119 35 54,      2.876,      0.000,      0.000,   0.05143,	  -5.11110,	   2.95440		, //old index 152
488	  ,  236 06 23 ,  119 35 54,      2.876,      0.000,      0.000,   0.06493,	  -5.08420,	   1.81110		, //old index 153
489	  ,  236 06 23 ,  119 35 54,      2.876,      0.000,      0.000,   0.08203,	  -5.05010,	   0.60550		, //old index 154
490	  ,  236 06 23 ,  119 35 54,      2.876,      0.000,      0.000,  -0.55547,	  -5.02300,	   0.53760		, //old index 155
491	  ,  236 06 23 ,  119 35 54,      2.876,      0.000,      0.000,  -0.58037,	  -5.04790,	   1.82980		, //old index 156
492	  ,  236 06 23 ,  119 35 54,      2.876,      0.000,      0.000,  -0.59927,	  -5.06680,	   3.00430		, //old index 157
493	  ,  236 06 23 ,  119 35 54,      2.876,      0.000,      0.000,  -0.95767,	  -4.74850,	   3.19500		, //old index 158
494	  ,  236 06 23 ,  119 35 54,      2.876,      0.000,      0.000,  -0.94427,	  -4.74040,	   2.29250		, //old index 159
495	  ,  236 06 23 ,  119 35 54,      2.876,      0.000,      0.000,  -0.92767,	  -4.73030,	   1.64490		, //old index 160
496	  ,  236 06 23 ,  119 35 54,      2.876,      0.000,      0.000,  -0.89137,	  -4.70860,	   0.82670		, //old index 161
497	  ,  236 06 23 ,  119 35 54,      2.876,      0.000,      0.000,  -0.83297,	  -4.67280,	   0.29110		, //old index 162
498	  ,  236 06 23 ,  119 35 54,      2.876,      0.000,      0.000,  -0.93477,	  -3.96130,	   3.05740		, //old index 163
499	  ,  236 06 23 ,  119 35 54,      2.876,      0.000,      0.000,  -0.92687,	  -3.96010,	   2.23790		, //old index 164
500	  ,  236 06 23 ,  119 35 54,      2.876,      0.000,      0.000,  -0.92287,	  -3.95950,	   1.63150		, //old index 165
501	  ,  236 06 23 ,  119 35 54,      2.876,      0.000,      0.000,  -0.90237,	  -3.95660,	   0.92060		, //old index 166
502	  ,  236 06 23 ,  119 35 54,      2.876,      0.000,      0.000,  -0.86197,	  -3.95080,	   0.35410		, //old index 167
503	  ,  236 06 23 ,  119 35 54,      2.876,      0.000,      0.000,  -0.94697,	  -3.25120,	   2.98230		, //old index 168
504	  ,  236 06 23 ,  119 35 54,      2.876,      0.000,      0.000,  -0.91047,	  -3.26130,	   2.21190		, //old index 169
505	  ,  236 06 23 ,  119 35 54,      2.876,      0.000,      0.000,  -0.91177,	  -3.26080,	   1.66090		, //old index 170
506	  ,  236 06 23 ,  119 35 54,      2.876,      0.000,      0.000,  -0.89487,	  -3.26550,	   0.85300		, //old index 171
507	  ,  236 06 23 ,  119 35 54,      2.876,      0.000,      0.000,  -0.86257,	  -3.27420,	   0.31240		, //old index 172
508	  ,  236 06 23 ,  119 35 54,      2.876,      0.000,      0.000,  -0.86277,	  -2.55380,	   0.39090		, //old index 173
509	  ,  236 06 23 ,  119 35 54,      2.876,      0.000,      0.000,  -0.88077,	  -2.54070,	   0.92230		, //old index 174
510	  ,  236 06 23 ,  119 35 54,      2.876,      0.000,      0.000,  -0.88807,	  -2.53560,	   1.69080		, //old index 175
511	  ,  236 06 23 ,  119 35 54,      2.876,      0.000,      0.000,  -0.89007,	  -2.53420,	   2.37040		, //old index 176
512	  ,  236 06 23 ,  119 35 54,      2.876,      0.000,      0.000,  -0.89097,	  -2.53350,	   3.07270		, //old index 177
513	  ,  236 06 23 ,  119 35 54,      2.876,      0.000,      0.000,  -0.60827,	  -2.53920,	   3.40370		, //old index 178
514	  ,  236 06 23 ,  119 35 54,      2.876,      0.000,      0.000,  -0.62057,	  -3.94410,	   3.38750		, //old index 179
515	  ,  236 06 23 ,  119 35 54,      2.876,      0.000,      0.000,  -0.61667,	  -4.96980,	   3.37330		, //old index 180
516	  ,  236 06 23 ,  119 35 54,      2.876,      0.000,      0.000,   0.16343,	  -5.00150,	   3.38860		, //old index 181
517	  ,  236 06 23 ,  119 35 54,      2.876,      0.000,      0.000,   0.23003,	  -4.08940,	   3.40240		, //old index 182
518	  ,  236 06 23 ,  119 35 54,      2.876,      0.000,      0.000,   0.24683,	  -2.46570,	   3.42390		, //old index 183
519	  ,  236 06 23 ,  119 35 54,      2.876,      0.000,      0.000,   1.37743,	  -2.50120,	   3.45080		, //old index 184
520	  ,  236 06 23 ,  119 35 54,      2.876,      0.000,      0.000,   1.36323,	  -3.80350,	   3.42820		, //old index 185
521	  ,  236 06 23 ,  119 35 54,      2.876,      0.000,      0.000,   1.42603,	  -5.00600,	   3.41870		, //old index 186
522	  ,  236 06 23 ,  119 35 54,      2.876,      0.000,      0.000,   2.27783,	  -5.04060,	   3.43430		, //old index 187
523	  ,  236 06 23 ,  119 35 54,      2.876,      0.000,      0.000,   2.32693,	  -3.92470,	   3.44940		, //old index 188
524	  ,  236 06 23 ,  119 35 54,      2.876,      0.000,      0.000,   2.35903,	  -2.55250,	   3.46860		, //old index 189
525	  ,  236 06 23 ,  119 35 54,      2.876,      0.000,      0.000,   2.94083,	  -2.55390,	   0.07980		, //old index 190
526	  ,  236 06 23 ,  119 35 54,      2.876,      0.000,      0.000,   3.03173,	  -3.49320,	   0.06640		, //old index 191
527	  ,  236 06 23 ,  119 35 54,      2.876,      0.000,      0.000,   2.99233,	  -4.23540,	   0.06140		, //old index 192
528	  ,  236 06 23 ,  119 35 54,      2.876,      0.000,      0.000,   2.85443,	  -4.92380,	   0.05500		, //old index 193
529	  ,  236 06 23 ,  119 35 54,      2.876,      0.000,      0.000,   2.03513,	  -4.81090,	   0.05740		, //old index 194
530	  ,  236 06 23 ,  119 35 54,      2.876,      0.000,      0.000,   1.99843,	  -4.03000,	   0.05410		, //old index 195
531	  ,  236 06 23 ,  119 35 54,      2.876,      0.000,      0.000,   1.94383,	  -3.21700,	   0.06310		, //old index 196
532	  ,  236 06 23 ,  119 35 54,      2.876,      0.000,      0.000,   2.04433,	  -2.53000,	   0.08050		, //old index 197
533	  ,  236 06 23 ,  119 35 54,      2.876,      0.000,      0.000,   1.29933,	  -2.46910,	   0.08610		, //old index 198
534	  ,  236 06 23 ,  119 35 54,      2.876,      0.000,      0.000,   1.54433,	  -3.68770,	   0.06000		, //old index 199
535	  ,  236 06 23 ,  119 35 54,      2.876,      0.000,      0.000,   1.53053,	  -4.90520,	   0.06260		, //old index 200
536	  ,  236 06 23 ,  119 35 54,      2.876,      0.000,      0.000,   0.71793,	  -4.95660,	   0.06820		, //old index 201
537	  ,  236 06 23 ,  119 35 54,      2.876,      0.000,      0.000,   0.37173,	  -4.40270,	   0.06370		, //old index 202
538	  ,  236 06 23 ,  119 35 54,      2.876,      0.000,      0.000,   0.55463,	  -2.97160,	   0.07510		, //old index 203
539	  ,  236 06 23 ,  119 35 54,      2.876,      0.000,      0.000,   0.56953,	  -2.39710,	   0.09420		, //old index 204
540	  ,  236 06 23 ,  119 35 54,      2.876,      0.000,      0.000,  -0.59217,	  -2.42400,	   0.10800		, //old index 205
541	  ,  236 06 23 ,  119 35 54,      2.876,      0.000,      0.000,  -0.56697,	  -3.16320,	   0.09170		, //old index 206
542	  ,  236 06 23 ,  119 35 54,      2.876,      0.000,      0.000,  -0.65257,	  -3.92430,	   0.08570		, //old index 207
543	  ,  236 06 23 ,  119 35 54,      2.876,      0.000,      0.000,  -0.46527,	  -4.58200,	   0.07800		, //old index 208
544	  ,  236 06 23 ,  119 35 54,      2.876,      0.000,      0.000,  -0.53737,	  -4.78090,	   0.08730		, //old index 209
545	  ,  236 06 23 ,  119 35 54,      2.876,      0.000,      0.000,  -0.60897,	  -4.79700,	   0.48110		, //old index 210
546	  ,  236 06 23 ,  119 35 54,      2.876,      0.000,      0.000,  -0.66097,	  -4.80380,	   0.76300		, //old index 211
547	  ,  236 06 23 ,  119 35 54,      2.876,      0.000,      0.000,  -0.69807,	  -4.81010,	   1.34490		, //old index 212
548	  ,  236 06 23 ,  119 35 54,      2.876,      0.000,      0.000,  -0.73557,	  -4.81650,	   1.99120		, //old index 213
549	  ,  236 06 23 ,  119 35 54,      2.876,      0.000,      0.000,  -0.78077,	  -4.83040,	   2.68320		, //old index 214
550	  ,  236 06 23 ,  119 35 54,      2.876,      0.000,      0.000,  -0.82647,	  -4.83870,	   3.33430		, //old index 215
551	  ,  236 06 23 ,  119 35 54,      2.876,      0.000,      0.000,   3.12603,	  -4.08210,	  -0.28430		, //old index 216
552	  ,  236 06 23 ,  119 35 54,      2.876,      0.000,      0.000,   3.12143,	  -4.01460,	  -0.47390		, //old index 217
553	  ,  236 06 23 ,  119 35 54,      2.876,      0.000,      0.000,   3.11443,	  -4.25560,	  -0.48220		, //old index 218
554	  ,  236 06 23 ,  119 35 54,      2.876,      0.000,      0.000,   0.75123,	  -3.72070,	   0.03610		, //old index 0
555	  ,  236 06 23 ,  119 35 54,      2.876,      0.000,      0.000,   0.75123,	  -2.41980,	   1.50780		, //old index 219
556	  ,  236 06 23 ,  119 35 54,      2.876,      0.000,      0.000,   2.17543,	  -4.21700,	   4.00240		, //old index 220
557	  ,  236 06 23 ,  119 35 54,      2.876,      0.000,      0.000,   2.17363,	  -4.15410,	   3.81260		, //old index 221
558	  ,  236 06 23 ,  119 35 54,      2.876,      0.000,      0.000,   2.16423,	  -4.39540,	   3.80970		, //old index 222
559	  ,  236 06 23 ,  119 35 54,      2.876,      0.000,      0.000,  -1.62247,	  -2.32840,	   4.17050		, //old index 223
560	  ,  236 06 23 ,  119 35 54,      2.876,      0.000,      0.000,  -1.58917,	  -2.34760,	   3.48760		, //old index 224
561	  ,  236 06 23 ,  119 35 54,      2.876,      0.000,      0.000,  -1.37537,	  -2.37280,	   2.23420		, //old index 225
562	  ,  236 06 23 ,  119 35 54,      2.876,      0.000,      0.000,  -0.90947,	  -2.35270,	   4.11410		, //old index 226
563	  ,  236 06 23 ,  119 35 54,      2.876,      0.000,      0.000,  -0.89227,	  -2.36690,	   3.28290		, //old index 227
564	  ,  236 06 23 ,  119 35 54,      2.876,      0.000,      0.000,  -0.86927,	  -2.38590,	   1.96440		, //old index 228
565	  ,  236 06 23 ,  119 35 54,      2.876,      0.000,      0.000,  -0.87747,	  -2.37900,	   0.83510		, //old index 229
566	  ,  236 06 23 ,  119 35 54,      2.876,      0.000,      0.000,  -0.12767,	  -2.40520,	   0.64270		, //old index 230
567	  ,  236 06 23 ,  119 35 54,      2.876,      0.000,      0.000,  -0.13487,	  -2.39460,	   1.88060		, //old index 231
568	  ,  236 06 23 ,  119 35 54,      2.876,      0.000,      0.000,  -0.14277,	  -2.38280,	   3.36040		, //old index 232
569	  ,  236 06 23 ,  119 35 54,      2.876,      0.000,      0.000,  -0.14827,	  -2.37460,	   4.08110		, //old index 233
570	  ,  236 06 23 ,  119 35 54,      2.876,      0.000,      0.000,   0.52273,	  -2.39480,	   4.10690		, //old index 234
571	  ,  236 06 23 ,  119 35 54,      2.876,      0.000,      0.000,   0.52563,	  -2.41190,	   3.27790		, //old index 235
572	  ,  236 06 23 ,  119 35 54,      2.876,      0.000,      0.000,   0.52583,	  -2.41300,	   1.84170		, //old index 236
573	  ,  236 06 23 ,  119 35 54,      2.876,      0.000,      0.000,   0.52813,	  -2.42580,	   0.50200		, //old index 237
574	  ,  236 06 23 ,  119 35 54,      2.876,      0.000,      0.000,   1.22543,	  -2.45030,	   0.44830		, //old index 238
575	  ,  236 06 23 ,  119 35 54,      2.876,      0.000,      0.000,   1.23223,	  -2.43170,	   1.88030		, //old index 239
576	  ,  236 06 23 ,  119 35 54,      2.876,      0.000,      0.000,   1.23343,	  -2.42860,	   3.40750		, //old index 240
577	  ,  236 06 23 ,  119 35 54,      2.876,      0.000,      0.000,   1.23603,	  -2.42150,	   4.09760		, //old index 241
578	  ,  236 06 23 ,  119 35 54,      2.876,      0.000,      0.000,   1.96603,	  -2.45010,	   4.09400		, //old index 242
579	  ,  236 06 23 ,  119 35 54,      2.876,      0.000,      0.000,   2.04893,	  -2.47310,	   2.44040		, //old index 243
580	  ,  236 06 23 ,  119 35 54,      2.876,      0.000,      0.000,   2.04453,	  -2.47730,	   1.51970		, //old index 244
581	  ,  236 06 23 ,  119 35 54,      2.876,      0.000,      0.000,   2.03593,	  -2.48570,	   0.32250		, //old index 245
582	  ,  236 06 23 ,  119 35 54,      2.876,      0.000,      0.000,   2.21163,	  -2.70940,	   0.26320		, //old index 246
583	  ,  236 06 23 ,  119 35 54,      2.876,      0.000,      0.000,   2.20543,	  -2.71360,	   1.75740		, //old index 247
584	  ,  236 06 23 ,  119 35 54,      2.876,      0.000,      0.000,   2.21963,	  -2.70370,	   3.74310		, //old index 248
585	  ,  236 06 23 ,  119 35 54,      2.876,      0.000,      0.000,   2.22263,	  -2.70160,	   4.18640		, //old index 249
586	  ,  236 06 23 ,  119 35 54,      2.876,      0.000,      0.000,   2.20153,	  -3.58180,	   4.11030		, //old index 250
587	  ,  236 06 23 ,  119 35 54,      2.876,      0.000,      0.000,   2.17813,	  -4.18360,	   4.14650		, //old index 251
588	  ,  236 06 23 ,  119 35 54,      2.876,      0.000,      0.000,   2.16763,	  -4.18020,	   3.38250		, //old index 252
589	  ,  236 06 23 ,  119 35 54,      2.876,      0.000,      0.000,   2.14933,	  -4.17430,	   2.11590		, //old index 253
590	  ,  236 06 23 ,  119 35 54,      2.876,      0.000,      0.000,   2.14243,	  -4.17210,	   0.56690		, //old index 254
591	  ,  236 06 23 ,  119 35 54,      2.876,      0.000,      0.000,   2.11863,	  -4.89390,	   0.35300		, //old index 255
592	  ,  236 06 23 ,  119 35 54,      2.876,      0.000,      0.000,   2.11763,	  -4.89290,	   2.06750		, //old index 256
593	  ,  236 06 23 ,  119 35 54,      2.876,      0.000,      0.000,   2.13913,	  -4.91130,	   3.30630		, //old index 257
594	  ,  236 06 23 ,  119 35 54,      2.876,      0.000,      0.000,   2.14203,	  -4.91380,	   4.02950		, //old index 258
595	  ,  236 06 23 ,  119 35 54,      2.876,      0.000,      0.000,   1.85133,	  -5.24410,	   4.09380		, //old index 259
596	  ,  236 06 23 ,  119 35 54,      2.876,      0.000,      0.000,   1.85943,	  -5.25530,	   3.20680		, //old index 260
597	  ,  236 06 23 ,  119 35 54,      2.876,      0.000,      0.000,   1.86353,	  -5.26110,	   1.75670		, //old index 261
598	  ,  236 06 23 ,  119 35 54,      2.876,      0.000,      0.000,   1.86793,	  -5.26720,	   0.32490		, //old index 262
599	  ,  236 06 23 ,  119 35 54,      2.876,      0.000,      0.000,   1.04123,	  -5.23000,	   0.27730		, //old index 263
600	  ,  236 06 23 ,  119 35 54,      2.876,      0.000,      0.000,   1.04373,	  -5.24240,	   1.46080		, //old index 264
601	  ,  236 06 23 ,  119 35 54,      2.876,      0.000,      0.000,   1.04193,	  -5.23300,	   2.53190		, //old index 265
602	  ,  236 06 23 ,  119 35 54,      2.876,      0.000,      0.000,   1.03913,	  -5.21830,	   3.92230		, //old index 266
603	  ,  236 06 23 ,  119 35 54,      2.876,      0.000,      0.000,   0.07623,	  -5.16610,	   4.03320		, //old index 267
604	  ,  236 06 23 ,  119 35 54,      2.876,      0.000,      0.000,   0.07173,	  -5.17580,	   2.87200		, //old index 268
605	  ,  236 06 23 ,  119 35 54,      2.876,      0.000,      0.000,   0.06423,	  -5.19170,	   1.42430		, //old index 269
606	  ,  236 06 23 ,  119 35 54,      2.876,      0.000,      0.000,   0.06423,	  -5.19160,	   0.35930		, //old index 270
607	  ,  236 06 23 ,  119 35 54,      2.876,      0.000,      0.000,  -0.57647,	  -5.19590,	   1.36780		, //old index 271
608	  ,  236 06 23 ,  119 35 54,      2.876,      0.000,      0.000,  -0.56377,	  -5.18190,	   2.33350		, //old index 272
609	  ,  236 06 23 ,  119 35 54,      2.876,      0.000,      0.000,  -0.55217,	  -5.16900,	   3.23480		, //old index 273
610	  ,  236 06 23 ,  119 35 54,      2.876,      0.000,      0.000,  -0.54507,	  -5.16110,	   4.13040		, //old index 274
611	  ,  236 06 23 ,  119 35 54,      2.876,      0.000,      0.000,  -1.19907,	  -5.13000,	   4.12040		, //old index 275
612	  ,  236 06 23 ,  119 35 54,      2.876,      0.000,      0.000,  -1.51477,	  -5.11490,	   4.08990		, //old index 276
613	  ,  236 06 23 ,  119 35 54,      2.876,      0.000,      0.000,  -1.24987,	  -5.14710,	   3.27830		, //old index 277
614	  ,  236 06 23 ,  119 35 54,      2.876,      0.000,      0.000,  -0.98577,	  -5.17970,	   2.34980		, //old index 278
615	  ,  236 06 23 ,  119 35 54,      2.876,      0.000,      0.000,  -1.64347,	  -4.80670,	   3.81010		, //old index 279
616	  ,  236 06 23 ,  119 35 54,      2.876,      0.000,      0.000,  -1.27047,	  -4.76660,	   2.53200		, //old index 280
617	  ,  236 06 23 ,  119 35 54,      2.876,      0.000,      0.000,  -0.88987,	  -4.79600,	   1.56960		, //old index 281
618	  ,  236 06 23 ,  119 35 54,      2.876,      0.000,      0.000,  -0.39347,	  -4.81000,	   0.60310		, //old index 282
619	  ,  236 06 23 ,  119 35 54,      2.876,      0.000,      0.000,  -0.59707,	  -4.12390,	   0.62480		, //old index 283
620	  ,  236 06 23 ,  119 35 54,      2.876,      0.000,      0.000,  -1.04607,	  -4.06250,	   1.53490		, //old index 284
621	  ,  236 06 23 ,  119 35 54,      2.876,      0.000,      0.000,  -1.37077,	  -4.04150,	   2.44250		, //old index 285
622	  ,  236 06 23 ,  119 35 54,      2.876,      0.000,      0.000,  -1.71927,	  -4.01640,	   3.90130		, //old index 286
623	  ,  236 06 23 ,  119 35 54,      2.876,      0.000,      0.000,  -1.74517,	  -3.25840,	   3.91400		, //old index 287
624	  ,  236 06 23 ,  119 35 54,      2.876,      0.000,      0.000,  -1.46987,	  -3.33170,	   2.47490		, //old index 288
625	  ,  236 06 23 ,  119 35 54,      2.876,      0.000,      0.000,  -1.13547,	  -3.39020,	   1.44320		, //old index 289
626	  ,  236 06 23 ,  119 35 54,      2.876,      0.000,      0.000,  -0.74797,	  -3.39610,	   0.59550		, //old index 290
627	  ,  236 06 23 ,  119 35 54,      2.876,      0.000,      0.000,  -0.91357,	  -2.69550,	   0.64900		, //old index 291
628	  ,  236 06 23 ,  119 35 54,      2.876,      0.000,      0.000,  -1.25427,	  -2.69930,	   1.49500		, //old index 292
629	  ,  236 06 23 ,  119 35 54,      2.876,      0.000,      0.000,  -1.51867,	  -2.62570,	   2.38910		, //old index 293
630	  ,  236 06 23 ,  119 35 54,      2.876,      0.000,      0.000,  -1.74147,	  -2.59920,	   3.83220		, //old index 294
631	  ,  236 06 23 ,  119 35 54,      2.876,      0.000,      0.000,  -1.58307,	  -2.67050,	   4.32820		, //old index 295
632	  ,  236 06 23 ,  119 35 54,      2.876,      0.000,      0.000,  -0.28827,	  -2.66970,	   4.31520		, //old index 296
633	  ,  236 06 23 ,  119 35 54,      2.876,      0.000,      0.000,   0.69793,	  -2.65040,	   4.32070		, //old index 297
634	  ,  236 06 23 ,  119 35 54,      2.876,      0.000,      0.000,   1.75343,	  -2.74790,	   4.32510		, //old index 298
635	  ,  236 06 23 ,  119 35 54,      2.876,      0.000,      0.000,   2.02033,	  -3.95020,	   4.33620		, //old index 299
636	  ,  236 06 23 ,  119 35 54,      2.876,      0.000,      0.000,   1.06193,	  -3.92890,	   4.32450		, //old index 300
637	  ,  236 06 23 ,  119 35 54,      2.876,      0.000,      0.000,  -0.22417,	  -3.97440,	   4.31500		, //old index 301
638	  ,  236 06 23 ,  119 35 54,      2.876,      0.000,      0.000,  -1.42687,	  -4.00950,	   4.32640		, //old index 302
639	  ,  236 06 23 ,  119 35 54,      2.876,      0.000,      0.000,  -1.31457,	  -4.73020,	   4.33470		, //old index 303
640	  ,  236 06 23 ,  119 35 54,      2.876,      0.000,      0.000,  -0.34777,	  -4.85520,	   4.33250		, //old index 304
641	  ,  236 06 23 ,  119 35 54,      2.876,      0.000,      0.000,   0.79263,	  -4.92010,	   4.33830		, //old index 305
642	  ,  236 06 23 ,  119 35 54,      2.876,      0.000,      0.000,   1.69953,	  -4.89710,	   4.34130		, //old index 306
643	  ,  236 06 23 ,  119 35 54,      2.876,      0.000,      0.000,   1.80903,	  -4.92200,	   0.05320		, //old index 307
644	  ,  236 06 23 ,  119 35 54,      2.876,      0.000,      0.000,   1.25453,	  -4.89720,	   0.05230		, //old index 308
645	  ,  236 06 23 ,  119 35 54,      2.876,      0.000,      0.000,   0.64563,	  -4.87860,	   0.05610		, //old index 309
646	  ,  236 06 23 ,  119 35 54,      2.876,      0.000,      0.000,   0.26893,	  -4.86990,	   0.05830		, //old index 310
647	  ,  236 06 23 ,  119 35 54,      2.876,      0.000,      0.000,   0.09663,	  -4.19000,	   0.04950		, //old index 311
648	  ,  236 06 23 ,  119 35 54,      2.876,      0.000,      0.000,   0.95143,	  -4.47210,	   0.04940		, //old index 312
649	  ,  236 06 23 ,  119 35 54,      2.876,      0.000,      0.000,   1.50313,	  -4.22310,	   0.04930		, //old index 313
650	  ,  236 06 23 ,  119 35 54,      2.876,      0.000,      0.000,   2.02413,	  -4.24430,	   0.04630		, //old index 314
651	  ,  236 06 23 ,  119 35 54,      2.876,      0.000,      0.000,   1.90993,	  -3.48890,	   0.04410		, //old index 315
652	  ,  236 06 23 ,  119 35 54,      2.876,      0.000,      0.000,   1.38393,	  -3.27320,	   0.04150		, //old index 316
653	  ,  236 06 23 ,  119 35 54,      2.876,      0.000,      0.000,   0.36403,	  -3.05010,	   0.04260		, //old index 317
654	  ,  236 06 23 ,  119 35 54,      2.876,      0.000,      0.000,  -0.08997,	  -3.31840,	   0.04400		, //old index 318
655	  ,  236 06 23 ,  119 35 54,      2.876,      0.000,      0.000,  -0.31847,	  -2.66330,	   0.03900		, //old index 319
656	  ,  236 06 23 ,  119 35 54,      2.876,      0.000,      0.000,   0.43423,	  -2.67550,	   0.03950		, //old index 320
657	  ,  236 06 23 ,  119 35 54,      2.876,      0.000,      0.000,   1.27833,	  -2.76220,	   0.03750		, //old index 321
658	  ,  236 06 23 ,  119 35 54,      2.876,      0.000,      0.000,   1.88723,	  -2.84420,	   0.03830		, //old index 322
659	  ,  236 06 23 ,  119 35 54,      2.876,      0.000,      0.000,  -0.02027,	  -4.74570,	   0.09780		, //old index 323
660	  ,  236 06 23 ,  119 35 54,      2.876,      0.000,      0.000,  -0.29447,	  -4.75980,	   0.66600		, //old index 324
661	  ,  236 06 23 ,  119 35 54,      2.876,      0.000,      0.000,  -0.63147,	  -4.78940,	   1.44560		, //old index 325
662	  ,  236 06 23 ,  119 35 54,      2.876,      0.000,      0.000,  -1.12517,	  -4.82240,	   2.54730		, //old index 326
663	  ,  236 06 23 ,  119 35 54,      2.876,      0.000,      0.000,  -1.31277,	  -4.84540,	   3.40140		, //old index 327
664	  ,  236 06 23 ,  119 35 54,      2.876,      0.000,      0.000,  -1.49067,	  -4.87010,	   4.33630		, //old index 328
665	  ,  236 06 23 ,  119 35 54,      2.876,      0.000,      0.000,   0.37633,	  -5.21240,	   0.34490		, //old index 329
666	  ,  236 06 23 ,  119 35 54,      2.876,      0.000,      0.000,   1.06443,	  -5.24250,	   0.75630		, //old index 330
667	  ,  236 06 23 ,  119 35 54,      2.876,      0.000,      0.000,   1.08423,	  -5.23950,	   0.35610		, //old index 331
668	  ,  236 06 23 ,  119 35 54,      2.876,      0.000,      0.000,   1.89383,	  -4.16980,	   2.55450		, //old index 332
669	  ,  236 06 23 ,  119 35 54,      2.876,      0.000,      0.000,   1.08683,	  -5.24290,	   1.37040		, //old index 333
