#Plane 0. 
-3934.4991375264,5318.9138840459,  -2.0643743634 
3154.8819328712,5416.6953590009,  -6.5209056625 
-3774.3943554259,-7964.8417626494,  -4.2625571199 
1816.7014710041,-7881.4441232458,  -7.7762436813 
2623.6849569572,-3145.7704316389,  -7.5376371961 
#ERRORs at Segment 0: 
,-3934.4991375264,5318.9138840459,  -2.0643743634 
 3154.8819328712,5416.6953590009,  -6.5209056625 
#Plane 0. 
-3934.4991375264,5318.9138840459,  -2.0643743634 
3154.8819328712,5416.6953590009,  -6.5209056625 
-3774.3943554259,-7964.8417626494,  -4.2625571199 
1816.7014710041,-7881.4441232458,  -7.7762436813 
2623.6849569572,-3145.7704316389,  -7.5376371961 
#ERRORs at Segment 4: 
,2623.6849569588,-3145.7704316266,  -7.5376371961 
 3154.8819328698,5416.6953590000,  -6.5209056625 
#Plane 3. 
-3934.4991375264,5318.9138840459,  -2.0643743634 
3118.3105226691,5416.1909417048,  -6.4979161190 
3325.3733415974,5418.3176862347, 838.7255429295 
3316.1363671047,5413.1003898313,6739.3571153080 
3116.4340190077,5409.6115474101,7590.8764929671 
1033.4394690634,5380.8515131209,7626.9450609011 
1017.7156083785,5379.3979826959,9060.5893329902 
-3934.4048672121,5311.0923572687,9066.8033446734 
#ERRORs at Segment 0: 
,-3934.4991375264,5318.9138840459,  -2.0643743634 
 3118.3105226691,5416.1909417048,  -6.4979161190 
#Plane 3. 
-3934.4991375264,5318.9138840459,  -2.0643743634 
3118.3105226691,5416.1909417048,  -6.4979161190 
3325.3733415974,5418.3176862347, 838.7255429295 
3316.1363671047,5413.1003898313,6739.3571153080 
3116.4340190077,5409.6115474101,7590.8764929671 
1033.4394690634,5380.8515131209,7626.9450609011 
1017.7156083785,5379.3979826959,9060.5893329902 
-3934.4048672121,5311.0923572687,9066.8033446734 
#ERRORs at Segment 1: 
,3325.3733415974,5418.3176862347, 838.7255429295 
 3118.3105226691,5416.1909417039,  -6.4979161190 
#Plane 6. 
2623.6849569588,-3145.7704316266,  -7.5376371961 
3097.9228200523,4498.5605105708,  -6.6299276049 
3070.5937659041,-3256.9483341506, 584.1970458324 
#ERRORs at Segment 0: 
,2623.6849569588,-3145.7704316266,  -7.5376371961 
 3097.9228200523,4498.5605105708,  -6.6299276049 
#Plane 6. 
2623.6849569588,-3145.7704316266,  -7.5376371961 
3097.9228200523,4498.5605105708,  -6.6299276049 
3070.5937659041,-3256.9483341506, 584.1970458324 
#ERRORs at Segment 1: 
,3097.9228200492,4498.5605105453,  -6.6299276049 
 3070.5937659041,-3256.9483341506, 584.1970458324 
#Plane 6. 
2623.6849569588,-3145.7704316266,  -7.5376371961 
3097.9228200523,4498.5605105708,  -6.6299276049 
3070.5937659041,-3256.9483341506, 584.1970458324 
#ERRORs at Segment 2: 
,2623.6849569575,-3145.7704316340,  -7.5376371961 
 3070.5937659025,-3256.9483341696, 584.1970458351 
#Plane 7. 
3325.3733415974,5418.3176862347, 838.7255429295 
3101.1557680059,5416.0147450268, -76.5230473838 
3429.1827587530,-3159.2416233753,2039.4296209473 
3070.9695745129,-3150.3004068511, 576.0724374618 
#ERRORs at Segment 0: 
,3325.3733415974,5418.3176862347, 838.7255429295 
 3101.1557680059,5416.0147450268, -76.5230473838 
#Plane 7. 
3325.3733415974,5418.3176862347, 838.7255429295 
3101.1557680059,5416.0147450268, -76.5230473838 
3429.1827587530,-3159.2416233753,2039.4296209473 
3070.9695745129,-3150.3004068511, 576.0724374618 
#ERRORs at Segment 2: 
,3429.1827587531,-3159.2416233802,2039.4296209187 
 3070.9695745129,-3150.3004068511, 576.0724374618 
#Plane 7. 
3325.3733415974,5418.3176862347, 838.7255429295 
3101.1557680059,5416.0147450268, -76.5230473838 
3429.1827587530,-3159.2416233753,2039.4296209473 
3070.9695745129,-3150.3004068511, 576.0724374618 
#ERRORs at Segment 3: 
,3101.1557680029,5416.0147450268, -76.5230473835 
 3070.9695745117,-3150.3004068228, 576.0724374556 
#Plane 8. 
2822.4279066683,-7866.4425541034,1266.4778689786 
3065.8167730971,-3150.1717898242, 555.0224334537 
3429.1827587531,-3159.2416233802,2039.4296209187 
3484.0414220023,-7856.5738258447,3959.7434279157 
#ERRORs at Segment 0: 
,2822.4279066683,-7866.4425541034,1266.4778689786 
 3065.8167730971,-3150.1717898242, 555.0224334537 
#Plane 8. 
2822.4279066683,-7866.4425541034,1266.4778689786 
3065.8167730971,-3150.1717898242, 555.0224334537 
3429.1827587531,-3159.2416233802,2039.4296209187 
3484.0414220023,-7856.5738258447,3959.7434279157 
#ERRORs at Segment 1: 
,3429.1827587531,-3159.2416233802,2039.4296209187 
 3065.8167731000,-3150.1717898286, 555.0224334581 
#Plane 9. 
2623.6849569572,-3145.7704316389,  -7.5376371961 
1816.7014710055,-7881.4441232457,  -7.7762436813 
3060.4368360859,-3254.4215856907, 570.7486475819 
2822.4279066683,-7866.4425541034,1266.4778689786 
#ERRORs at Segment 1: 
,2623.6849569575,-3145.7704316340,  -7.5376371961 
 3060.4368360859,-3254.4215856907, 570.7486475819 
#Plane 9. 
2623.6849569572,-3145.7704316389,  -7.5376371961 
1816.7014710055,-7881.4441232457,  -7.7762436813 
3060.4368360859,-3254.4215856907, 570.7486475819 
2822.4279066683,-7866.4425541034,1266.4778689786 
#ERRORs at Segment 2: 
,2822.4279066683,-7866.4425541034,1266.4778689786 
 3060.4368360856,-3254.4215856878, 570.7486475806 
