   Point ID     ,  Hz.(º ' "),  V.(º ' "),Slope Dist.(m),Refl.Ht.(m),Inst.Ht.(m),Easting(m),  Northing(m),  Height(m)
ADG             ,  359 59 58 ,   89 51 46,          0,      0.000,      0.000,            0,            0,          0
2               ,    0 51 12 ,   89 53 46,      6.305,      0.000,      0.000,        0.094,        6.305,      0.011
3               ,  292 34 00 ,  142 54 43,      1.844,      0.000,      0.000,       -1.027,        0.427,     -1.471
4               ,  291 05 51 ,    8 10 34,      7.688,      0.000,      0.000,       -1.020,        0.394,      7.610
5               ,   14 08 00 ,  101 00 21,      6.654,      0.000,      0.000,        1.595,        6.334,     -1.270
6               ,   14 08 00 ,   93 05 41,      6.540,      0.000,      0.000,        1.595,        6.333,     -0.353
7               ,   14 07 58 ,   89 40 18,      6.530,      0.000,      0.000,        1.595,        6.333,      0.037
8               ,   14 08 00 ,   84 19 46,      6.561,      0.000,      0.000,        1.594,        6.331,      0.648
9               ,   14 07 59 ,   77 33 25,      6.684,      0.000,      0.000,        1.594,        6.329,      1.440
10              ,   14 07 59 ,   72 17 22,      6.852,      0.000,      0.000,        1.594,        6.330,      2.084
11              ,   14 08 02 ,   65 25 59,      7.169,      0.000,      0.000,        1.592,        6.323,      2.981
12              ,   14 08 03 ,   61 21 26,      7.423,      0.000,      0.000,        1.591,        6.317,      3.558
13              ,   14 08 07 ,   54 45 57,      7.969,      0.000,      0.000,        1.590,        6.312,      4.597
14              ,   14 08 05 ,   52 11 17,      8.237,      0.000,      0.000,        1.589,        6.310,      5.050
15              ,   14 08 01 ,   47 41 50,      8.813,      0.000,      0.000,        1.592,        6.321,      5.931
16              ,    6 17 10 ,   46 25 15,      8.769,      0.000,      0.000,        0.696,        6.315,      6.045
17              ,    6 17 03 ,   51 27 07,      8.095,      0.000,      0.000,        0.693,        6.293,      5.044
18              ,    6 17 05 ,   55 19 24,      7.690,      0.000,      0.000,        0.692,        6.286,      4.375
19              ,    6 17 04 ,   61 42 40,      7.195,      0.000,      0.000,        0.694,        6.297,      3.410
20              ,    6 17 04 ,   68 06 23,      6.844,      0.000,      0.000,        0.695,        6.313,      2.552
21              ,    6 17 04 ,   72 15 44,      6.675,      0.000,      0.000,        0.696,        6.319,      2.034
22              ,    6 17 05 ,   77 51 49,      6.499,      0.000,      0.000,        0.696,        6.316,      1.366
23              ,    6 17 07 ,   86 11 05,      6.370,      0.000,      0.000,        0.696,        6.317,      0.424
24              ,    6 17 06 ,   91 03 15,      6.356,      0.000,      0.000,        0.696,        6.316,     -0.117
25              ,    6 49 01 ,  100 38 11,      6.473,      0.000,      0.000,        0.755,        6.317,     -1.195
26              ,    0 12 10 ,  100 32 50,      6.414,      0.000,      0.000,        0.022,        6.306,     -1.174
27              ,    0 12 11 ,   94 53 59,      6.328,      0.000,      0.000,        0.022,        6.305,     -0.541
28              ,    0 12 10 ,   90 24 07,      6.304,      0.000,      0.000,        0.022,        6.304,     -0.044
29              ,    0 12 10 ,   85 42 19,      6.323,      0.000,      0.000,        0.022,        6.305,      0.473
30              ,    0 12 17 ,   77 32 00,      6.461,      0.000,      0.000,        0.023,        6.308,      1.395
31              ,    0 12 22 ,   72 02 21,      6.629,      0.000,      0.000,        0.023,        6.306,      2.044
32              ,    0 12 23 ,   64 39 15,      6.973,      0.000,      0.000,        0.023,        6.302,      2.985
33              ,    0 12 23 ,   60 18 46,      7.248,      0.000,      0.000,        0.023,        6.297,      3.590
34              ,    0 12 28 ,   55 10 14,      7.665,      0.000,      0.000,        0.023,        6.291,      4.377
35              ,    0 12 30 ,   50 47 35,      8.112,      0.000,      0.000,        0.023,        6.286,      5.128
36              ,    0 12 11 ,   46 34 59,      8.647,      0.000,      0.000,        0.022,        6.281,      5.943
37              ,  350 14 45 ,   46 56 57,      8.702,      0.000,      0.000,       -1.077,        6.267,      5.941
38              ,  350 14 40 ,   51 24 59,      8.131,      0.000,      0.000,       -1.077,        6.264,      5.071
39              ,  350 14 40 ,   55 23 01,      7.727,      0.000,      0.000,       -1.078,        6.267,      4.390
40              ,  350 14 42 ,   61 14 11,      7.264,      0.000,      0.000,       -1.079,        6.276,      3.495
41              ,  350 14 42 ,   65 19 17,      7.016,      0.000,      0.000,       -1.080,        6.283,      2.929
42              ,  350 14 44 ,   71 36 55,      6.725,      0.000,      0.000,       -1.081,        6.290,      2.121
43              ,  350 14 46 ,   77 31 02,      6.537,      0.000,      0.000,       -1.081,        6.290,      1.413
44              ,  350 14 46 ,   85 15 52,      6.401,      0.000,      0.000,       -1.081,        6.287,      0.528
45              ,  350 14 49 ,   89 26 20,      6.377,      0.000,      0.000,       -1.080,        6.284,      0.062
46              ,  356 09 05 ,   98 18 45,      6.377,      0.000,      0.000,       -0.424,        6.296,     -0.922
47              ,  344 20 18 ,   78 57 25,      6.640,      0.000,      0.000,       -1.759,        6.275,      1.272
48              ,  341 18 47 ,   68 46 16,      7.105,      0.000,      0.000,       -2.122,        6.274,      2.573
49              ,  339 37 04 ,   63 28 07,      7.471,      0.000,      0.000,       -2.328,        6.265,      3.337
50              ,  336 57 57 ,   54 22 49,      8.360,      0.000,      0.000,       -2.659,        6.254,      4.869
51              ,  336 58 09 ,   52 22 02,      8.574,      0.000,      0.000,       -2.656,        6.249,      5.235
52              ,  339 12 45 ,   48 16 38,      8.959,      0.000,      0.000,       -2.373,        6.251,      5.962
53              ,  341 02 08 ,   51 51 00,      8.423,      0.000,      0.000,       -2.152,        6.264,      5.203
54              ,  341 02 04 ,   56 12 06,      7.969,      0.000,      0.000,       -2.152,        6.263,      4.433
55              ,  343 02 04 ,   67 38 48,      7.100,      0.000,      0.000,       -1.916,        6.281,      2.700
56              ,  346 54 09 ,   80 36 11,      6.536,      0.000,      0.000,       -1.461,        6.280,      1.067
57              ,  355 56 02 ,   94 44 04,      6.332,      0.000,      0.000,       -0.447,        6.295,     -0.523
58              ,   46 33 34 ,   19 01 34,      6.880,      0.000,      0.000,        1.629,        1.542,      6.504
59              ,   46 33 33 ,   17 53 31,      7.267,      0.000,      0.000,        1.621,        1.535,      6.916
60              ,   46 33 30 ,   16 53 16,      7.715,      0.000,      0.000,        1.627,        1.541,      7.382
61              ,   29 48 54 ,   15 01 09,      6.743,      0.000,      0.000,        0.869,        1.516,      6.513
62              ,   29 48 58 ,   14 26 41,      7.012,      0.000,      0.000,        0.870,        1.518,      6.791
63              ,   29 49 00 ,   13 19 23,      7.598,      0.000,      0.000,        0.871,        1.519,      7.393
64              ,    6 32 24 ,   13 09 26,      6.640,      0.000,      0.000,        0.172,        1.502,      6.466
65              ,    6 32 26 ,   12 16 00,      7.108,      0.000,      0.000,        0.172,        1.500,      6.945
66              ,    6 32 27 ,   11 32 46,      7.563,      0.000,      0.000,        0.172,        1.504,      7.410
67              ,  338 14 54 ,   13 57 40,      6.648,      0.000,      0.000,       -0.594,        1.490,      6.451
68              ,  338 14 54 ,   13 08 22,      7.035,      0.000,      0.000,       -0.593,        1.485,      6.850
69              ,  338 14 55 ,   12 25 59,      7.448,      0.000,      0.000,       -0.594,        1.489,      7.273
70              ,  319 20 20 ,   16 28 16,      6.855,      0.000,      0.000,       -1.266,        1.474,      6.573
71              ,  319 20 23 ,   15 45 05,      7.156,      0.000,      0.000,       -1.266,        1.474,      6.888
72              ,  319 20 12 ,   14 57 07,      7.528,      0.000,      0.000,       -1.266,        1.473,      7.273
73              ,  308 18 25 ,   20 00 35,      6.899,      0.000,      0.000,       -1.853,        1.463,      6.483
74              ,  308 18 22 ,   18 58 36,      7.255,      0.000,      0.000,       -1.851,        1.462,      6.861
75              ,  308 18 24 ,   17 46 05,      7.784,      0.000,      0.000,       -1.864,        1.473,      7.413
76              ,  297 53 07 ,   25 36 21,      7.142,      0.000,      0.000,       -2.728,        1.444,      6.440
77              ,  297 52 59 ,   23 56 20,      7.596,      0.000,      0.000,       -2.724,        1.441,      6.943
78              ,  297 53 11 ,   22 24 05,      8.077,      0.000,      0.000,       -2.721,        1.440,      7.467
79              ,   14 30 28 ,   45 54 05,      8.927,      0.000,      0.000,        1.606,        6.206,      6.212
80              ,   14 44 29 ,   42 15 35,      8.401,      0.000,      0.000,        1.438,        5.464,      6.218
81              ,   16 58 52 ,   39 09 40,      8.012,      0.000,      0.000,        1.478,        4.839,      6.212
82              ,   18 57 22 ,   34 35 17,      7.547,      0.000,      0.000,        1.392,        4.052,      6.213
83              ,   22 47 22 ,   30 39 33,      7.218,      0.000,      0.000,        1.426,        3.393,      6.209
84              ,   31 21 24 ,   25 37 18,      6.888,      0.000,      0.000,        1.550,        2.543,      6.210
85              ,    9 53 28 ,   22 48 48,      6.739,      0.000,      0.000,        0.449,        2.574,      6.212
86              ,    6 57 55 ,   28 46 16,      7.082,      0.000,      0.000,        0.413,        3.383,      6.208
87              ,    5 19 51 ,   32 20 58,      7.353,      0.000,      0.000,        0.366,        3.917,      6.212
88              ,    4 11 04 ,   37 48 10,      7.864,      0.000,      0.000,        0.352,        4.808,      6.214
89              ,    3 07 32 ,   41 04 05,      8.250,      0.000,      0.000,        0.296,        5.412,      6.220
90              ,    2 15 31 ,   44 22 58,      8.719,      0.000,      0.000,        0.240,        6.094,      6.232
91              ,  353 22 00 ,   44 42 31,      8.759,      0.000,      0.000,       -0.712,        6.121,      6.225
92              ,  351 27 06 ,   40 47 13,      8.197,      0.000,      0.000,       -0.796,        5.295,      6.206
93              ,  351 27 10 ,   33 37 49,      7.449,      0.000,      0.000,       -0.613,        4.080,      6.202
94              ,  348 34 31 ,   28 38 39,      7.082,      0.000,      0.000,       -0.672,        3.328,      6.216
95              ,  345 04 50 ,   21 10 06,      6.659,      0.000,      0.000,       -0.619,        2.324,      6.210
96              ,  323 02 14 ,   26 12 02,      6.913,      0.000,      0.000,       -1.835,        2.439,      6.202
97              ,  330 29 51 ,   31 29 27,      7.288,      0.000,      0.000,       -1.875,        3.313,      6.214
98              ,  334 15 15 ,   34 30 40,      7.513,      0.000,      0.000,       -1.849,        3.834,      6.191
99              ,  338 35 20 ,   39 42 03,      8.061,      0.000,      0.000,       -1.880,        4.794,      6.202
100             ,  340 36 18 ,   42 28 19,      8.404,      0.000,      0.000,       -1.884,        5.353,      6.199
101             ,  341 51 56 ,   45 51 55,      8.913,      0.000,      0.000,       -1.991,        6.079,      6.206
102             ,  338 21 07 ,   46 31 47,      9.005,      0.000,      0.000,       -2.411,        6.074,      6.195
103             ,  333 46 04 ,   43 53 41,      8.594,      0.000,      0.000,       -2.634,        5.345,      6.193
104             ,  330 02 22 ,   41 41 30,      8.291,      0.000,      0.000,       -2.754,        4.778,      6.191
105             ,  323 31 55 ,   38 25 03,      7.907,      0.000,      0.000,       -2.920,        3.951,      6.195
106             ,  316 59 43 ,   35 58 01,      7.654,      0.000,      0.000,       -3.066,        3.288,      6.195
107             ,  311 40 14 ,   31 26 37,      7.264,      0.000,      0.000,       -2.831,        2.519,      6.197
108             ,  355 22 15 ,  102 17 53,      6.124,      0.000,      0.000,       -0.483,        5.964,     -1.304
109             ,  351 59 10 ,   95 54 50,      6.155,      0.000,      0.000,       -0.854,        6.063,     -0.634
110             ,  348 01 18 ,   89 41 26,      6.130,      0.000,      0.000,       -1.272,        5.997,      0.033
111             ,  344 31 29 ,   83 54 24,      6.233,      0.000,      0.000,       -1.654,        5.973,      0.662
112             ,  342 16 13 ,   80 11 29,      6.347,      0.000,      0.000,       -1.905,        5.958,      1.081
113             ,  335 46 52 ,   80 29 15,      5.316,      0.000,      0.000,       -2.151,        4.781,      0.879
114             ,  338 01 47 ,   85 33 55,      5.071,      0.000,      0.000,       -1.892,        4.689,      0.392
115             ,  341 09 06 ,   92 57 44,      4.814,      0.000,      0.000,       -1.553,        4.550,     -0.249
116             ,  342 53 10 ,   96 36 54,      4.745,      0.000,      0.000,       -1.387,        4.505,     -0.547
117             ,  345 20 44 ,  101 47 15,      4.680,      0.000,      0.000,       -1.159,        4.433,     -0.956
118             ,  348 02 28 ,  107 18 29,      4.667,      0.000,      0.000,       -0.923,        4.359,     -1.389
119             ,  339 40 47 ,  111 20 51,      3.830,      0.000,      0.000,       -1.239,        3.346,     -1.394
120             ,  336 01 58 ,  105 53 35,      3.764,      0.000,      0.000,       -1.471,        3.308,     -1.031
121             ,  331 57 54 ,  101 22 02,      3.679,      0.000,      0.000,       -1.695,        3.183,     -0.725
122             ,  327 36 23 ,   95 59 06,      3.643,      0.000,      0.000,       -1.941,        3.060,     -0.380
123             ,  325 16 51 ,   91 14 07,      3.725,      0.000,      0.000,       -2.121,        3.061,     -0.080
124             ,  319 26 36 ,   83 16 37,      3.864,      0.000,      0.000,       -2.495,        2.916,      0.452
125             ,  304 04 49 ,   85 23 47,      3.315,      0.000,      0.000,       -2.737,        1.852,      0.266
126             ,  306 48 52 ,   94 59 37,      3.035,      0.000,      0.000,       -2.420,        1.812,     -0.264
127             ,  310 24 31 ,  103 45 47,      2.908,      0.000,      0.000,       -2.150,        1.831,     -0.692
128             ,  314 42 55 ,  118 06 26,      2.831,      0.000,      0.000,       -1.775,        1.757,     -1.334
129             ,  296 10 42 ,  120 52 32,      2.606,      0.000,      0.000,       -2.007,        0.987,     -1.337
130             ,  294 59 58 ,  106 12 29,      2.694,      0.000,      0.000,       -2.345,        1.093,     -0.752
131             ,  293 31 32 ,   94 32 23,      2.903,      0.000,      0.000,       -2.653,        1.155,     -0.230
132             ,  292 54 29 ,   87 34 56,      3.111,      0.000,      0.000,       -2.863,        1.210,      0.131
133             ,  266 43 24 ,   92 20 39,      3.161,      0.000,      0.000,       -3.153,       -0.181,     -0.129
134             ,  260 12 26 ,  119 27 27,      2.815,      0.000,      0.000,       -2.415,       -0.417,     -1.384
135             ,  249 04 06 ,  104 54 07,      3.313,      0.000,      0.000,       -2.990,       -1.144,     -0.852
136             ,  242 32 33 ,   95 23 46,      3.990,      0.000,      0.000,       -3.525,       -1.832,     -0.375
137             ,  245 53 03 ,  113 43 01,      3.249,      0.000,      0.000,       -2.715,       -1.215,     -1.307
138             ,  248 01 06 ,  103 31 54,      3.392,      0.000,      0.000,       -3.058,       -1.234,     -0.794
139             ,  341 07 40 ,   77 10 51,      6.485,      0.000,      0.000,       -2.045,        5.983,      1.439
140             ,  339 29 05 ,   70 20 00,      6.824,      0.000,      0.000,       -2.252,        6.019,      2.297
141             ,  337 38 48 ,   62 52 13,      7.346,      0.000,      0.000,       -2.487,        6.047,      3.350
142             ,  336 20 42 ,   58 21 49,      7.758,      0.000,      0.000,       -2.650,        6.050,      4.069
143             ,  333 51 43 ,   78 43 11,      5.255,      0.000,      0.000,       -2.270,        4.626,      1.028
144             ,  331 45 33 ,   70 38 07,      5.556,      0.000,      0.000,       -2.480,        4.617,      1.842
145             ,  330 37 56 ,   64 02 05,      6.022,      0.000,      0.000,       -2.655,        4.718,      2.637
146             ,  329 13 59 ,   57 31 08,      6.619,      0.000,      0.000,       -2.856,        4.798,      3.554
147             ,  319 07 29 ,   51 05 35,      6.301,      0.000,      0.000,       -3.209,        3.708,      3.957
148             ,  319 07 20 ,   54 11 29,      5.869,      0.000,      0.000,       -3.115,        3.599,      3.434
149             ,  319 07 18 ,   59 31 01,      5.283,      0.000,      0.000,       -2.980,        3.443,      2.680
150             ,  319 07 21 ,   66 29 45,      4.716,      0.000,      0.000,       -2.830,        3.270,      1.881
151             ,  319 07 17 ,   78 06 16,      4.108,      0.000,      0.000,       -2.631,        3.039,      0.847
152             ,  306 57 50 ,   79 13 29,      3.599,      0.000,      0.000,       -2.825,        2.126,      0.673
153             ,  304 04 35 ,   70 13 34,      3.855,      0.000,      0.000,       -3.005,        2.033,      1.304
154             ,  301 36 57 ,   61 39 40,      4.256,      0.000,      0.000,       -3.190,        1.964,      2.020
155             ,  301 36 57 ,   54 00 28,      4.895,      0.000,      0.000,       -3.373,        2.076,      2.877
156             ,  300 04 53 ,   48 57 51,      5.425,      0.000,      0.000,       -3.541,        2.051,      3.562
157             ,  284 52 40 ,   45 40 46,      5.610,      0.000,      0.000,       -3.879,        1.030,      3.919
158             ,  284 52 35 ,   49 13 09,      5.131,      0.000,      0.000,       -3.755,        0.997,      3.351
159             ,  284 52 31 ,   51 58 03,      4.824,      0.000,      0.000,       -3.672,        0.975,      2.972
160             ,  284 52 31 ,   60 39 39,      4.096,      0.000,      0.000,       -3.451,        0.917,      2.007
161             ,  284 52 34 ,   66 51 05,      3.754,      0.000,      0.000,       -3.336,        0.886,      1.476
162             ,  284 52 37 ,   81 43 14,      3.253,      0.000,      0.000,       -3.111,        0.826,      0.468
163             ,  263 21 50 ,   86 27 17,      3.379,      0.000,      0.000,       -3.350,       -0.390,      0.209
164             ,  263 21 53 ,   71 26 06,      3.822,      0.000,      0.000,       -3.599,       -0.419,      1.217
165             ,  263 21 55 ,   65 00 33,      4.143,      0.000,      0.000,       -3.730,       -0.434,      1.750
166             ,  263 21 49 ,   56 49 53,      4.747,      0.000,      0.000,       -3.947,       -0.459,      2.597
167             ,  263 21 54 ,   50 06 52,      5.473,      0.000,      0.000,       -4.172,       -0.485,      3.510
168             ,  250 38 12 ,   52 53 15,      5.912,      0.000,      0.000,       -4.448,       -1.563,      3.567
169             ,  250 38 09 ,   58 09 31,      5.299,      0.000,      0.000,       -4.247,       -1.493,      2.796
170             ,  250 38 07 ,   60 54 28,      5.045,      0.000,      0.000,       -4.159,       -1.462,      2.453
171             ,  249 31 20 ,   69 12 46,      4.516,      0.000,      0.000,       -3.955,       -1.477,      1.603
172             ,  249 31 20 ,   75 26 11,      4.206,      0.000,      0.000,       -3.814,       -1.424,      1.058
173             ,  249 31 26 ,   88 09 45,      3.813,      0.000,      0.000,       -3.570,       -1.333,      0.122
174             ,  237 30 13 ,   92 16 47,      4.427,      0.000,      0.000,       -3.731,       -2.377,     -0.176
175             ,  237 30 14 ,   87 33 31,      4.557,      0.000,      0.000,       -3.840,       -2.446,      0.194
176             ,  241 13 53 ,   77 38 53,      4.635,      0.000,      0.000,       -3.969,       -2.179,      0.992
177             ,  239 45 09 ,   66 38 38,      5.492,      0.000,      0.000,       -4.356,       -2.540,      2.177
178             ,  240 27 32 ,   62 31 09,      5.802,      0.000,      0.000,       -4.478,       -2.538,      2.677
179             ,  241 44 01 ,   56 44 05,      6.330,      0.000,      0.000,       -4.662,       -2.507,      3.472
180             ,  335 59 51 ,   52 09 54,      8.528,      0.000,      0.000,       -2.740,        6.153,      5.231
181             ,  335 59 50 ,   52 54 18,      8.452,      0.000,      0.000,       -2.742,        6.159,      5.098
182             ,  335 59 50 ,   53 49 44,      8.358,      0.000,      0.000,       -2.745,        6.164,      4.933
183             ,  332 30 31 ,   50 05 35,      8.124,      0.000,      0.000,       -2.877,        5.528,      5.212
184             ,  332 34 15 ,   51 19 08,      8.004,      0.000,      0.000,       -2.878,        5.546,      5.002
185             ,  332 34 14 ,   51 51 53,      7.948,      0.000,      0.000,       -2.880,        5.549,      4.908
186             ,  327 14 09 ,   47 11 13,      7.707,      0.000,      0.000,       -3.060,        4.754,      5.238
187             ,  327 14 14 ,   49 10 05,      7.486,      0.000,      0.000,       -3.065,        4.763,      4.895
188             ,  321 29 51 ,   44 34 56,      7.366,      0.000,      0.000,       -3.219,        4.046,      5.246
189             ,  321 06 48 ,   48 21 36,      6.890,      0.000,      0.000,       -3.232,        4.008,      4.578
190             ,  312 45 59 ,   41 31 45,      7.002,      0.000,      0.000,       -3.408,        3.152,      5.242
191             ,  312 46 02 ,   42 52 29,      6.828,      0.000,      0.000,       -3.411,        3.155,      5.004
192             ,  311 30 39 ,   46 39 27,      6.323,      0.000,      0.000,       -3.443,        3.048,      4.340
193             ,  301 54 31 ,   38 52 07,      6.787,      0.000,      0.000,       -3.616,        2.251,      5.284
194             ,  301 54 31 ,   40 50 55,      6.519,      0.000,      0.000,       -3.619,        2.254,      4.931
195             ,  301 29 33 ,   44 55 53,      6.036,      0.000,      0.000,       -3.635,        2.227,      4.273
196             ,  292 38 50 ,   38 05 24,      6.616,      0.000,      0.000,       -3.767,        1.572,      5.207
197             ,  292 38 50 ,   39 49 24,      6.384,      0.000,      0.000,       -3.773,        1.574,      4.903
198             ,  293 25 12 ,   44 27 33,      5.859,      0.000,      0.000,       -3.765,        1.631,      4.182
199             ,  281 09 27 ,   37 35 08,      6.593,      0.000,      0.000,       -3.945,        0.778,      5.224
200             ,  281 09 36 ,   39 44 34,      6.294,      0.000,      0.000,       -3.948,        0.779,      4.839
201             ,  276 53 14 ,   44 52 04,      5.729,      0.000,      0.000,       -4.012,        0.485,      4.060
202             ,  266 37 32 ,   38 39 40,      6.694,      0.000,      0.000,       -4.174,       -0.246,      5.227
203             ,  266 37 29 ,   40 49 46,      6.408,      0.000,      0.000,       -4.183,       -0.247,      4.849
204             ,  266 08 13 ,   46 30 18,      5.795,      0.000,      0.000,       -4.195,       -0.283,      3.989
205             ,  253 55 53 ,   41 20 27,      6.918,      0.000,      0.000,       -4.391,       -1.265,      5.194
206             ,  253 55 52 ,   43 28 23,      6.653,      0.000,      0.000,       -4.398,       -1.267,      4.828
207             ,  254 02 36 ,   49 17 50,      6.049,      0.000,      0.000,       -4.409,       -1.261,      3.945
208             ,  241 53 06 ,   45 31 12,      7.398,      0.000,      0.000,       -4.656,       -2.487,      5.184
209             ,  241 53 03 ,   48 01 28,      7.111,      0.000,      0.000,       -4.663,       -2.491,      4.756
210             ,  337 42 30 ,   47 36 51,      9.058,      0.000,      0.000,       -2.538,        6.190,      6.106
211             ,  337 02 26 ,   49 06 31,      8.865,      0.000,      0.000,       -2.614,        6.171,      5.803
212             ,  336 07 00 ,   51 17 14,      8.616,      0.000,      0.000,       -2.722,        6.147,      5.389
213             ,  331 37 33 ,   43 46 16,      8.443,      0.000,      0.000,       -2.776,        5.139,      6.097
214             ,  330 40 58 ,   45 12 24,      8.231,      0.000,      0.000,       -2.860,        5.093,      5.799
215             ,  329 24 37 ,   47 18 37,      7.960,      0.000,      0.000,       -2.977,        5.036,      5.397
216             ,  323 10 20 ,   39 30 42,      7.933,      0.000,      0.000,       -3.026,        4.040,      6.121
217             ,  321 59 35 ,   41 12 17,      7.688,      0.000,      0.000,       -3.119,        3.991,      5.784
218             ,  321 07 45 ,   43 37 32,      7.439,      0.000,      0.000,       -3.221,        3.996,      5.385
219             ,  315 41 13 ,   36 53 19,      7.622,      0.000,      0.000,       -3.196,        3.274,      6.096
220             ,  314 56 59 ,   39 28 24,      7.332,      0.000,      0.000,       -3.299,        3.293,      5.659
221             ,  309 17 07 ,   36 19 15,      7.332,      0.000,      0.000,       -3.361,        2.750,      5.907
222             ,  308 33 10 ,   37 32 04,      7.180,      0.000,      0.000,       -3.421,        2.726,      5.694
223             ,  308 16 11 ,   39 31 01,      6.984,      0.000,      0.000,       -3.489,        2.752,      5.387
224             ,  298 10 18 ,   35 24 11,      7.026,      0.000,      0.000,       -3.588,        1.922,      5.727
225             ,  298 10 21 ,   37 48 06,      6.793,      0.000,      0.000,       -3.671,        1.966,      5.368
226             ,  288 13 04 ,   33 05 07,      7.109,      0.000,      0.000,       -3.686,        1.213,      5.956
227             ,  287 00 30 ,   35 07 14,      6.878,      0.000,      0.000,       -3.784,        1.157,      5.626
228             ,  287 00 40 ,   36 26 51,      6.741,      0.000,      0.000,       -3.830,        1.172,      5.422
229             ,  273 39 13 ,   32 34 38,      7.164,      0.000,      0.000,       -3.849,        0.246,      6.037
230             ,  272 25 43 ,   34 59 59,      6.931,      0.000,      0.000,       -3.972,        0.168,      5.678
231             ,  271 48 48 ,   36 29 49,      6.804,      0.000,      0.000,       -4.045,        0.128,      5.469
232             ,  260 50 43 ,   34 09 59,      7.303,      0.000,      0.000,       -4.049,       -0.653,      6.042
233             ,  260 50 41 ,   36 21 58,      7.087,      0.000,      0.000,       -4.149,       -0.669,      5.707
234             ,  260 50 47 ,   38 28 09,      6.909,      0.000,      0.000,       -4.243,       -0.684,      5.409
235             ,  249 03 57 ,   37 01 40,      7.589,      0.000,      0.000,       -4.268,       -1.633,      6.059
236             ,  250 15 50 ,   39 18 12,      7.316,      0.000,      0.000,       -4.362,       -1.565,      5.661
237             ,  250 15 49 ,   41 08 08,      7.168,      0.000,      0.000,       -4.438,       -1.592,      5.399
238             ,  241 00 35 ,   40 19 38,      7.864,      0.000,      0.000,       -4.452,       -2.467,      5.996
239             ,  241 00 50 ,   42 50 36,      7.683,      0.000,      0.000,       -4.570,       -2.532,      5.633
240             ,  241 43 02 ,   44 06 50,      7.541,      0.000,      0.000,       -4.623,       -2.487,      5.414
241             ,  232 40 44 ,   96 44 14,      4.659,      0.000,      0.000,       -3.679,       -2.805,     -0.547
242             ,  230 47 11 ,  102 06 56,      4.510,      0.000,      0.000,       -3.416,       -2.788,     -0.946
243             ,  229 06 32 ,  106 40 24,      4.425,      0.000,      0.000,       -3.205,       -2.775,     -1.270
244             ,  226 41 56 ,   97 04 02,      5.197,      0.000,      0.000,       -3.754,       -3.537,     -0.639
245             ,  226 01 50 ,  101 32 05,      4.965,      0.000,      0.000,       -3.501,       -3.378,     -0.993
246             ,  224 09 06 ,  105 23 19,      4.914,      0.000,      0.000,       -3.300,       -3.399,     -1.304
247             ,  220 46 14 ,   96 56 41,      5.965,      0.000,      0.000,       -3.867,       -4.484,     -0.721
248             ,  220 04 50 ,  100 37 04,      5.725,      0.000,      0.000,       -3.623,       -4.305,     -1.055
249             ,  220 05 04 ,  103 25 10,      5.499,      0.000,      0.000,       -3.444,       -4.092,     -1.276
250             ,  233 49 09 ,   94 23 42,      4.669,      0.000,      0.000,       -3.758,       -2.748,     -0.358
251             ,  227 19 50 ,   94 14 59,      5.265,      0.000,      0.000,       -3.861,       -3.559,     -0.390
252             ,  222 23 51 ,   94 14 56,      5.886,      0.000,      0.000,       -3.958,       -4.335,     -0.436
253             ,  221 15 32 ,   89 02 59,      6.283,      0.000,      0.000,       -4.143,       -4.722,      0.104
254             ,  223 16 02 ,   83 25 58,      6.254,      0.000,      0.000,       -4.259,       -4.524,      0.715
255             ,  230 32 50 ,   81 16 32,      5.431,      0.000,      0.000,       -4.145,       -3.411,      0.824
256             ,  230 32 44 ,   87 04 16,      5.170,      0.000,      0.000,       -3.987,       -3.281,      0.264
257             ,  232 19 00 ,   80 24 09,      5.295,      0.000,      0.000,       -4.132,       -3.191,      0.883
258             ,  227 23 54 ,   75 21 52,      6.194,      0.000,      0.000,       -4.411,       -4.057,      1.565
259             ,  225 06 39 ,   79 44 33,      6.205,      0.000,      0.000,       -4.325,       -4.309,      1.105
260             ,  237 56 51 ,   58 26 35,      6.572,      0.000,      0.000,       -4.746,       -2.972,      3.439
261             ,  237 48 57 ,   61 23 04,      6.231,      0.000,      0.000,       -4.630,       -2.914,      2.984
262             ,  237 49 02 ,   64 06 08,      5.938,      0.000,      0.000,       -4.521,       -2.845,      2.593
263             ,  232 47 54 ,   60 17 33,      6.962,      0.000,      0.000,       -4.816,       -3.656,      3.450
264             ,  229 07 52 ,   75 34 17,      5.952,      0.000,      0.000,       -4.359,       -3.771,      1.483
265             ,  229 07 53 ,   86 15 01,      5.349,      0.000,      0.000,       -4.036,       -3.492,      0.350
266             ,  239 29 24 ,   54 19 37,      6.767,      0.000,      0.000,       -4.736,       -2.791,      3.946
267             ,  239 29 27 ,   47 07 30,      7.451,      0.000,      0.000,       -4.704,       -2.772,      5.069
268             ,  232 26 02 ,   49 16 15,      7.960,      0.000,      0.000,       -4.782,       -3.678,      5.194
269             ,  230 16 59 ,   50 09 20,      8.141,      0.000,      0.000,       -4.808,       -3.994,      5.216
270             ,  229 20 37 ,   54 14 22,      7.855,      0.000,      0.000,       -4.836,       -4.153,      4.591
271             ,  235 18 11 ,   58 19 27,      6.851,      0.000,      0.000,       -4.793,       -3.319,      3.597
272             ,  239 35 09 ,   56 58 09,      6.567,      0.000,      0.000,       -4.748,       -2.787,      3.580
273             ,  232 47 03 ,   51 37 49,      7.673,      0.000,      0.000,       -4.790,       -3.638,      4.763
274             ,  230 38 49 ,   54 05 44,      7.700,      0.000,      0.000,       -4.823,       -3.955,      4.516
275             ,  228 22 37 ,   45 32 27,      8.685,      0.000,      0.000,       -4.634,       -4.117,      6.083
276             ,  229 12 14 ,   49 39 40,      8.330,      0.000,      0.000,       -4.807,       -4.148,      5.392
277             ,  235 02 20 ,   46 21 51,      7.937,      0.000,      0.000,       -4.708,       -3.292,      5.477
278             ,  235 16 25 ,   42 31 46,      8.179,      0.000,      0.000,       -4.544,       -3.149,      6.027
279             ,  239 51 52 ,   44 17 17,      7.688,      0.000,      0.000,       -4.643,       -2.695,      5.503
280             ,  238 48 18 ,   40 40 22,      8.022,      0.000,      0.000,       -4.472,       -2.708,      6.084
281             ,  238 48 34 ,   39 19 27,      7.971,      0.000,      0.000,       -4.321,       -2.616,      6.166
282             ,  235 16 25 ,   36 26 24,      7.677,      0.000,      0.000,       -3.748,       -2.598,      6.176
283             ,  247 26 48 ,   35 15 33,      7.550,      0.000,      0.000,       -4.025,       -1.672,      6.165
284             ,  246 17 00 ,   34 00 40,      7.442,      0.000,      0.000,       -3.811,       -1.674,      6.169
285             ,  254 49 25 ,   32 39 59,      7.332,      0.000,      0.000,       -3.820,       -1.036,      6.173
286             ,  264 30 02 ,   31 47 14,      7.264,      0.000,      0.000,       -3.809,       -0.367,      6.174
287             ,  264 55 50 ,   30 52 52,      7.066,      0.000,      0.000,       -3.613,       -0.320,      6.065
288             ,  256 32 02 ,   32 15 47,      7.300,      0.000,      0.000,       -3.790,       -0.907,      6.173
289             ,  252 43 57 ,   34 30 54,      7.492,      0.000,      0.000,       -4.054,       -1.260,      6.173
290             ,  275 42 31 ,   31 13 04,      7.225,      0.000,      0.000,       -3.726,        0.372,      6.179
291             ,  221 38 25 ,   42 12 31,      8.338,      0.000,      0.000,       -3.722,       -4.186,      6.176
292             ,  217 59 33 ,   44 28 10,      8.661,      0.000,      0.000,       -3.735,       -4.782,      6.181
293             ,  226 56 17 ,   44 28 05,      8.641,      0.000,      0.000,       -4.422,       -4.133,      6.166
294             ,  233 13 58 ,   41 25 01,      8.218,      0.000,      0.000,       -4.355,       -3.254,      6.163
295             ,  226 47 26 ,   39 58 57,      8.068,      0.000,      0.000,       -3.779,       -3.549,      6.182
296             ,  294 56 01 ,   26 33 16,      7.236,      0.000,      0.000,       -2.933,        1.364,      6.472
297             ,  294 55 56 ,   24 44 54,      7.710,      0.000,      0.000,       -2.927,        1.361,      7.002
298             ,  294 56 06 ,   23 23 37,      8.115,      0.000,      0.000,       -2.922,        1.358,      7.448
299             ,  275 36 52 ,   24 31 51,      7.024,      0.000,      0.000,       -2.902,        0.285,      6.390
300             ,  275 36 54 ,   22 08 47,      7.730,      0.000,      0.000,       -2.900,        0.285,      7.160
301             ,  275 36 59 ,   20 42 02,      8.150,      0.000,      0.000,       -2.867,        0.282,      7.624
302             ,  256 47 37 ,   24 39 43,      7.073,      0.000,      0.000,       -2.873,       -0.674,      6.428
303             ,  256 47 46 ,   22 51 35,      7.587,      0.000,      0.000,       -2.870,       -0.673,      6.991
304             ,  256 47 46 ,   21 24 19,      8.083,      0.000,      0.000,       -2.872,       -0.674,      7.525
305             ,  243 06 22 ,   26 35 13,      7.150,      0.000,      0.000,       -2.854,       -1.447,      6.394
306             ,  243 06 20 ,   24 44 36,      7.633,      0.000,      0.000,       -2.849,       -1.445,      6.932
307             ,  243 06 24 ,   23 14 29,      8.093,      0.000,      0.000,       -2.848,       -1.445,      7.436
308             ,  229 49 22 ,   29 59 42,      7.393,      0.000,      0.000,       -2.824,       -2.384,      6.403
309             ,  229 49 22 ,   28 22 24,      7.782,      0.000,      0.000,       -2.826,       -2.386,      6.847
310             ,  229 49 24 ,   26 51 21,      8.197,      0.000,      0.000,       -2.829,       -2.389,      7.313
311             ,  222 00 38 ,   33 24 03,      7.626,      0.000,      0.000,       -2.810,       -3.119,      6.367
312             ,  222 00 39 ,   31 35 50,      8.000,      0.000,      0.000,       -2.805,       -3.114,      6.814
313             ,  222 00 35 ,   29 44 23,      8.450,      0.000,      0.000,       -2.805,       -3.115,      7.337
314             ,  215 07 08 ,   37 00 54,      8.058,      0.000,      0.000,       -2.791,       -3.968,      6.434
315             ,  215 07 07 ,   34 50 20,      8.473,      0.000,      0.000,       -2.785,       -3.959,      6.954
316             ,  215 07 15 ,   33 21 10,      8.793,      0.000,      0.000,       -2.781,       -3.954,      7.345
317             ,  164 21 40 ,  107 49 34,      4.430,      0.000,      0.000,        1.137,       -4.061,     -1.356
318             ,  171 17 53 ,  107 49 44,      4.328,      0.000,      0.000,        0.623,       -4.073,     -1.325
319             ,  164 28 42 ,   98 51 55,      4.266,      0.000,      0.000,        1.128,       -4.062,     -0.657
320             ,  171 03 10 ,   91 59 03,      4.127,      0.000,      0.000,        0.641,       -4.074,     -0.143
321             ,  164 14 38 ,   84 40 48,      4.241,      0.000,      0.000,        1.147,       -4.065,      0.393
322             ,  170 45 41 ,   75 41 05,      4.259,      0.000,      0.000,        0.662,       -4.073,      1.053
323             ,  163 56 05 ,   69 48 33,      4.505,      0.000,      0.000,        1.170,       -4.063,      1.555
324             ,  171 53 53 ,   61 05 12,      4.698,      0.000,      0.000,        0.580,       -4.071,      2.271
325             ,  166 37 58 ,   59 09 40,      4.870,      0.000,      0.000,        0.967,       -4.068,      2.496
326             ,  163 34 48 ,   55 09 50,      5.161,      0.000,      0.000,        1.197,       -4.063,      2.948
327             ,  168 37 40 ,   50 07 36,      5.406,      0.000,      0.000,        0.818,       -4.067,      3.466
328             ,  172 00 36 ,   44 45 39,      5.837,      0.000,      0.000,        0.571,       -4.070,      4.145
329             ,  165 45 10 ,   44 17 19,      6.006,      0.000,      0.000,        1.032,       -4.065,      4.299
330             ,  163 18 58 ,   41 49 14,      6.361,      0.000,      0.000,        1.218,       -4.063,      4.740
331             ,  167 37 47 ,   37 56 31,      6.781,      0.000,      0.000,        0.893,       -4.072,      5.347
332             ,  171 37 56 ,   35 12 39,      7.134,      0.000,      0.000,        0.599,       -4.070,      5.829
333             ,  167 46 02 ,   34 24 54,      7.364,      0.000,      0.000,        0.882,       -4.068,      6.075
334             ,  164 09 20 ,   34 11 14,      7.522,      0.000,      0.000,        1.154,       -4.066,      6.222
335             ,  168 32 23 ,   30 43 55,      8.128,      0.000,      0.000,        0.825,       -4.071,      6.987
336             ,  164 29 50 ,   29 27 01,      8.586,      0.000,      0.000,        1.128,       -4.068,      7.476
337             ,  169 26 45 ,   29 03 20,      8.527,      0.000,      0.000,        0.758,       -4.071,      7.454
338             ,  189 43 10 ,   29 17 55,      8.504,      0.000,      0.000,       -0.703,       -4.102,      7.416
339             ,  196 32 04 ,   29 37 15,      8.665,      0.000,      0.000,       -1.219,       -4.106,      7.533
340             ,  193 26 48 ,   31 29 47,      8.074,      0.000,      0.000,       -0.981,       -4.103,      6.885
341             ,  189 55 28 ,   33 05 38,      7.623,      0.000,      0.000,       -0.717,       -4.100,      6.386
342             ,  196 27 56 ,   33 19 15,      7.795,      0.000,      0.000,       -1.214,       -4.107,      6.514
343             ,  194 10 38 ,   37 12 56,      6.999,      0.000,      0.000,       -1.037,       -4.104,      5.574
344             ,  189 45 55 ,   37 54 13,      6.769,      0.000,      0.000,       -0.705,       -4.098,      5.341
345             ,  197 41 13 ,   41 04 01,      6.567,      0.000,      0.000,       -1.311,       -4.110,      4.951
346             ,  193 58 02 ,   42 28 05,      6.267,      0.000,      0.000,       -1.021,       -4.106,      4.623
347             ,  191 45 19 ,   50 37 47,      5.417,      0.000,      0.000,       -0.853,       -4.100,      3.436
348             ,  197 12 30 ,   51 09 59,      5.520,      0.000,      0.000,       -1.272,       -4.108,      3.462
349             ,  193 40 14 ,   58 17 49,      4.964,      0.000,      0.000,       -0.998,       -4.104,      2.609
350             ,  190 14 30 ,   63 57 46,      4.632,      0.000,      0.000,       -0.740,       -4.096,      2.033
351             ,  196 52 02 ,   63 58 29,      4.781,      0.000,      0.000,       -1.247,       -4.111,      2.098
352             ,  193 27 06 ,   71 21 00,      4.453,      0.000,      0.000,       -0.981,       -4.103,      1.424
353             ,  192 04 33 ,   80 58 14,      4.213,      0.000,      0.000,       -0.870,       -4.068,      0.661
354             ,  197 02 26 ,   80 58 44,      4.352,      0.000,      0.000,       -1.260,       -4.110,      0.682
355             ,  194 02 46 ,   89 17 10,      4.229,      0.000,      0.000,       -1.026,       -4.103,      0.053
356             ,  190 06 25 ,   94 55 43,      4.175,      0.000,      0.000,       -0.730,       -4.095,     -0.359
357             ,  196 59 53 ,   94 55 37,      4.311,      0.000,      0.000,       -1.256,       -4.107,     -0.370
358             ,  190 04 06 ,  107 35 29,      4.364,      0.000,      0.000,       -0.727,       -4.096,     -1.319
359             ,  198 24 01 ,  101 04 40,      4.409,      0.000,      0.000,       -1.366,       -4.105,     -0.847
360             ,  193 22 15 ,  107 34 09,      4.419,      0.000,      0.000,       -0.974,       -4.099,     -1.334
361             ,  212 47 45 ,  104 32 39,      5.081,      0.000,      0.000,       -2.664,       -4.134,     -1.276
362             ,  217 41 50 ,  103 51 49,      5.398,      0.000,      0.000,       -3.204,       -4.146,     -1.293
363             ,  217 39 05 ,   97 07 39,      5.276,      0.000,      0.000,       -3.198,       -4.145,     -0.655
364             ,  212 55 13 ,   97 57 40,      4.975,      0.000,      0.000,       -2.678,       -4.136,     -0.689
365             ,  216 40 23 ,   91 16 24,      5.175,      0.000,      0.000,       -3.090,       -4.150,     -0.115
366             ,  212 27 29 ,   88 40 55,      4.901,      0.000,      0.000,       -2.629,       -4.134,      0.113
367             ,  217 32 39 ,   81 23 35,      5.291,      0.000,      0.000,       -3.188,       -4.148,      0.792
368             ,  212 47 57 ,   77 35 32,      5.038,      0.000,      0.000,       -2.665,       -4.136,      1.083
369             ,  217 05 46 ,   70 13 51,      5.523,      0.000,      0.000,       -3.135,       -4.146,      1.868
370             ,  213 02 24 ,   70 13 41,      5.241,      0.000,      0.000,       -2.689,       -4.135,      1.773
371             ,  213 02 41 ,   63 18 37,      5.521,      0.000,      0.000,       -2.690,       -4.135,      2.480
372             ,  216 44 27 ,   62 17 26,      5.843,      0.000,      0.000,       -3.094,       -4.145,      2.717
373             ,  212 09 55 ,   56 02 06,      5.888,      0.000,      0.000,       -2.600,       -4.134,      3.290
374             ,  216 31 15 ,   47 34 42,      7.006,      0.000,      0.000,       -3.078,       -4.156,      4.726
375             ,  212 12 14 ,   41 56 46,      7.306,      0.000,      0.000,       -2.603,       -4.133,      5.434
376             ,  213 06 23 ,   38 34 39,      7.937,      0.000,      0.000,       -2.703,       -4.146,      6.205
377             ,  211 57 49 ,   35 59 25,      8.274,      0.000,      0.000,       -2.574,       -4.125,      6.694
378             ,  213 03 00 ,   34 07 37,      8.807,      0.000,      0.000,       -2.695,       -4.142,      7.291
379             ,  211 58 41 ,   33 23 17,      8.830,      0.000,      0.000,       -2.573,       -4.122,      7.373
380             ,  226 46 35 ,   52 54 50,      7.670,      0.000,      0.000,       -4.458,       -4.190,      4.625
381             ,  228 17 40 ,   53 21 10,      7.872,      0.000,      0.000,       -4.715,       -4.202,      4.699
382             ,  228 17 41 ,   49 07 55,      8.351,      0.000,      0.000,       -4.715,       -4.201,      5.464
383             ,  226 37 39 ,   46 54 59,      8.357,      0.000,      0.000,       -4.437,       -4.192,      5.708
384             ,  227 27 04 ,   45 23 51,      8.715,      0.000,      0.000,       -4.571,       -4.196,      6.120
385             ,  219 02 58 ,   92 12 40,      6.295,      0.000,      0.000,       -3.963,       -4.885,     -0.243
386             ,  219 58 20 ,   87 00 19,      6.403,      0.000,      0.000,       -4.108,       -4.900,      0.334
387             ,  218 41 27 ,   79 56 12,      6.365,      0.000,      0.000,       -3.918,       -4.891,      1.112
388             ,  219 51 51 ,   72 57 45,      6.675,      0.000,      0.000,       -4.091,       -4.899,      1.956
389             ,  218 50 53 ,   65 47 50,      6.880,      0.000,      0.000,       -3.936,       -4.887,      2.820
390             ,  218 56 13 ,   62 31 06,      7.081,      0.000,      0.000,       -3.948,       -4.886,      3.268
391             ,  220 19 08 ,   49 28 14,      8.400,      0.000,      0.000,       -4.131,       -4.868,      5.459
392             ,  218 22 31 ,   46 44 55,      8.568,      0.000,      0.000,       -3.874,       -4.893,      5.871
393             ,  203 26 10 ,   35 29 18,      9.044,      0.000,      0.000,       -2.088,       -4.817,      7.364
394             ,  200 01 31 ,   34 57 05,      8.949,      0.000,      0.000,       -1.756,       -4.817,      7.335
395             ,  204 04 52 ,   39 01 59,      8.392,      0.000,      0.000,       -2.157,       -4.825,      6.519
396             ,  199 46 29 ,   39 20 05,      8.085,      0.000,      0.000,       -1.734,       -4.822,      6.253
397             ,  204 44 02 ,   43 23 13,      7.747,      0.000,      0.000,       -2.227,       -4.834,      5.630
398             ,  199 53 26 ,   46 08 55,      7.120,      0.000,      0.000,       -1.747,       -4.828,      4.933
399             ,  204 22 02 ,   52 36 36,      6.688,      0.000,      0.000,       -2.192,       -4.840,      4.061
400             ,  199 11 33 ,   54 37 58,      6.273,      0.000,      0.000,       -1.682,       -4.831,      3.631
401             ,  204 11 16 ,   62 47 30,      5.968,      0.000,      0.000,       -2.175,       -4.842,      2.729
402             ,  199 46 07 ,   67 24 00,      5.559,      0.000,      0.000,       -1.736,       -4.829,      2.136
403             ,  204 15 27 ,   74 11 20,      5.520,      0.000,      0.000,       -2.182,       -4.842,      1.504
404             ,  199 29 16 ,   78 30 35,      5.226,      0.000,      0.000,       -1.708,       -4.828,      1.041
405             ,  204 10 07 ,   84 35 45,      5.330,      0.000,      0.000,       -2.173,       -4.841,      0.502
406             ,  199 43 44 ,   90 21 10,      5.128,      0.000,      0.000,       -1.731,       -4.826,     -0.032
407             ,  204 54 59 ,   96 35 32,      5.376,      0.000,      0.000,       -2.250,       -4.843,     -0.617
408             ,  199 43 44 ,  103 53 21,      5.280,      0.000,      0.000,       -1.730,       -4.825,     -1.267
409             ,  204 39 07 ,  103 52 59,      5.488,      0.000,      0.000,       -2.222,       -4.842,     -1.317
410             ,  182 31 08 ,  105 03 43,      4.977,      0.000,      0.000,       -0.211,       -4.801,     -1.293
411             ,  178 16 31 ,  105 02 41,      4.968,      0.000,      0.000,        0.144,       -4.796,     -1.290
412             ,  183 46 03 ,   97 46 35,      4.862,      0.000,      0.000,       -0.317,       -4.807,     -0.658
413             ,  178 00 32 ,   89 58 07,      4.798,      0.000,      0.000,        0.167,       -4.795,      0.003
414             ,  183 39 45 ,   80 44 58,      4.875,      0.000,      0.000,       -0.307,       -4.802,      0.784
415             ,  177 50 47 ,   71 44 45,      5.052,      0.000,      0.000,        0.180,       -4.794,      1.582
416             ,  183 13 21 ,   64 23 14,      5.332,      0.000,      0.000,       -0.270,       -4.801,      2.305
417             ,  178 13 42 ,   57 52 40,      5.660,      0.000,      0.000,        0.148,       -4.791,      3.009
418             ,  183 17 17 ,   51 44 18,      6.126,      0.000,      0.000,       -0.276,       -4.802,      3.793
419             ,  177 40 22 ,   45 54 46,      6.679,      0.000,      0.000,        0.195,       -4.794,      4.647
420             ,  183 18 40 ,   41 17 13,      7.292,      0.000,      0.000,       -0.278,       -4.803,      5.479
421             ,  177 41 32 ,   37 39 41,      7.842,      0.000,      0.000,        0.193,       -4.788,      6.208
422             ,  182 50 52 ,   35 01 28,      8.381,      0.000,      0.000,       -0.239,       -4.804,      6.863
423             ,  177 52 40 ,   33 02 04,      8.790,      0.000,      0.000,        0.177,       -4.788,      7.369
424             ,  182 56 29 ,   33 02 04,      8.824,      0.000,      0.000,       -0.247,       -4.804,      7.397
425             ,  156 39 30 ,   35 07 51,      8.993,      0.000,      0.000,        2.050,       -4.752,      7.355
426             ,  161 14 13 ,   34 35 17,      8.885,      0.000,      0.000,        1.622,       -4.776,      7.314
427             ,  156 41 52 ,   39 13 16,      8.192,      0.000,      0.000,        2.049,       -4.758,      6.347
428             ,  161 23 05 ,   41 48 07,      7.545,      0.000,      0.000,        1.605,       -4.766,      5.625
429             ,  157 01 40 ,   48 51 59,      6.859,      0.000,      0.000,        2.016,       -4.756,      4.512
430             ,  161 36 39 ,   50 48 07,      6.482,      0.000,      0.000,        1.585,       -4.767,      4.097
431             ,  156 59 39 ,   58 04 45,      6.088,      0.000,      0.000,        2.019,       -4.756,      3.219
432             ,  161 49 07 ,   64 19 02,      5.565,      0.000,      0.000,        1.565,       -4.765,      2.412
433             ,  157 18 46 ,   70 49 47,      5.461,      0.000,      0.000,        1.989,       -4.759,      1.793
434             ,  161 26 57 ,   77 32 29,      5.148,      0.000,      0.000,        1.599,       -4.766,      1.111
435             ,  157 30 24 ,   83 43 20,      5.186,      0.000,      0.000,        1.972,       -4.762,      0.567
436             ,  161 59 53 ,   90 10 53,      5.013,      0.000,      0.000,        1.549,       -4.767,     -0.016
437             ,  157 37 23 ,   94 16 04,      5.167,      0.000,      0.000,        1.962,       -4.764,     -0.385
438             ,  162 20 20 ,   99 25 45,      5.070,      0.000,      0.000,        1.518,       -4.766,     -0.831
439             ,  157 05 01 ,  104 20 24,      5.333,      0.000,      0.000,        2.012,       -4.759,     -1.321
440             ,  162 19 40 ,  104 49 34,      5.173,      0.000,      0.000,        1.518,       -4.765,     -1.324
441             ,  144 20 30 ,  113 08 30,      3.221,      0.000,      0.000,        1.727,       -2.407,     -1.266
442             ,  138 47 31 ,  115 39 26,      2.891,      0.000,      0.000,        1.717,       -1.961,     -1.252
443             ,  144 21 44 ,   96 33 15,      3.000,      0.000,      0.000,        1.736,       -2.422,     -0.342
444             ,  137 33 17 ,   81 39 30,      2.589,      0.000,      0.000,        1.729,       -1.890,      0.376
445             ,  144 33 49 ,   67 07 53,      3.269,      0.000,      0.000,        1.746,       -2.454,      1.270
446             ,  137 51 36 ,   54 07 28,      3.197,      0.000,      0.000,        1.738,       -1.921,      1.873
447             ,  144 10 46 ,   46 02 06,      4.174,      0.000,      0.000,        1.758,       -2.436,      2.897
448             ,  137 29 41 ,   35 09 01,      4.508,      0.000,      0.000,        1.754,       -1.913,      3.686
449             ,  144 11 33 ,   31 13 05,      5.870,      0.000,      0.000,        1.780,       -2.468,      5.020
450             ,  137 22 43 ,   24 44 38,      6.243,      0.000,      0.000,        1.769,       -1.923,      5.670
451             ,  143 49 50 ,   23 50 08,      7.531,      0.000,      0.000,        1.796,       -2.457,      6.889
452             ,  137 34 46 ,   19 51 04,      7.793,      0.000,      0.000,        1.785,       -1.954,      7.330
453             ,  142 29 10 ,   22 07 17,      7.815,      0.000,      0.000,        1.792,       -2.334,      7.240
454             ,   92 19 54 ,   13 22 13,      7.549,      0.000,      0.000,        1.744,       -0.071,      7.344
455             ,  107 43 12 ,   16 46 35,      6.356,      0.000,      0.000,        1.747,       -0.558,      6.085
456             ,   91 26 41 ,   19 17 46,      5.232,      0.000,      0.000,        1.728,       -0.044,      4.938
457             ,  107 10 35 ,   24 34 35,      4.343,      0.000,      0.000,        1.726,       -0.533,      3.950
458             ,   93 16 39 ,   32 16 42,      3.201,      0.000,      0.000,        1.706,       -0.098,      2.706
459             ,  108 02 42 ,   43 12 23,      2.633,      0.000,      0.000,        1.714,       -0.558,      1.919
460             ,   91 25 58 ,   53 45 27,      2.103,      0.000,      0.000,        1.696,       -0.042,      1.243
461             ,  107 55 53 ,   68 31 16,      1.925,      0.000,      0.000,        1.704,       -0.551,      0.705
462             ,   92 06 17 ,   96 09 25,      1.697,      0.000,      0.000,        1.686,       -0.062,     -0.182
463             ,  108 05 07 ,  124 23 22,      2.158,      0.000,      0.000,        1.693,       -0.553,     -1.219
464             ,   90 25 43 ,  127 07 17,      2.104,      0.000,      0.000,        1.678,       -0.013,     -1.270
465             ,   51 06 14 ,  120 28 02,      2.472,      0.000,      0.000,        1.659,        1.338,     -1.254
466             ,   42 12 31 ,  116 46 34,      2.750,      0.000,      0.000,        1.650,        1.819,     -1.239
467             ,   50 49 04 ,  100 02 53,      2.181,      0.000,      0.000,        1.664,        1.357,     -0.380
468             ,   41 52 42 ,   82 47 28,      2.497,      0.000,      0.000,        1.654,        1.845,      0.313
469             ,   51 12 11 ,   63 56 48,      2.389,      0.000,      0.000,        1.673,        1.345,      1.049
470             ,   41 46 25 ,   55 34 01,      3.017,      0.000,      0.000,        1.658,        1.856,      1.706
471             ,   51 49 08 ,   43 56 43,      3.080,      0.000,      0.000,        1.680,        1.321,      2.218
472             ,   42 25 51 ,   36 45 06,      4.134,      0.000,      0.000,        1.669,        1.826,      3.313
473             ,   51 28 19 ,   28 53 19,      4.474,      0.000,      0.000,        1.691,        1.346,      3.918
474             ,   41 26 37 ,   25 31 14,      5.851,      0.000,      0.000,        1.668,        1.889,      5.280
475             ,   48 53 11 ,   23 28 08,      5.628,      0.000,      0.000,        1.689,        1.474,      5.162
476             ,   52 27 19 ,   19 47 18,      6.325,      0.000,      0.000,        1.698,        1.305,      5.951
477             ,   48 26 44 ,   18 57 11,      6.975,      0.000,      0.000,        1.695,        1.503,      6.597
478             ,   51 57 37 ,   16 09 10,      7.764,      0.000,      0.000,        1.701,        1.331,      7.458
479             ,   48 39 09 ,   16 51 22,      7.799,      0.000,      0.000,        1.698,        1.494,      7.464
480             ,   26 50 16 ,   31 26 16,      6.973,      0.000,      0.000,        1.642,        3.245,      5.949
481             ,   24 45 31 ,   33 11 45,      7.132,      0.000,      0.000,        1.635,        3.546,      5.968
482             ,   26 59 41 ,   36 48 19,      6.003,      0.000,      0.000,        1.632,        3.204,      4.806
483             ,   23 09 19 ,   42 52 20,      6.039,      0.000,      0.000,        1.616,        3.778,      4.426
484             ,   26 28 34 ,   46 36 31,      5.022,      0.000,      0.000,        1.627,        3.267,      3.450
485             ,   23 20 28 ,   53 11 22,      5.106,      0.000,      0.000,        1.620,        3.753,      3.059
486             ,   26 57 50 ,   60 41 50,      4.118,      0.000,      0.000,        1.628,        3.200,      2.015
487             ,   23 15 42 ,   72 02 28,      4.299,      0.000,      0.000,        1.615,        3.757,      1.326
488             ,   26 12 52 ,   81 03 39,      3.722,      0.000,      0.000,        1.624,        3.299,      0.578
489             ,   23 43 17 ,   90 09 47,      4.036,      0.000,      0.000,        1.624,        3.695,     -0.011
490             ,   26 49 42 ,  100 31 49,      3.654,      0.000,      0.000,        1.621,        3.206,     -0.668
491             ,   23 01 06 ,  107 12 09,      4.319,      0.000,      0.000,        1.613,        3.798,     -1.277
492             ,   26 48 10 ,  109 27 58,      3.818,      0.000,      0.000,        1.623,        3.213,     -1.272
493             ,   17 15 01 ,  103 13 03,      5.493,      0.000,      0.000,        1.586,        5.107,     -1.256
494             ,   15 29 58 ,  101 52 12,      6.010,      0.000,      0.000,        1.572,        5.668,     -1.236
495             ,   17 05 09 ,   96 39 02,      5.427,      0.000,      0.000,        1.584,        5.153,     -0.629
496             ,   15 41 23 ,   90 49 30,      5.846,      0.000,      0.000,        1.581,        5.628,     -0.084
497             ,   17 17 02 ,   84 35 55,      5.366,      0.000,      0.000,        1.587,        5.101,      0.505
498             ,   15 30 16 ,   79 36 10,      6.020,      0.000,      0.000,        1.583,        5.706,      1.087
499             ,   17 16 39 ,   74 28 33,      5.548,      0.000,      0.000,        1.588,        5.104,      1.485
500             ,   15 35 40 ,   70 53 39,      6.251,      0.000,      0.000,        1.588,        5.689,      2.046
501             ,   17 07 25 ,   65 14 33,      5.926,      0.000,      0.000,        1.584,        5.142,      2.482
502             ,   15 36 05 ,   61 12 24,      6.739,      0.000,      0.000,        1.588,        5.688,      3.246
503             ,   17 15 09 ,   56 00 31,      6.433,      0.000,      0.000,        1.582,        5.093,      3.596
504             ,   15 39 29 ,   53 55 28,      7.279,      0.000,      0.000,        1.588,        5.665,      4.286
505             ,   17 02 14 ,   48 57 38,      7.202,      0.000,      0.000,        1.592,        5.194,      4.729
506             ,   15 42 46 ,   45 11 43,      8.312,      0.000,      0.000,        1.597,        5.677,      5.858
507             ,   16 47 31 ,   42 15 10,      8.205,      0.000,      0.000,        1.594,        5.282,      6.073
508             ,   16 03 08 ,   43 19 01,      8.430,      0.000,      0.000,        1.599,        5.558,      6.134
509             ,   39 22 15 ,  110 43 05,      3.941,      0.000,      0.000,        2.338,        2.850,     -1.394
510             ,   39 22 40 ,   98 21 14,      3.733,      0.000,      0.000,        2.343,        2.855,     -0.542
511             ,   39 22 33 ,   84 02 00,      3.716,      0.000,      0.000,        2.345,        2.857,      0.386
512             ,   39 22 23 ,   70 11 25,      3.933,      0.000,      0.000,        2.347,        2.860,      1.333
513             ,   39 18 41 ,   57 54 16,      4.382,      0.000,      0.000,        2.352,        2.872,      2.328
514             ,   39 17 15 ,   48 34 14,      4.949,      0.000,      0.000,        2.350,        2.872,      3.275
515             ,   39 17 34 ,   40 45 55,      5.686,      0.000,      0.000,        2.351,        2.873,      4.306
516             ,   39 34 56 ,   33 36 59,      6.674,      0.000,      0.000,        2.354,        2.848,      5.558
517             ,   39 41 27 ,   31 15 39,      7.134,      0.000,      0.000,        2.364,        2.849,      6.098
518             ,   68 08 12 ,   19 21 25,      7.862,      0.000,      0.000,        2.419,        0.970,      7.418
519             ,   79 34 26 ,   18 28 35,      7.820,      0.000,      0.000,        2.438,        0.449,      7.417
520             ,   69 28 26 ,   23 12 47,      6.547,      0.000,      0.000,        2.417,        0.905,      6.017
521             ,   80 24 48 ,   25 42 24,      5.695,      0.000,      0.000,        2.436,        0.411,      5.131
522             ,   69 44 32 ,   32 13 47,      4.809,      0.000,      0.000,        2.406,        0.888,      4.068
523             ,   80 47 25 ,   36 33 19,      4.113,      0.000,      0.000,        2.418,        0.392,      3.304
524             ,   69 16 30 ,   45 20 38,      3.601,      0.000,      0.000,        2.396,        0.907,      2.531
525             ,   80 50 16 ,   53 55 52,      3.018,      0.000,      0.000,        2.408,        0.388,      1.777
526             ,   69 14 11 ,   71 31 32,      2.691,      0.000,      0.000,        2.387,        0.905,      0.853
527             ,   81 05 47 ,   86 11 45,      2.434,      0.000,      0.000,        2.399,        0.376,      0.161
528             ,   68 11 00 ,  102 29 00,      2.628,      0.000,      0.000,        2.382,        0.954,     -0.568
529             ,   79 54 51 ,  119 19 33,      2.780,      0.000,      0.000,        2.386,        0.424,     -1.361
530             ,   68 19 57 ,  118 39 44,      2.913,      0.000,      0.000,        2.376,        0.944,     -1.397
531             ,  113 22 28 ,  117 07 47,      2.949,      0.000,      0.000,        2.409,       -1.041,     -1.345
532             ,  121 08 43 ,  115 15 39,      3.128,      0.000,      0.000,        2.421,       -1.463,     -1.335
533             ,  112 58 19 ,  103 49 08,      2.699,      0.000,      0.000,        2.413,       -1.023,     -0.645
534             ,  120 46 49 ,   88 01 43,      2.830,      0.000,      0.000,        2.430,       -1.447,      0.097
535             ,  112 06 57 ,   70 53 08,      2.772,      0.000,      0.000,        2.426,       -0.986,      0.908
536             ,  120 56 35 ,   60 07 34,      3.285,      0.000,      0.000,        2.443,       -1.465,      1.636
537             ,  111 49 32 ,   48 43 10,      3.495,      0.000,      0.000,        2.438,       -0.976,      2.306
538             ,  121 15 25 ,   40 39 07,      4.411,      0.000,      0.000,        2.457,       -1.491,      3.347
539             ,  112 06 11 ,   31 50 54,      5.023,      0.000,      0.000,        2.456,       -0.997,      4.267
540             ,  120 45 15 ,   27 25 13,      6.249,      0.000,      0.000,        2.473,       -1.471,      5.547
541             ,  111 33 44 ,   22 26 33,      6.953,      0.000,      0.000,        2.469,       -0.976,      6.427
542             ,  119 34 45 ,   21 12 33,      7.895,      0.000,      0.000,        2.484,       -1.410,      7.360
543             ,  112 09 08 ,   19 45 53,      7.898,      0.000,      0.000,        2.474,       -1.007,      7.433
544             ,   49 04 48 ,   15 00 29,      7.859,      0.000,      0.000,        1.538,        1.333,      7.591
545             ,   12 39 18 ,    9 39 44,      7.713,      0.000,      0.000,        0.284,        1.263,      7.604
546             ,  320 46 22 ,   12 02 38,      7.784,      0.000,      0.000,       -1.027,        1.258,      7.613
547             ,  301 01 59 ,   17 15 52,      7.981,      0.000,      0.000,       -2.030,        1.221,      7.622
548             ,  295 38 18 ,   21 34 18,      8.199,      0.000,      0.000,       -2.718,        1.304,      7.625
549             ,  269 43 41 ,   19 27 30,      8.085,      0.000,      0.000,       -2.693,       -0.013,      7.623
550             ,  269 43 57 ,   10 46 06,      7.745,      0.000,      0.000,       -1.447,       -0.007,      7.609
551             ,  269 43 51 ,    0 51 01,      7.598,      0.000,      0.000,       -0.113,       -0.001,      7.597
552             ,  271 00 53 ,  348 16 03,      7.746,      0.000,      0.000,        1.575,       -0.028,      7.584
553             ,  112 18 09 ,   18 20 59,      7.989,      0.000,      0.000,        2.327,       -0.954,      7.582
554             ,  135 21 07 ,   11 22 40,      7.740,      0.000,      0.000,        1.073,       -1.086,      7.588
555             ,  196 37 51 ,   11 22 33,      7.751,      0.000,      0.000,       -0.438,       -1.465,      7.599
556             ,  234 23 25 ,   16 30 46,      7.934,      0.000,      0.000,       -1.833,       -1.313,      7.607
557             ,  239 05 16 ,   22 00 29,      8.216,      0.000,      0.000,       -2.641,       -1.582,      7.617
558             ,  222 22 14 ,   26 58 04,      8.544,      0.000,      0.000,       -2.611,       -2.863,      7.615
559             ,  207 18 42 ,   23 59 20,      8.322,      0.000,      0.000,       -1.552,       -3.006,      7.603
560             ,  182 42 46 ,   22 29 11,      8.222,      0.000,      0.000,       -0.149,       -3.141,      7.597
561             ,  161 17 46 ,   23 50 25,      8.295,      0.000,      0.000,        1.075,       -3.176,      7.587
562             ,  146 04 44 ,   27 51 21,      8.571,      0.000,      0.000,        2.235,       -3.323,      7.577
563             ,  155 58 30 ,   32 40 41,      9.013,      0.000,      0.000,        1.981,       -4.444,      7.586
564             ,  161 38 39 ,   32 31 30,      9.002,      0.000,      0.000,        1.524,       -4.594,      7.590
565             ,  180 51 37 ,   31 22 03,      8.908,      0.000,      0.000,       -0.070,       -4.637,      7.606
566             ,  203 04 49 ,   33 02 13,      9.081,      0.000,      0.000,       -1.941,       -4.555,      7.613
567             ,  211 52 21 ,   31 06 20,      8.892,      0.000,      0.000,       -2.426,       -3.901,      7.613
568             ,   13 38 51 ,  103 08 26,      6.487,      0.000,      0.000,        1.490,        6.139,     -1.475
569             ,   10 18 38 ,  103 08 17,      6.485,      0.000,      0.000,        1.130,        6.214,     -1.474
570             ,    3 26 17 ,  103 21 35,      6.363,      0.000,      0.000,        0.371,        6.179,     -1.470
571             ,  358 09 17 ,  103 21 36,      6.339,      0.000,      0.000,       -0.199,        6.164,     -1.465
572             ,  354 20 06 ,  105 43 22,      5.403,      0.000,      0.000,       -0.513,        5.176,     -1.464
573             ,    0 28 55 ,  105 48 59,      5.386,      0.000,      0.000,        0.044,        5.182,     -1.468
574             ,    9 28 12 ,  105 48 30,      5.407,      0.000,      0.000,        0.856,        5.132,     -1.473
575             ,   22 05 42 ,  106 19 42,      5.296,      0.000,      0.000,        1.912,        4.709,     -1.489
576             ,   16 24 44 ,  108 34 42,      4.640,      0.000,      0.000,        1.243,        4.219,     -1.478
577             ,    4 16 57 ,  109 45 57,      4.357,      0.000,      0.000,        0.306,        4.089,     -1.473
578             ,  353 39 16 ,  109 46 17,      4.348,      0.000,      0.000,       -0.452,        4.067,     -1.471
579             ,  339 05 11 ,  114 23 47,      3.566,      0.000,      0.000,       -1.159,        3.034,     -1.473
580             ,  352 07 47 ,  115 51 41,      3.391,      0.000,      0.000,       -0.418,        3.023,     -1.479
581             ,   14 51 14 ,  115 41 08,      3.424,      0.000,      0.000,        0.791,        2.982,     -1.484
582             ,   38 01 40 ,  113 22 23,      3.797,      0.000,      0.000,        2.147,        2.745,     -1.506
583             ,   39 21 48 ,  115 29 17,      3.499,      0.000,      0.000,        2.003,        2.442,     -1.506
584             ,   36 15 34 ,  126 53 40,      2.495,      0.000,      0.000,        1.180,        1.609,     -1.498
585             ,    8 56 04 ,  133 13 39,      2.186,      0.000,      0.000,        0.247,        1.574,     -1.497
586             ,  337 35 23 ,  131 28 59,      2.239,      0.000,      0.000,       -0.639,        1.550,     -1.483
587             ,  313 54 40 ,  123 35 44,      2.655,      0.000,      0.000,       -1.593,        1.534,     -1.469
588             ,  295 28 36 ,  145 00 38,      1.805,      0.000,      0.000,       -0.935,        0.445,     -1.479
589             ,   63 18 41 ,  137 33 36,      2.032,      0.000,      0.000,        1.225,        0.616,     -1.500
590             ,   75 51 17 ,  122 51 11,      2.768,      0.000,      0.000,        2.255,        0.568,     -1.502
591             ,  114 15 55 ,  121 58 07,      2.834,      0.000,      0.000,        2.192,       -0.988,     -1.500
592             ,  139 04 12 ,  134 08 44,      2.152,      0.000,      0.000,        1.012,       -1.167,     -1.499
593             ,  184 35 05 ,  134 08 42,      2.142,      0.000,      0.000,       -0.123,       -1.532,     -1.492
594             ,  230 09 34 ,  122 44 55,      2.716,      0.000,      0.000,       -1.754,       -1.464,     -1.469
595             ,  238 13 36 ,  115 12 13,      3.414,      0.000,      0.000,       -2.626,       -1.627,     -1.454
596             ,  227 25 29 ,  110 15 01,      4.210,      0.000,      0.000,       -2.909,       -2.672,     -1.457
597             ,  217 39 34 ,  114 01 30,      3.608,      0.000,      0.000,       -2.013,       -2.609,     -1.469
598             ,  199 18 02 ,  118 35 33,      3.096,      0.000,      0.000,       -0.899,       -2.566,     -1.482
599             ,  176 48 47 ,  120 49 57,      2.919,      0.000,      0.000,        0.139,       -2.503,     -1.496
600             ,  153 24 15 ,  117 05 30,      3.291,      0.000,      0.000,        1.312,       -2.620,     -1.499
601             ,  153 19 59 ,  110 32 10,      4.288,      0.000,      0.000,        1.802,       -3.589,     -1.504
602             ,  157 30 42 ,  106 50 26,      5.175,      0.000,      0.000,        1.894,       -4.576,     -1.499
603             ,  161 17 06 ,  108 14 07,      4.766,      0.000,      0.000,        1.452,       -4.287,     -1.491
604             ,  168 23 21 ,  112 27 29,      3.891,      0.000,      0.000,        0.724,       -3.523,     -1.487
605             ,  177 17 22 ,  113 15 02,      3.762,      0.000,      0.000,        0.163,       -3.452,     -1.485
606             ,  179 18 59 ,  107 53 13,      4.818,      0.000,      0.000,        0.055,       -4.585,     -1.480
607             ,  183 34 49 ,  107 53 34,      4.810,      0.000,      0.000,       -0.286,       -4.569,     -1.478
608             ,  200 56 38 ,  106 55 48,      5.046,      0.000,      0.000,       -1.726,       -4.508,     -1.469
609             ,  205 14 45 ,  111 12 04,      4.081,      0.000,      0.000,       -1.623,       -3.441,     -1.476
610             ,  211 41 43 ,  109 44 51,      4.354,      0.000,      0.000,       -2.153,       -3.487,     -1.471
611             ,  217 33 54 ,  106 12 33,      5.244,      0.000,      0.000,       -3.070,       -3.991,     -1.464
612             ,  223 41 29 ,  108 20 46,      4.658,      0.000,      0.000,       -3.054,       -3.197,     -1.466
613             ,  225 19 00 ,  115 07 49,      3.445,      0.000,      0.000,       -2.218,       -2.193,     -1.463
614             ,    0 50 53 ,   89 53 49,      6.305,      0.000,      0.000,        0.093,        6.304,      0.011
