#Plane 1. 
-1857.5152058775,6222.9486750121,6188.1750943485 
2630.6317677270,6285.9384531670,6190.8674925149 
-1772.4411404545,1433.6546064748,6165.0539262424 
3205.8478809394,1519.7794894184,6168.1189890078 
3294.3804754245,-4459.0198756431,6139.2458716352 
-1666.4288112928,-4534.3712157636,6136.2422211518 
5164.3467380568,-4430.6163519991,6140.3780911488 
4876.7616446457,-2425.1739222194,6149.9256764130 
#ERRORs at Segment 4: 
,-1666.4288112928,-4534.3712157636,6136.2422211518 
 3294.3804754251,-4459.0198756418,6139.2458716358 
#Plane 6. 
3898.3580308852,-4449.8458647942,-1473.0492134856 
-1666.4288112922,-4534.3712157624,-1485.8849528415 
4429.6496634908,-4441.7759039887,-648.1623879225 
5392.0978029236,-4427.1569672587,3338.3429543199 
5394.8324680416,-4427.1154295428,5285.4731405199 
5164.3467380551,-4430.6163519979,6140.3780911497 
3294.3804754251,-4459.0198756418,6139.2458716358 
3283.2686416331,-4459.1886568877,7600.0535565426 
-1666.4288112929,-4534.3712157630,7596.4986252265 
-1666.4288112923,-4534.3712157622,6136.2422211512 
#ERRORs at Segment 5: 
,5164.3467380550,-4430.6163519972,6140.3780911479 
 3294.3804754251,-4459.0198756418,6139.2458716358 
#Plane 7. 
 287.7926275001,6275.9813967961,-1444.4639168139 
3504.3886422629,-2559.1010950989,-1467.4634704066 
2024.0429445002,6292.4735759064,1179.2240060968 
4151.1019091312,-2439.2571049328,-427.5674472980 
#ERRORs at Segment 2: 
,2024.0429444974,6292.4735759064,1179.2240060963 
 4151.1019091312,-2439.2571049328,-427.5674472980 
#Plane 7. 
 287.7926275001,6275.9813967961,-1444.4639168139 
3504.3886422629,-2559.1010950989,-1467.4634704066 
2024.0429445002,6292.4735759064,1179.2240060968 
4151.1019091312,-2439.2571049328,-427.5674472980 
#ERRORs at Segment 3: 
,3504.3886422601,-2559.1010951037,-1467.4634704068 
 4151.1019091325,-2439.2571049399,-427.5674472967 
#Plane 8. 
2024.0429444974,6292.4735759064,1179.2240060963 
4153.2095381565,-2447.9090743094,-429.1595612737 
2855.0790090621,6293.9006826628,4588.4953544153 
5111.0150813939,-2388.0248516992,3569.0655778435 
#ERRORs at Segment 0: 
,2024.0429444974,6292.4735759064,1179.2240060963 
 4153.2095381565,-2447.9090743094,-429.1595612737 
#Plane 8. 
2024.0429444974,6292.4735759064,1179.2240060963 
4153.2095381565,-2447.9090743094,-429.1595612737 
2855.0790090621,6293.9006826628,4588.4953544153 
5111.0150813939,-2388.0248516992,3569.0655778435 
#ERRORs at Segment 2: 
,2855.0790090644,6293.9006826608,4588.4953544222 
 5111.0150813939,-2388.0248516992,3569.0655778435 
#Plane 8. 
2024.0429444974,6292.4735759064,1179.2240060963 
4153.2095381565,-2447.9090743094,-429.1595612737 
2855.0790090621,6293.9006826628,4588.4953544153 
5111.0150813939,-2388.0248516992,3569.0655778435 
#ERRORs at Segment 3: 
,4153.2095381553,-2447.9090743184,-429.1595612790 
 5111.0150813943,-2388.0248516962,3569.0655777967 
#Plane 9. 
2855.0790090644,6293.9006826608,4588.4953544222 
5082.9207214402,-2279.9042608522,3581.7610737142 
2846.6536467304,6291.3854738747,5386.7036505940 
5113.3854579116,-2474.2633710854,5321.3165666192 
#ERRORs at Segment 0: 
,2855.0790090644,6293.9006826608,4588.4953544222 
 5082.9207214402,-2279.9042608522,3581.7610737142 
#Plane 9. 
2855.0790090644,6293.9006826608,4588.4953544222 
5082.9207214402,-2279.9042608522,3581.7610737142 
2846.6536467304,6291.3854738747,5386.7036505940 
5113.3854579116,-2474.2633710854,5321.3165666192 
#ERRORs at Segment 2: 
,2846.6536467282,6291.3854738723,5386.7036505888 
 5113.3854579116,-2474.2633710854,5321.3165666192 
#Plane 9. 
2855.0790090644,6293.9006826608,4588.4953544222 
5082.9207214402,-2279.9042608522,3581.7610737142 
2846.6536467304,6291.3854738747,5386.7036505940 
5113.3854579116,-2474.2633710854,5321.3165666192 
#ERRORs at Segment 3: 
,5082.9207214241,-2279.9042608391,3581.7610736629 
 5113.3854578931,-2474.2633711025,5321.3165666979 
#Plane 10. 
2846.6536467282,6291.3854738723,5386.7036505888 
5100.3522244643,-2423.8627250318,5321.6925286653 
2630.6317677288,6285.9384531659,6190.8674925150 
4876.7616446438,-2425.1739222144,6149.9256764135 
#ERRORs at Segment 0: 
,2846.6536467282,6291.3854738723,5386.7036505888 
 5100.3522244643,-2423.8627250318,5321.6925286653 
#Plane 10. 
2846.6536467282,6291.3854738723,5386.7036505888 
5100.3522244643,-2423.8627250318,5321.6925286653 
2630.6317677288,6285.9384531659,6190.8674925150 
4876.7616446438,-2425.1739222144,6149.9256764135 
#ERRORs at Segment 3: 
,4876.7616446284,-2425.1739222176,6149.9256764135 
 5100.3522244688,-2423.8627250516,5321.6925286080 
#Plane 11. 
3504.3886422643,-2559.1010951049,-1467.4634704070 
3898.3580308860,-4449.8458647951,-1473.0492134858 
4152.7597628627,-2438.9498840798,-424.9016669745 
4429.6496634924,-4441.7759039889,-648.1623879222 
#ERRORs at Segment 1: 
,3504.3886422601,-2559.1010951037,-1467.4634704068 
 4152.7597628627,-2438.9498840798,-424.9016669745 
#Plane 11. 
3504.3886422643,-2559.1010951049,-1467.4634704070 
3898.3580308860,-4449.8458647951,-1473.0492134858 
4152.7597628627,-2438.9498840798,-424.9016669745 
4429.6496634924,-4441.7759039889,-648.1623879222 
#ERRORs at Segment 2: 
,4429.6496634924,-4441.7759039889,-648.1623879222 
 4152.7597628637,-2438.9498840850,-424.9016669776 
#Plane 12. 
4429.6496634924,-4441.7759039889,-648.1623879222 
4153.9916073903,-2447.8601775437,-425.8949227680 
5098.5272663063,-2388.8056188405,3516.9369421155 
5392.0978029190,-4427.1569672575,3338.3429543227 
#ERRORs at Segment 0: 
,4429.6496634924,-4441.7759039889,-648.1623879222 
 4153.9916073903,-2447.8601775437,-425.8949227680 
#Plane 12. 
4429.6496634924,-4441.7759039889,-648.1623879222 
4153.9916073903,-2447.8601775437,-425.8949227680 
5098.5272663063,-2388.8056188405,3516.9369421155 
5392.0978029190,-4427.1569672575,3338.3429543227 
#ERRORs at Segment 1: 
,4153.9916073862,-2447.8601775373,-425.8949227709 
 5098.5272663063,-2388.8056188405,3516.9369421155 
#Plane 12. 
4429.6496634924,-4441.7759039889,-648.1623879222 
4153.9916073903,-2447.8601775437,-425.8949227680 
5098.5272663063,-2388.8056188405,3516.9369421155 
5392.0978029190,-4427.1569672575,3338.3429543227 
#ERRORs at Segment 2: 
,5392.0978029190,-4427.1569672575,3338.3429543227 
 5098.5272663015,-2388.8056188230,3516.9369421673 
#Plane 13. 
5392.0978029190,-4427.1569672575,3338.3429543227 
5081.9619473420,-2273.7874680660,3527.0144738127 
5113.0137760547,-2471.8921130582,5300.0933014194 
5394.8324680328,-4427.1154295429,5285.4731405277 
#ERRORs at Segment 0: 
,5392.0978029190,-4427.1569672575,3338.3429543227 
 5081.9619473420,-2273.7874680660,3527.0144738127 
#Plane 13. 
5392.0978029190,-4427.1569672575,3338.3429543227 
5081.9619473420,-2273.7874680660,3527.0144738127 
5113.0137760547,-2471.8921130582,5300.0933014194 
5394.8324680328,-4427.1154295429,5285.4731405277 
#ERRORs at Segment 1: 
,5081.9619473318,-2273.7874680774,3527.0144737534 
 5113.0137760547,-2471.8921130582,5300.0933014194 
#Plane 13. 
5392.0978029190,-4427.1569672575,3338.3429543227 
5081.9619473420,-2273.7874680660,3527.0144738127 
5113.0137760547,-2471.8921130582,5300.0933014194 
5394.8324680328,-4427.1154295429,5285.4731405277 
#ERRORs at Segment 2: 
,5394.8324680328,-4427.1154295429,5285.4731405277 
 5113.0137760660,-2471.8921130186,5300.0933013427 
#Plane 14. 
5394.8324680328,-4427.1154295429,5285.4731405277 
5106.0861502365,-2423.8290996832,5300.4526919956 
4876.7616446284,-2425.1739222176,6149.9256764135 
5164.3467380568,-4430.6163519991,6140.3780911488 
#ERRORs at Segment 0: 
,5394.8324680328,-4427.1154295429,5285.4731405277 
 5106.0861502365,-2423.8290996832,5300.4526919956 
#Plane 14. 
5394.8324680328,-4427.1154295429,5285.4731405277 
5106.0861502365,-2423.8290996832,5300.4526919956 
4876.7616446284,-2425.1739222176,6149.9256764135 
5164.3467380568,-4430.6163519991,6140.3780911488 
#ERRORs at Segment 1: 
,4876.7616446284,-2425.1739222176,6149.9256764135 
 5106.0861502456,-2423.8290997207,5300.4526919444 
