#OKS At    -5 : After 3 points 
3.793775, 6.976817, -0.003000 
3.773071, 3.163056, -0.003000 
2.626050, 6.986602, -0.003000 
#OKS At     0 : After 5 points 
3.729415, -4.878519, 0.002000 
3.793775, 6.976821, 0.002000 
-1.734288, 7.023143, 0.002000 
-1.930333, 5.961759, 0.002000 
1.314458, -4.854613, 0.002000 
#OKS At   100 : After 6 points 
-3.339033, -1.518510, 0.102000 
-3.363377, -4.808308, 0.102000 
3.729415, -4.878519, 0.102000 
3.793776, 6.976904, 0.102000 
-1.798014, 7.023761, 0.102000 
-3.193654, -0.532205, 0.102000 
#OKS At   200 : After 6 points 
-3.364891, -1.519818, 0.202000 
-3.389224, -4.808052, 0.202000 
3.729415, -4.878519, 0.202000 
3.793776, 6.976988, 0.202000 
-1.861740, 7.024379, 0.202000 
-3.068502, 0.490996, 0.202000 
#OKS At   300 : After 6 points 
-3.390749, -1.521126, 0.302000 
-3.415070, -4.807796, 0.302000 
3.729415, -4.878519, 0.302000 
3.793777, 6.977071, 0.302000 
-1.925466, 7.024996, 0.302000 
-2.943349, 1.514197, 0.302000 
#OKS At   400 : After 6 points 
-3.416607, -1.522434, 0.402000 
-3.440917, -4.807540, 0.402000 
3.729415, -4.878519, 0.402000 
3.793777, 6.977155, 0.402000 
-1.989192, 7.025614, 0.402000 
-2.818197, 2.537398, 0.402000 
#OKS At   500 : After 6 points 
-3.442465, -1.523742, 0.502000 
-3.466763, -4.807284, 0.502000 
3.729415, -4.878519, 0.502000 
3.793778, 6.977239, 0.502000 
-2.052918, 7.026231, 0.502000 
-2.693045, 3.560599, 0.502000 
#OKS At   600 : After 6 points 
-3.468324, -1.525049, 0.602000 
-3.492610, -4.807028, 0.602000 
3.729415, -4.878519, 0.602000 
3.793778, 6.977322, 0.602000 
-2.116644, 7.026849, 0.602000 
-2.567893, 4.583800, 0.602000 
#OKS At   700 : After 6 points 
-3.494182, -1.526357, 0.702000 
-3.518456, -4.806772, 0.702000 
3.729415, -4.878519, 0.702000 
3.793779, 6.977406, 0.702000 
-2.180371, 7.027467, 0.702000 
-2.442741, 5.607001, 0.702000 
#OKS At   800 : After 6 points 
-3.520040, -1.527665, 0.802000 
-3.544303, -4.806517, 0.802000 
3.729415, -4.878519, 0.802000 
3.793779, 6.977489, 0.802000 
-2.244097, 7.028084, 0.802000 
-2.317588, 6.630202, 0.802000 
#OKS At   900 : After 5 points 
-3.521097, -1.367793, 0.902000 
-3.546137, -4.806498, 0.902000 
3.729415, -4.878519, 0.902000 
3.793780, 6.977573, 0.902000 
-2.283828, 7.028501, 0.902000 
#OKS At  1000 : After 5 points 
-3.519190, -1.188650, 1.002000 
-3.545534, -4.806504, 1.002000 
3.729415, -4.878519, 1.002000 
3.793780, 6.977656, 1.002000 
-2.308276, 7.028789, 1.002000 
#OKS At  1100 : After 5 points 
-3.517282, -1.009507, 1.102000 
-3.544931, -4.806510, 1.102000 
3.729415, -4.878519, 1.102000 
3.793780, 6.977740, 1.102000 
-2.332724, 7.029078, 1.102000 
#OKS At  1200 : After 5 points 
-3.515375, -0.830364, 1.202000 
-3.544328, -4.806516, 1.202000 
3.729415, -4.878519, 1.202000 
3.793781, 6.977824, 1.202000 
-2.357172, 7.029366, 1.202000 
#OKS At  1300 : After 5 points 
-3.513467, -0.651222, 1.302000 
-3.543725, -4.806522, 1.302000 
3.729415, -4.878519, 1.302000 
3.793781, 6.977907, 1.302000 
-2.381621, 7.029654, 1.302000 
#OKS At  1400 : After 5 points 
-3.511559, -0.472079, 1.402000 
-3.543122, -4.806528, 1.402000 
3.729415, -4.878519, 1.402000 
3.793782, 6.977991, 1.402000 
-2.406069, 7.029943, 1.402000 
#OKS At  1500 : After 5 points 
-3.509652, -0.292936, 1.502000 
-3.542519, -4.806534, 1.502000 
3.729415, -4.878519, 1.502000 
3.793782, 6.978074, 1.502000 
-2.430517, 7.030231, 1.502000 
#OKS At  1600 : After 5 points 
-3.507744, -0.113793, 1.602000 
-3.541916, -4.806540, 1.602000 
3.729415, -4.878519, 1.602000 
3.793783, 6.978158, 1.602000 
-2.454965, 7.030520, 1.602000 
#OKS At  1700 : After 5 points 
-3.505837, 0.065350, 1.702000 
-3.541313, -4.806546, 1.702000 
3.729415, -4.878519, 1.702000 
3.793783, 6.978242, 1.702000 
-2.479413, 7.030808, 1.702000 
#OKS At  1800 : After 5 points 
-3.503929, 0.244492, 1.802000 
-3.540710, -4.806552, 1.802000 
3.729415, -4.878519, 1.802000 
3.793784, 6.978325, 1.802000 
-2.503862, 7.031097, 1.802000 
#OKS At  1900 : After 5 points 
-3.502021, 0.423635, 1.902000 
-3.540107, -4.806558, 1.902000 
3.729415, -4.878519, 1.902000 
3.793784, 6.978409, 1.902000 
-2.528310, 7.031385, 1.902000 
#OKS At  2000 : After 5 points 
-3.500114, 0.602778, 2.002000 
-3.539504, -4.806564, 2.002000 
3.729415, -4.878519, 2.002000 
3.793785, 6.978492, 2.002000 
-2.552758, 7.031674, 2.002000 
#OKS At  2100 : After 5 points 
-3.498206, 0.781921, 2.102000 
-3.538901, -4.806570, 2.102000 
3.729415, -4.878519, 2.102000 
3.793785, 6.978576, 2.102000 
-2.577206, 7.031962, 2.102000 
#OKS At  2200 : After 5 points 
-3.496299, 0.961064, 2.202000 
-3.538298, -4.806576, 2.202000 
3.729415, -4.878519, 2.202000 
3.793785, 6.978659, 2.202000 
-2.601654, 7.032250, 2.202000 
#OKS At  2300 : After 5 points 
-3.494391, 1.140207, 2.302000 
-3.537694, -4.806582, 2.302000 
3.729415, -4.878519, 2.302000 
3.793786, 6.978743, 2.302000 
-2.626103, 7.032539, 2.302000 
#OKS At  2400 : After 5 points 
-3.492483, 1.319349, 2.402000 
-3.537091, -4.806588, 2.402000 
3.729415, -4.878519, 2.402000 
3.793786, 6.978827, 2.402000 
-2.650551, 7.032827, 2.402000 
#OKS At  2500 : After 5 points 
-3.490576, 1.498492, 2.502000 
-3.536488, -4.806594, 2.502000 
3.729415, -4.878519, 2.502000 
3.793787, 6.978910, 2.502000 
-2.674999, 7.033116, 2.502000 
#OKS At  2600 : After 5 points 
-3.488668, 1.677635, 2.602000 
-3.535885, -4.806600, 2.602000 
3.729415, -4.878519, 2.602000 
3.793787, 6.978994, 2.602000 
-2.699447, 7.033404, 2.602000 
#OKS At  2700 : After 5 points 
-3.486761, 1.856778, 2.702000 
-3.535282, -4.806606, 2.702000 
3.729415, -4.878519, 2.702000 
3.793788, 6.979077, 2.702000 
-2.723895, 7.033693, 2.702000 
#OKS At  2800 : After 5 points 
-3.484853, 2.035921, 2.802000 
-3.534679, -4.806612, 2.802000 
3.729415, -4.878519, 2.802000 
3.793788, 6.979161, 2.802000 
-2.748344, 7.033981, 2.802000 
#OKS At  2900 : After 5 points 
-3.482945, 2.215063, 2.902000 
-3.534076, -4.806618, 2.902000 
3.729415, -4.878519, 2.902000 
3.793789, 6.979245, 2.902000 
-2.772792, 7.034270, 2.902000 
#OKS At  3000 : After 5 points 
-3.481038, 2.394206, 3.002000 
-3.533473, -4.806624, 3.002000 
3.729415, -4.878519, 3.002000 
3.793789, 6.979328, 3.002000 
-2.797240, 7.034558, 3.002000 
#OKS At  3100 : After 5 points 
-3.479130, 2.573349, 3.102000 
-3.532870, -4.806630, 3.102000 
3.729415, -4.878519, 3.102000 
3.793789, 6.979412, 3.102000 
-2.821688, 7.034847, 3.102000 
#OKS At  3200 : After 5 points 
-3.477223, 2.752492, 3.202000 
-3.532267, -4.806636, 3.202000 
3.729415, -4.878519, 3.202000 
3.793790, 6.979495, 3.202000 
-2.846136, 7.035135, 3.202000 
#OKS At  3300 : After 5 points 
-3.475315, 2.931635, 3.302000 
-3.531664, -4.806642, 3.302000 
3.729415, -4.878519, 3.302000 
3.793790, 6.979579, 3.302000 
-2.870585, 7.035423, 3.302000 
#OKS At  3400 : After 5 points 
-3.473407, 3.110778, 3.402000 
-3.531061, -4.806648, 3.402000 
3.729415, -4.878519, 3.402000 
3.793791, 6.979662, 3.402000 
-2.895033, 7.035712, 3.402000 
#OKS At  3500 : After 5 points 
-3.471500, 3.289920, 3.502000 
-3.530458, -4.806654, 3.502000 
3.729415, -4.878519, 3.502000 
3.793791, 6.979746, 3.502000 
-2.919481, 7.036000, 3.502000 
#OKS At  3600 : After 5 points 
-3.469592, 3.469063, 3.602000 
-3.529855, -4.806660, 3.602000 
3.729415, -4.878519, 3.602000 
3.793792, 6.979830, 3.602000 
-2.943929, 7.036289, 3.602000 
#OKS At  3700 : After 5 points 
-3.467685, 3.648206, 3.702000 
-3.529252, -4.806666, 3.702000 
3.729415, -4.878519, 3.702000 
3.793792, 6.979913, 3.702000 
-2.968377, 7.036577, 3.702000 
#OKS At  3800 : After 5 points 
-3.465777, 3.827349, 3.802000 
-3.528649, -4.806672, 3.802000 
3.729415, -4.878519, 3.802000 
3.793793, 6.979997, 3.802000 
-2.992826, 7.036866, 3.802000 
#OKS At  3900 : After 5 points 
-3.463869, 4.006492, 3.902000 
-3.528045, -4.806678, 3.902000 
3.729415, -4.878519, 3.902000 
3.793793, 6.980080, 3.902000 
-3.017274, 7.037154, 3.902000 
#OKS At  4000 : After 5 points 
-3.461962, 4.185634, 4.002000 
-3.527442, -4.806683, 4.002000 
3.729415, -4.878519, 4.002000 
3.793794, 6.980164, 4.002000 
-3.041722, 7.037443, 4.002000 
#OKS At  4100 : After 5 points 
-3.460054, 4.364777, 4.102000 
-3.526839, -4.806689, 4.102000 
3.729415, -4.878519, 4.102000 
3.793794, 6.980248, 4.102000 
-3.066170, 7.037731, 4.102000 
#OKS At  4200 : After 5 points 
-3.458147, 4.543920, 4.202000 
-3.526236, -4.806695, 4.202000 
3.729415, -4.878519, 4.202000 
3.793794, 6.980331, 4.202000 
-3.090619, 7.038019, 4.202000 
#OKS At  4300 : After 5 points 
-3.456239, 4.723063, 4.302000 
-3.525633, -4.806701, 4.302000 
3.729415, -4.878519, 4.302000 
3.793795, 6.980415, 4.302000 
-3.115067, 7.038308, 4.302000 
#OKS At  4400 : After 5 points 
-3.454331, 4.902206, 4.402000 
-3.525030, -4.806707, 4.402000 
3.729415, -4.878519, 4.402000 
3.793795, 6.980498, 4.402000 
-3.139515, 7.038596, 4.402000 
#OKS At  4500 : After 5 points 
-3.452424, 5.081348, 4.502000 
-3.524427, -4.806713, 4.502000 
3.729415, -4.878519, 4.502000 
3.793796, 6.980582, 4.502000 
-3.163963, 7.038885, 4.502000 
#OKS At  4600 : After 5 points 
-3.450516, 5.260491, 4.602000 
-3.523824, -4.806719, 4.602000 
3.729415, -4.878519, 4.602000 
3.793796, 6.980665, 4.602000 
-3.188411, 7.039173, 4.602000 
#OKS At  4700 : After 6 points 
-3.448797, 5.413809, 4.702000 
-3.523221, -4.806725, 4.702000 
3.729415, -4.878519, 4.702000 
3.793797, 6.980749, 4.702000 
-3.212860, 7.039462, 4.702000 
-3.398518, 5.779557, 4.702000 
#OKS At  4800 : After 5 points 
-3.448206, 5.412077, 4.802000 
-3.522618, -4.806731, 4.802000 
3.729415, -4.878519, 4.802000 
3.793797, 6.980833, 4.802000 
-3.224467, 7.039643, 4.802000 
#OKS At  4900 : After 5 points 
-3.447616, 5.410345, 4.902000 
-3.522015, -4.806737, 4.902000 
3.729415, -4.878519, 4.902000 
3.793798, 6.980916, 4.902000 
-3.223628, 7.039719, 4.902000 
#OKS At  5000 : After 5 points 
-3.447025, 5.408613, 5.002000 
-3.521412, -4.806743, 5.002000 
3.729415, -4.878519, 5.002000 
3.793798, 6.981000, 5.002000 
-3.222789, 7.039796, 5.002000 
#OKS At  5100 : After 5 points 
-3.446435, 5.406881, 5.102000 
-3.520809, -4.806749, 5.102000 
3.729415, -4.878519, 5.102000 
3.793799, 6.981083, 5.102000 
-3.221950, 7.039872, 5.102000 
#OKS At  5200 : After 5 points 
-3.445844, 5.405149, 5.202000 
-3.520206, -4.806755, 5.202000 
3.729415, -4.878519, 5.202000 
3.793799, 6.981167, 5.202000 
-3.221111, 7.039949, 5.202000 
#OKS At  5300 : After 5 points 
-3.445254, 5.403417, 5.302000 
-3.519603, -4.806761, 5.302000 
3.729415, -4.878519, 5.302000 
3.793799, 6.981250, 5.302000 
-3.220272, 7.040025, 5.302000 
#OKS At  5400 : After 5 points 
-3.444663, 5.401684, 5.402000 
-3.518999, -4.806767, 5.402000 
3.729415, -4.878519, 5.402000 
3.793800, 6.981334, 5.402000 
-3.219432, 7.040102, 5.402000 
#OKS At  5500 : After 5 points 
-3.444073, 5.399952, 5.502000 
-3.518396, -4.806773, 5.502000 
3.729415, -4.878519, 5.502000 
3.793800, 6.981418, 5.502000 
-3.218593, 7.040178, 5.502000 
#OKS At  5600 : After 5 points 
-3.443482, 5.398220, 5.602000 
-3.517793, -4.806779, 5.602000 
3.729415, -4.878519, 5.602000 
3.793801, 6.981501, 5.602000 
-3.217754, 7.040255, 5.602000 
#OKS At  5700 : After 5 points 
-3.442892, 5.396488, 5.702000 
-3.517190, -4.806785, 5.702000 
3.729415, -4.878519, 5.702000 
3.793801, 6.981585, 5.702000 
-3.216915, 7.040332, 5.702000 
#OKS At  5800 : After 5 points 
-3.442301, 5.394756, 5.802000 
-3.516587, -4.806791, 5.802000 
3.729415, -4.878519, 5.802000 
3.793802, 6.981668, 5.802000 
-3.216076, 7.040408, 5.802000 
#OKS At  5900 : After 5 points 
-3.441711, 5.393024, 5.902000 
-3.515984, -4.806797, 5.902000 
3.729415, -4.878519, 5.902000 
3.793802, 6.981752, 5.902000 
-3.215237, 7.040485, 5.902000 
#OKS At  6000 : After 5 points 
-3.441120, 5.391292, 6.002000 
-3.515381, -4.806803, 6.002000 
3.729415, -4.878519, 6.002000 
3.793803, 6.981836, 6.002000 
-3.214398, 7.040561, 6.002000 
#OKS At  6100 : After 5 points 
-3.440530, 5.389559, 6.102000 
-3.514778, -4.806809, 6.102000 
3.729415, -4.878519, 6.102000 
3.793803, 6.981919, 6.102000 
-3.213558, 7.040638, 6.102000 
#OKS At  6200 : After 5 points 
-3.439939, 5.387827, 6.202000 
-3.514175, -4.806815, 6.202000 
3.729415, -4.878519, 6.202000 
3.793804, 6.982003, 6.202000 
-3.212719, 7.040714, 6.202000 
#OKS At  6300 : After 5 points 
-3.439349, 5.386095, 6.302000 
-3.513572, -4.806821, 6.302000 
3.729415, -4.878519, 6.302000 
3.793804, 6.982086, 6.302000 
-3.211880, 7.040791, 6.302000 
#OKS At  6400 : After 5 points 
-3.438758, 5.384363, 6.402000 
-3.512969, -4.806827, 6.402000 
3.729415, -4.878519, 6.402000 
3.793804, 6.982170, 6.402000 
-3.211041, 7.040867, 6.402000 
#OKS At  6500 : After 5 points 
-3.438168, 5.382631, 6.502000 
-3.512366, -4.806833, 6.502000 
3.729415, -4.878519, 6.502000 
3.793805, 6.982253, 6.502000 
-3.210202, 7.040944, 6.502000 
#OKS At  6600 : After 5 points 
-3.437577, 5.380899, 6.602000 
-3.511763, -4.806839, 6.602000 
3.729415, -4.878519, 6.602000 
3.793805, 6.982337, 6.602000 
-3.209363, 7.041021, 6.602000 
#OKS At  6700 : After 5 points 
-3.436987, 5.379167, 6.702000 
-3.511160, -4.806845, 6.702000 
3.729415, -4.878519, 6.702000 
3.793806, 6.982421, 6.702000 
-3.208524, 7.041097, 6.702000 
#OKS At  6800 : After 5 points 
-3.434175, 5.379262, 6.802000 
-3.504363, -4.806912, 6.802000 
3.729415, -4.878519, 6.802000 
3.793806, 6.982504, 6.802000 
-3.197569, 7.041089, 6.802000 
#OKS At  6900 : After 5 points 
-3.408641, 5.398055, 6.902000 
-3.479906, -4.807154, 6.902000 
3.729415, -4.878519, 6.902000 
3.793807, 6.982588, 6.902000 
-3.174726, 7.040981, 6.902000 
#OKS At  7000 : After 5 points 
-3.383107, 5.416848, 7.002000 
-3.455449, -4.807396, 7.002000 
3.729415, -4.878519, 7.002000 
3.793807, 6.982671, 7.002000 
-3.151884, 7.040873, 7.002000 
#OKS At  7100 : After 5 points 
-3.357574, 5.435641, 7.102000 
-3.430992, -4.807638, 7.102000 
3.729415, -4.878519, 7.102000 
3.793808, 6.982755, 7.102000 
-3.129041, 7.040765, 7.102000 
#OKS At  7200 : After 5 points 
-3.332040, 5.454434, 7.202000 
-3.406535, -4.807880, 7.202000 
3.729415, -4.878519, 7.202000 
3.793808, 6.982839, 7.202000 
-3.106198, 7.040658, 7.202000 
#OKS At  7300 : After 5 points 
-3.306506, 5.473227, 7.302000 
-3.382078, -4.808122, 7.302000 
3.729415, -4.878519, 7.302000 
3.793809, 6.982922, 7.302000 
-3.083355, 7.040550, 7.302000 
#OKS At  7400 : After 5 points 
-3.280972, 5.492021, 7.402000 
-3.357620, -4.808365, 7.402000 
3.729415, -4.878519, 7.402000 
3.793809, 6.983006, 7.402000 
-3.060512, 7.040442, 7.402000 
#OKS At  7500 : After 5 points 
-3.255438, 5.510814, 7.502000 
-3.333163, -4.808607, 7.502000 
3.729415, -4.878519, 7.502000 
3.793809, 6.983089, 7.502000 
-3.037670, 7.040334, 7.502000 
#OKS At  7600 : After 6 points 
-3.229904, 5.529607, 7.602000 
-3.302685, -4.020569, 7.602000 
-3.241276, -4.809516, 7.602000 
3.729415, -4.878519, 7.602000 
3.793810, 6.983173, 7.602000 
-3.014827, 7.040226, 7.602000 
#OKS At  7700 : After 4 points 
-1.223357, -4.829492, 7.702000 
-1.127166, 7.024492, 7.702000 
3.793810, 6.983256, 7.702000 
3.729415, -4.878519, 7.702000 
#OKS At  7800 : After 4 points 
-1.222972, -4.829495, 7.802000 
-1.126781, 7.024572, 7.802000 
3.793811, 6.983340, 7.802000 
3.729415, -4.878519, 7.802000 
#OKS At  7900 : After 4 points 
-1.222588, -4.829499, 7.902000 
-1.126395, 7.024653, 7.902000 
3.793811, 6.983424, 7.902000 
3.729415, -4.878519, 7.902000 
#OKS At  8000 : After 4 points 
-1.222203, -4.829503, 8.002000 
-1.126010, 7.024733, 8.002000 
3.793812, 6.983507, 8.002000 
3.729415, -4.878519, 8.002000 
#OKS At  8100 : After 4 points 
-1.221819, -4.829507, 8.102000 
-1.125625, 7.024814, 8.102000 
3.793812, 6.983591, 8.102000 
3.729415, -4.878519, 8.102000 
#OKS At  8200 : After 4 points 
-1.221434, -4.829511, 8.202000 
-1.125240, 7.024894, 8.202000 
3.793813, 6.983674, 8.202000 
3.729415, -4.878519, 8.202000 
#OKS At  8300 : After 4 points 
-1.221050, -4.829514, 8.302000 
-1.124854, 7.024974, 8.302000 
3.793813, 6.983758, 8.302000 
3.729415, -4.878519, 8.302000 
#OKS At  8400 : After 4 points 
-1.220665, -4.829518, 8.402000 
-1.124469, 7.025055, 8.402000 
3.793814, 6.983841, 8.402000 
3.729415, -4.878519, 8.402000 
#OKS At  8500 : After 4 points 
-1.220281, -4.829522, 8.502000 
-1.124084, 7.025135, 8.502000 
3.793814, 6.983925, 8.502000 
3.729415, -4.878519, 8.502000 
#OKS At  8600 : After 4 points 
-1.219896, -4.829526, 8.602000 
-1.123699, 7.025215, 8.602000 
3.793814, 6.984009, 8.602000 
3.729415, -4.878519, 8.602000 
#OKS At  8700 : After 4 points 
-1.219512, -4.829530, 8.702000 
-1.123314, 7.025296, 8.702000 
3.793815, 6.984092, 8.702000 
3.729415, -4.878519, 8.702000 
#OKS At  8800 : After 4 points 
-1.219127, -4.829533, 8.802000 
-1.122928, 7.025376, 8.802000 
3.793815, 6.984176, 8.802000 
3.729415, -4.878519, 8.802000 
#OKS At  8900 : After 4 points 
-1.218743, -4.829537, 8.902000 
-1.122543, 7.025456, 8.902000 
3.793816, 6.984259, 8.902000 
3.729415, -4.878519, 8.902000 
#OKS At  9000 : After 4 points 
-1.218358, -4.829541, 9.002000 
-1.122158, 7.025537, 9.002000 
3.793816, 6.984343, 9.002000 
3.729415, -4.878519, 9.002000 
