CHECKING DISTANT FROM POINTS TO AVERAGE PLANE TO REMOVE INCORRECT POINT. 

Distant of points(mm) belongs the plane 0 (33 points): 
15.45(474),  8.07(466),  7.09(451),  6.67(465),  6.32(467),  6.08(446),  5.73(445),  5.62(469),  5.57(477),  4.84(455),  4.69(473),  4.63(456),  4.37(471),  4.15(452),  4.15(454),  4.08(447),  3.95(462),  3.81(458),  3.70(464),  3.46(453),  3.20(449),  2.93(460),  2.84(472),  2.73(475),  2.63(476),  2.57(470),  2.48(461),  2.39(468),  1.88(448),  1.52(457),  0.82(463),  0.65(459),  0.21(450), 
Distant of points(mm) belongs the plane 1 (43 points): 
16.20(90), 16.09(97), 14.32(91), 11.78(292), 11.51(94), 11.49(79), 10.19(295),  9.78(283),  8.25(98),  7.66(81),  7.52(95),  7.06(83),  6.94(284),  6.35(294),  6.33(102),  6.11(107),  5.88(96),  5.49(104),  5.46(89),  5.44(103),  5.34(291),  5.00(281),  4.94(286),  4.81(288),  4.78(84),  4.54(93),  4.39(82),  4.35(285),  3.63(106),  3.54(100),  3.14(85),  2.87(80),  2.56(289),  2.52(86),  2.38(101),  2.33(92),  2.09(290),  1.84(282),  1.31(105),  0.97(293),  0.72(99),  0.54(88),  0.51(87), 
Distant of points(mm) belongs the plane 2 (24 points): 
 9.38(565),  6.12(559),  5.74(556),  5.50(547),  5.19(564),  4.67(545),  4.56(552),  4.46(563),  4.14(551),  3.92(546),  3.67(562),  3.34(554),  3.31(548),  3.23(555),  2.68(549),  2.43(561),  2.39(566),  2.13(558),  2.05(550),  1.81(567),  1.56(560),  1.51(557),  0.93(544),  0.13(553), 
Distant of points(mm) belongs the plane 3 (53 points): 
17.15(16), 16.99(18), 11.59(55), 10.50(38),  9.61(39),  9.46(15),  9.03(19),  8.65(21),  7.92(17),  7.26(48),  7.14(36),  6.89(46),  6.45(10),  6.37(42),  6.30(57),  6.06(45),  5.90(53),  5.70(31),  5.68(30),  4.79(37),  4.69(35),  4.63(32),  4.31(26),  4.28(20),  4.28(25),  4.24(14),  4.16(43),  3.71(49),  3.66(13),  3.57(22),  3.44(9),  3.38(40),  3.34(27),  3.06(7),  2.98(8),  2.79(28),  2.50(54),  2.41(50),  2.27(11),  2.03(34),  1.92(12),  1.87(41),  1.84(6),  1.64(23),  1.59(44),  1.52(33),  1.50(51),  1.44(52),  1.26(56),  1.19(47),  1.04(24),  0.18(29),  0.01(5), 
Distant of points(mm) belongs the plane 4 (21 points): 
10.78(75),  6.57(58),  4.98(65),  4.30(60),  4.00(78),  3.51(68),  3.21(61),  2.26(64),  2.15(77),  2.11(67),  1.94(73),  1.77(72),  1.69(76),  1.68(66),  1.65(62),  1.58(63),  0.88(59),  0.33(74),  0.28(70),  0.20(71),  0.12(69), 
Distant of points(mm) belongs the plane 5 (68 points): 
17.01(503), 16.13(483), 14.68(482), 14.34(451), 13.54(507), 12.75(489), 12.57(496), 12.41(454), 12.13(452), 12.13(493), 12.09(442), 11.81(441), 11.36(484), 11.25(453), 11.16(455), 10.59(505), 10.49(491), 10.34(494), 10.29(498), 10.12(481), 10.00(500),  9.98(474),  9.63(480),  9.32(456),  8.23(501),  8.22(464),  8.06(473),  7.93(495),  7.87(443),  7.67(449),  7.62(492),  6.87(462),  6.86(444),  6.82(445),  6.21(446),  5.69(485),  5.34(463),  5.31(450),  5.21(471),  4.72(469),  4.49(486),  4.15(461),  3.98(497),  3.84(466),  3.84(502),  3.75(476),  3.72(460),  3.30(467),  2.79(508),  2.76(447),  2.50(475),  2.44(458),  2.42(470),  2.38(490),  2.36(465),  1.99(504),  1.80(477),  1.73(487),  1.64(457),  1.04(488),  0.77(506),  0.69(448),  0.51(459),  0.47(468),  0.39(478),  0.30(472),  0.16(479),  0.03(499), 
Distant of points(mm) belongs the plane 6 (35 points): 
15.81(516), 12.49(521), 10.83(515),  9.71(531),  9.43(533),  9.42(510),  9.34(509),  8.98(517),  7.50(532),  6.60(534),  5.98(511),  5.83(541),  5.76(514),  5.30(542),  5.14(518),  5.12(539),  4.85(523),  4.76(535),  4.72(528),  4.16(543),  4.07(527),  3.79(525),  3.61(540),  3.39(530),  3.12(536),  2.45(512),  1.85(519),  1.84(513),  1.18(529),  0.80(537),  0.69(524),  0.35(520),  0.22(522),  0.18(526),  0.16(538), 
Distant of points(mm) belongs the plane 7 (67 points): 
19.19(379), 17.31(381), 15.82(382), 15.78(377), 13.44(384), 12.53(383), 10.78(380),  7.59(375),  6.77(321),  6.72(339),  5.84(374),  5.53(371),  5.47(359),  5.43(320),  5.24(331),  5.15(373),  5.06(370),  4.97(342),  4.84(336),  4.81(318),  4.62(325),  4.51(323),  4.29(340),  4.25(363),  4.21(372),  4.19(326),  4.19(334),  4.11(322),  4.04(319),  3.73(366),  3.68(317),  3.63(343),  3.58(361),  3.53(369),  3.49(330),  3.27(332),  3.24(348),  3.11(368),  3.10(350),  3.01(345),  2.97(362),  2.88(360),  2.81(376),  2.79(328),  2.69(365),  2.48(344),  2.38(347),  2.36(356),  2.25(364),  1.96(367),  1.84(329),  1.76(335),  1.72(378),  1.45(357),  1.40(341),  1.16(351),  0.91(349),  0.87(355),  0.80(352),  0.79(354),  0.69(346),  0.68(358),  0.54(333),  0.40(324),  0.24(338),  0.14(327),  0.04(337), 
Distant of points(mm) belongs the plane 8 (56 points): 
19.51(393), 18.37(392), 16.72(388), 16.10(426), 16.06(386), 13.62(395), 12.68(394), 12.27(391), 11.61(387), 11.09(408),  9.11(406),  8.62(389),  8.10(396),  7.74(390),  6.79(397),  6.15(427),  5.77(404),  5.55(424),  5.29(422),  4.91(437),  4.47(402),  4.39(428),  4.30(409),  4.02(440),  3.89(435),  3.74(430),  3.72(410),  3.59(385),  3.43(398),  3.31(407),  3.03(414),  2.83(417),  2.82(405),  2.62(438),  2.46(419),  2.36(420),  2.31(421),  2.23(433),  2.04(416),  1.99(429),  1.71(423),  1.39(411),  1.33(399),  1.19(403),  1.00(431),  0.99(425),  0.87(413),  0.62(434),  0.60(412),  0.32(436),  0.32(415),  0.19(439),  0.14(400),  0.06(401),  0.04(418),  0.03(432), 
Distant of points(mm) belongs the plane 9 (31 points): 
19.47(133), 19.45(137), 19.17(134), 17.86(108), 17.83(136), 15.12(113), 13.62(132), 12.49(109), 11.72(129), 11.52(112),  9.84(125),  7.76(131),  7.66(114),  7.45(123),  5.14(122),  4.78(124),  4.74(126),  4.18(110),  3.68(111),  3.32(118),  3.12(135),  2.97(128),  2.49(127),  2.15(121),  1.22(119),  0.97(115),  0.64(117),  0.36(116),  0.29(130),  0.20(138),  0.13(120), 
Distant of points(mm) belongs the plane 10 (41 points): 
16.74(174), 14.59(175), 12.57(143), 11.75(147), 11.67(176), 10.74(140), 10.50(142), 10.48(173),  9.41(162),  8.63(166),  6.97(148),  6.57(167),  6.23(151),  6.21(163),  6.04(161),  5.72(172),  5.57(145),  5.04(146),  4.65(157),  4.43(164),  4.39(153),  4.13(170),  3.08(155),  2.99(159),  2.94(165),  2.56(139),  2.17(144),  2.16(177),  1.93(171),  1.61(169),  1.12(168),  1.04(141),  0.94(179),  0.79(160),  0.69(149),  0.67(154),  0.59(178),  0.53(156),  0.45(152),  0.42(150),  0.08(158), 
Distant of points(mm) belongs the plane 11 (30 points): 
10.19(208), 10.10(203),  9.44(209),  7.58(201),  7.09(183),  6.54(187),  6.14(202),  5.71(197),  5.56(188),  5.03(195),  4.97(180),  4.79(199),  4.77(184),  4.02(193),  4.01(190),  3.89(186),  3.56(205),  3.52(204),  3.41(192),  3.33(181),  3.33(191),  3.32(185),  3.30(194),  3.24(200),  3.13(196),  1.86(189),  1.63(206),  1.49(198),  1.33(182),  0.35(207), 
Distant of points(mm) belongs the plane 12 (31 points): 
21.24(212), 15.41(238), 14.58(216), 14.05(211), 13.70(229), 11.91(226), 10.47(219), 10.39(221),  9.81(227),  9.41(232),  8.79(239),  8.47(222),  8.28(224),  8.07(215),  8.07(234),  7.43(217),  5.61(210),  5.58(214),  5.39(225),  4.99(228),  4.56(240),  4.35(218),  4.04(231),  4.03(230),  2.60(233),  1.99(237),  1.75(236),  1.65(220),  0.90(235),  0.77(223),  0.38(213), 
Distant of points(mm) belongs the plane 13 (9 points): 
 4.61(245),  3.12(247),  2.52(243),  2.36(242),  1.67(244),  1.09(249),  0.69(246),  0.37(248),  0.32(241), 
Distant of points(mm) belongs the plane 14 (16 points): 
15.22(263),  9.33(261),  8.11(253),  7.51(250),  7.48(252),  6.77(262),  5.85(259),  4.62(260),  2.70(264),  2.37(254),  2.29(258),  2.25(256),  1.82(265),  0.97(251),  0.63(255),  0.10(257), 
Distant of points(mm) belongs the plane 15 (9 points): 
 2.23(270),  1.39(268),  1.23(266),  1.20(273),  1.20(272),  1.18(267),  0.51(269),  0.39(271),  0.05(274), 
Distant of points(mm) belongs the plane 16 (6 points): 
 9.42(280),  8.28(276),  6.75(275),  6.35(279),  3.10(277),  1.49(278), 
Distant of points(mm) belongs the plane 17 (21 points): 
22.35(301),  7.00(310),  6.87(304),  6.73(308),  6.17(300),  4.27(296),  3.36(297),  2.66(298),  2.63(312),  2.51(302),  2.34(313),  2.32(307),  2.25(314),  1.73(311),  1.48(305),  1.45(306),  0.93(315),  0.89(299),  0.50(316),  0.48(309),  0.21(303), 
