#OKS At    -5 : After 4 points 
-3.642076, -6.960717, -0.012000 
-4.022309, 5.614594, -0.012000 
-3.606049, 5.625270, -0.012000 
-2.713930, -6.932911, -0.012000 
#OKS At     0 : After 4 points 
-3.642076, -6.960717, -0.007000 
-4.022309, 5.614604, -0.007000 
-0.682051, 5.700273, -0.007000 
0.209178, -6.845339, -0.007000 
#OKS At   100 : After 4 points 
-3.642076, -6.960717, 0.093000 
-4.022316, 5.614816, 0.093000 
3.090031, 5.797228, 0.093000 
3.437882, -6.748611, 0.093000 
#OKS At   200 : After 4 points 
-3.642076, -6.960717, 0.193000 
-4.022322, 5.615028, 0.193000 
3.114783, 5.798075, 0.193000 
3.462637, -6.747869, 0.193000 
#OKS At   300 : After 4 points 
-3.642076, -6.960717, 0.293000 
-4.022329, 5.615240, 0.293000 
3.139535, 5.798922, 0.293000 
3.487392, -6.747128, 0.293000 
#OKS At   400 : After 4 points 
-3.642076, -6.960717, 0.393000 
-4.022335, 5.615452, 0.393000 
3.164288, 5.799769, 0.393000 
3.512147, -6.746386, 0.393000 
#OKS At   500 : After 4 points 
-3.642076, -6.960717, 0.493000 
-4.022341, 5.615664, 0.493000 
3.189040, 5.800616, 0.493000 
3.536902, -6.745644, 0.493000 
#OKS At   600 : After 4 points 
-3.642076, -6.960717, 0.593000 
-4.022348, 5.615876, 0.593000 
3.213792, 5.801463, 0.593000 
3.561658, -6.744903, 0.593000 
#OKS At   700 : After 4 points 
-3.642076, -6.960717, 0.693000 
-4.022354, 5.616088, 0.693000 
3.238545, 5.802309, 0.693000 
3.586413, -6.744161, 0.693000 
#OKS At   800 : After 4 points 
-3.642076, -6.960717, 0.793000 
-4.022361, 5.616299, 0.793000 
3.263297, 5.803156, 0.793000 
3.611168, -6.743419, 0.793000 
#OKS At   900 : After 4 points 
-3.642076, -6.960717, 0.893000 
-4.022367, 5.616511, 0.893000 
3.263892, 5.803384, 0.893000 
3.618356, -6.743204, 0.893000 
#OKS At  1000 : After 4 points 
-3.642076, -6.960717, 0.993000 
-4.022373, 5.616723, 0.993000 
3.263428, 5.803584, 0.993000 
3.617898, -6.743218, 0.993000 
#OKS At  1100 : After 4 points 
-3.642076, -6.960717, 1.093000 
-4.022380, 5.616935, 1.093000 
3.262964, 5.803784, 1.093000 
3.617440, -6.743232, 1.093000 
#OKS At  1200 : After 4 points 
-3.642076, -6.960717, 1.193000 
-4.022386, 5.617147, 1.193000 
3.262500, 5.803984, 1.193000 
3.616982, -6.743245, 1.193000 
#OKS At  1300 : After 4 points 
-3.642076, -6.960717, 1.293000 
-4.022393, 5.617359, 1.293000 
3.262036, 5.804184, 1.293000 
3.616524, -6.743259, 1.293000 
#OKS At  1400 : After 4 points 
-3.642076, -6.960717, 1.393000 
-4.022399, 5.617571, 1.393000 
3.261572, 5.804384, 1.393000 
3.616066, -6.743273, 1.393000 
#OKS At  1500 : After 4 points 
-3.642076, -6.960717, 1.493000 
-4.022405, 5.617783, 1.493000 
3.261108, 5.804585, 1.493000 
3.615608, -6.743286, 1.493000 
#OKS At  1600 : After 4 points 
-3.642076, -6.960717, 1.593000 
-4.022412, 5.617995, 1.593000 
3.260644, 5.804785, 1.593000 
3.615150, -6.743300, 1.593000 
#OKS At  1700 : After 4 points 
-3.642076, -6.960717, 1.693000 
-4.022418, 5.618206, 1.693000 
3.260180, 5.804985, 1.693000 
3.614692, -6.743314, 1.693000 
#OKS At  1800 : After 4 points 
-3.642076, -6.960717, 1.793000 
-4.022425, 5.618418, 1.793000 
3.259716, 5.805185, 1.793000 
3.614234, -6.743328, 1.793000 
#OKS At  1900 : After 4 points 
-3.642076, -6.960717, 1.893000 
-4.022431, 5.618630, 1.893000 
3.259252, 5.805385, 1.893000 
3.613776, -6.743341, 1.893000 
#OKS At  2000 : After 4 points 
-3.642076, -6.960717, 1.993000 
-4.022438, 5.618842, 1.993000 
3.258788, 5.805585, 1.993000 
3.613318, -6.743355, 1.993000 
#OKS At  2100 : After 4 points 
-3.642076, -6.960717, 2.093000 
-4.022444, 5.619054, 2.093000 
3.258324, 5.805785, 2.093000 
3.612860, -6.743369, 2.093000 
#OKS At  2200 : After 4 points 
-3.642076, -6.960717, 2.193000 
-4.022450, 5.619266, 2.193000 
3.257860, 5.805986, 2.193000 
3.612402, -6.743382, 2.193000 
#OKS At  2300 : After 4 points 
-3.642076, -6.960717, 2.293000 
-4.022457, 5.619478, 2.293000 
3.257395, 5.806186, 2.293000 
3.611944, -6.743396, 2.293000 
#OKS At  2400 : After 4 points 
-3.642076, -6.960717, 2.393000 
-4.022463, 5.619690, 2.393000 
3.256931, 5.806386, 2.393000 
3.611486, -6.743410, 2.393000 
#OKS At  2500 : After 4 points 
-3.642076, -6.960717, 2.493000 
-4.022470, 5.619902, 2.493000 
3.256467, 5.806586, 2.493000 
3.611028, -6.743424, 2.493000 
#OKS At  2600 : After 4 points 
-3.642076, -6.960717, 2.593000 
-4.022476, 5.620114, 2.593000 
3.256003, 5.806786, 2.593000 
3.610570, -6.743437, 2.593000 
#OKS At  2700 : After 4 points 
-3.642076, -6.960717, 2.693000 
-4.022482, 5.620325, 2.693000 
3.255539, 5.806986, 2.693000 
3.610112, -6.743451, 2.693000 
#OKS At  2800 : After 4 points 
-3.642076, -6.960717, 2.793000 
-4.022489, 5.620537, 2.793000 
3.255075, 5.807187, 2.793000 
3.609654, -6.743465, 2.793000 
#OKS At  2900 : After 4 points 
-3.642076, -6.960717, 2.893000 
-4.022495, 5.620749, 2.893000 
3.254611, 5.807387, 2.893000 
3.609196, -6.743478, 2.893000 
#OKS At  3000 : After 4 points 
-3.642076, -6.960717, 2.993000 
-4.022502, 5.620961, 2.993000 
3.254147, 5.807587, 2.993000 
3.608738, -6.743492, 2.993000 
#OKS At  3100 : After 4 points 
-3.642076, -6.960717, 3.093000 
-4.022508, 5.621173, 3.093000 
3.253683, 5.807787, 3.093000 
3.608280, -6.743506, 3.093000 
#OKS At  3200 : After 4 points 
-3.642076, -6.960717, 3.193000 
-4.022514, 5.621385, 3.193000 
3.253219, 5.807987, 3.193000 
3.607822, -6.743520, 3.193000 
#OKS At  3300 : After 4 points 
-3.642076, -6.960717, 3.293000 
-4.022521, 5.621597, 3.293000 
3.252755, 5.808187, 3.293000 
3.607364, -6.743533, 3.293000 
#OKS At  3400 : After 4 points 
-3.642076, -6.960717, 3.393000 
-4.022527, 5.621809, 3.393000 
3.252291, 5.808387, 3.393000 
3.606906, -6.743547, 3.393000 
#OKS At  3500 : After 4 points 
-3.642076, -6.960717, 3.493000 
-4.022534, 5.622021, 3.493000 
3.251827, 5.808588, 3.493000 
3.606448, -6.743561, 3.493000 
#OKS At  3600 : After 4 points 
-3.642076, -6.960717, 3.593000 
-4.022540, 5.622232, 3.593000 
3.251363, 5.808788, 3.593000 
3.605990, -6.743575, 3.593000 
#OKS At  3700 : After 4 points 
-3.642076, -6.960717, 3.693000 
-4.022546, 5.622444, 3.693000 
3.250899, 5.808988, 3.693000 
3.605532, -6.743588, 3.693000 
#OKS At  3800 : After 4 points 
-3.642076, -6.960717, 3.793000 
-4.022553, 5.622656, 3.793000 
3.250435, 5.809188, 3.793000 
3.605074, -6.743602, 3.793000 
#OKS At  3900 : After 4 points 
-3.642076, -6.960717, 3.893000 
-4.022559, 5.622868, 3.893000 
3.249971, 5.809388, 3.893000 
3.604615, -6.743616, 3.893000 
#OKS At  4000 : After 4 points 
-3.642076, -6.960717, 3.993000 
-4.022566, 5.623080, 3.993000 
3.249506, 5.809588, 3.993000 
3.604157, -6.743629, 3.993000 
#OKS At  4100 : After 4 points 
-3.642076, -6.960717, 4.093000 
-4.022572, 5.623292, 4.093000 
3.249042, 5.809789, 4.093000 
3.603699, -6.743643, 4.093000 
#OKS At  4200 : After 4 points 
-3.642076, -6.960717, 4.193000 
-4.022578, 5.623504, 4.193000 
3.248578, 5.809989, 4.193000 
3.603241, -6.743657, 4.193000 
#OKS At  4300 : After 4 points 
-3.642076, -6.960717, 4.293000 
-4.022585, 5.623716, 4.293000 
3.248114, 5.810189, 4.293000 
3.602783, -6.743671, 4.293000 
#OKS At  4400 : After 4 points 
-3.642076, -6.960717, 4.393000 
-4.022591, 5.623928, 4.393000 
3.247650, 5.810389, 4.393000 
3.602325, -6.743684, 4.393000 
#OKS At  4500 : After 4 points 
-3.642076, -6.960717, 4.493000 
-4.022598, 5.624139, 4.493000 
3.247186, 5.810589, 4.493000 
3.601867, -6.743698, 4.493000 
#OKS At  4600 : After 4 points 
-3.642076, -6.960717, 4.593000 
-4.022604, 5.624351, 4.593000 
3.246722, 5.810789, 4.593000 
3.601409, -6.743712, 4.593000 
#OKS At  4700 : After 4 points 
-3.642076, -6.960717, 4.693000 
-4.022610, 5.624563, 4.693000 
3.246258, 5.810989, 4.693000 
3.600951, -6.743725, 4.693000 
#OKS At  4800 : After 4 points 
-3.642076, -6.960717, 4.793000 
-4.022617, 5.624775, 4.793000 
3.245794, 5.811190, 4.793000 
3.600493, -6.743739, 4.793000 
#OKS At  4900 : After 4 points 
-3.642076, -6.960717, 4.893000 
-4.022623, 5.624987, 4.893000 
3.245330, 5.811390, 4.893000 
3.600035, -6.743753, 4.893000 
#OKS At  5000 : After 4 points 
-3.642076, -6.960717, 4.993000 
-4.022630, 5.625199, 4.993000 
3.244866, 5.811590, 4.993000 
3.599577, -6.743767, 4.993000 
#OKS At  5100 : After 4 points 
-3.642076, -6.960717, 5.093000 
-4.022636, 5.625411, 5.093000 
3.244402, 5.811790, 5.093000 
3.599119, -6.743780, 5.093000 
#OKS At  5200 : After 4 points 
-3.642076, -6.960717, 5.193000 
-4.022643, 5.625623, 5.193000 
3.243938, 5.811990, 5.193000 
3.598661, -6.743794, 5.193000 
#OKS At  5300 : After 4 points 
-3.642076, -6.960717, 5.293000 
-4.022649, 5.625835, 5.293000 
3.243474, 5.812190, 5.293000 
3.598203, -6.743808, 5.293000 
#OKS At  5400 : After 4 points 
-3.642076, -6.960717, 5.393000 
-4.022655, 5.626047, 5.393000 
3.243010, 5.812391, 5.393000 
3.597745, -6.743822, 5.393000 
#OKS At  5500 : After 4 points 
-3.642076, -6.960717, 5.493000 
-4.022662, 5.626258, 5.493000 
3.242546, 5.812591, 5.493000 
3.597287, -6.743835, 5.493000 
#OKS At  5600 : After 4 points 
-3.642076, -6.960717, 5.593000 
-4.022668, 5.626470, 5.593000 
3.242081, 5.812791, 5.593000 
3.596829, -6.743849, 5.593000 
#OKS At  5700 : After 4 points 
-3.642076, -6.960717, 5.693000 
-4.022675, 5.626682, 5.693000 
3.241617, 5.812991, 5.693000 
3.596371, -6.743863, 5.693000 
#OKS At  5800 : After 4 points 
-3.642076, -6.960717, 5.793000 
-4.022681, 5.626894, 5.793000 
3.241153, 5.813191, 5.793000 
3.595913, -6.743876, 5.793000 
#OKS At  5900 : After 4 points 
-3.642076, -6.960717, 5.893000 
-4.022687, 5.627106, 5.893000 
3.240689, 5.813391, 5.893000 
3.595455, -6.743890, 5.893000 
#OKS At  6000 : After 4 points 
-3.642076, -6.960717, 5.993000 
-4.022694, 5.627318, 5.993000 
3.240225, 5.813591, 5.993000 
3.594997, -6.743904, 5.993000 
#OKS At  6100 : After 4 points 
-3.642076, -6.960717, 6.093000 
-4.022700, 5.627530, 6.093000 
3.239761, 5.813792, 6.093000 
3.594539, -6.743918, 6.093000 
#OKS At  6200 : After 4 points 
-3.642076, -6.960717, 6.193000 
-4.022707, 5.627742, 6.193000 
3.239297, 5.813992, 6.193000 
3.594081, -6.743931, 6.193000 
#OKS At  6300 : After 4 points 
-3.642076, -6.960717, 6.293000 
-4.022713, 5.627954, 6.293000 
3.238833, 5.814192, 6.293000 
3.593623, -6.743945, 6.293000 
#OKS At  6400 : After 4 points 
-3.642076, -6.960717, 6.393000 
-4.022719, 5.628165, 6.393000 
3.238369, 5.814392, 6.393000 
3.593165, -6.743959, 6.393000 
#OKS At  6500 : After 4 points 
-3.642076, -6.960717, 6.493000 
-4.022726, 5.628377, 6.493000 
3.237905, 5.814592, 6.493000 
3.592707, -6.743972, 6.493000 
#OKS At  6600 : After 4 points 
-3.642076, -6.960717, 6.593000 
-4.022732, 5.628589, 6.593000 
3.237441, 5.814792, 6.593000 
3.592249, -6.743986, 6.593000 
#OKS At  6700 : After 4 points 
-3.642076, -6.960717, 6.693000 
-4.022739, 5.628801, 6.693000 
3.236977, 5.814993, 6.693000 
3.591791, -6.744000, 6.693000 
#OKS At  6800 : After 4 points 
-3.642076, -6.960717, 6.793000 
-4.022745, 5.629013, 6.793000 
3.216431, 5.814678, 6.793000 
3.588864, -6.744088, 6.793000 
#OKS At  6900 : After 4 points 
-3.642076, -6.960717, 6.893000 
-4.022751, 5.629225, 6.893000 
3.191897, 5.814260, 6.893000 
3.564340, -6.744822, 6.893000 
#OKS At  7000 : After 4 points 
-3.642076, -6.960717, 6.993000 
-4.022758, 5.629437, 6.993000 
3.167363, 5.813843, 6.993000 
3.539815, -6.745557, 6.993000 
#OKS At  7100 : After 4 points 
-3.642076, -6.960717, 7.093000 
-4.022764, 5.629649, 7.093000 
3.142829, 5.813426, 7.093000 
3.515290, -6.746292, 7.093000 
#OKS At  7200 : After 4 points 
-3.642076, -6.960717, 7.193000 
-4.022771, 5.629861, 7.193000 
3.118294, 5.813009, 7.193000 
3.490765, -6.747026, 7.193000 
#OKS At  7300 : After 4 points 
-3.642076, -6.960717, 7.293000 
-4.022777, 5.630072, 7.293000 
3.093760, 5.812592, 7.293000 
3.466241, -6.747761, 7.293000 
#OKS At  7400 : After 4 points 
-3.642076, -6.960717, 7.393000 
-4.022783, 5.630284, 7.393000 
3.069226, 5.812175, 7.393000 
3.441716, -6.748496, 7.393000 
#OKS At  7500 : After 4 points 
-3.642076, -6.960717, 7.493000 
-4.022790, 5.630496, 7.493000 
3.044692, 5.811757, 7.493000 
3.417191, -6.749231, 7.493000 
#OKS At  7600 : After 5 points 
-3.642076, -6.960717, 7.593000 
-4.022796, 5.630708, 7.593000 
2.617587, 5.801015, 7.593000 
3.109142, 2.810702, 7.593000 
3.392666, -6.749965, 7.593000 
#OKS At  7700 : After 4 points 
-3.642076, -6.960717, 7.693000 
-4.022803, 5.630920, 7.693000 
0.931302, 5.757979, 7.693000 
1.315332, -6.812200, 7.693000 
#OKS At  7800 : After 4 points 
-3.642076, -6.960717, 7.793000 
-4.022809, 5.631132, 7.793000 
0.931075, 5.758185, 7.793000 
1.315111, -6.812206, 7.793000 
#OKS At  7900 : After 4 points 
-3.642076, -6.960717, 7.893000 
-4.022816, 5.631344, 7.893000 
0.930848, 5.758391, 7.893000 
1.314890, -6.812213, 7.893000 
#OKS At  8000 : After 4 points 
-3.642076, -6.960717, 7.993000 
-4.022822, 5.631556, 7.993000 
0.930621, 5.758598, 7.993000 
1.314670, -6.812219, 7.993000 
#OKS At  8100 : After 4 points 
-3.642076, -6.960717, 8.093000 
-4.022828, 5.631768, 8.093000 
0.930393, 5.758804, 8.093000 
1.314449, -6.812226, 8.093000 
#OKS At  8200 : After 4 points 
-3.642076, -6.960717, 8.193000 
-4.022835, 5.631980, 8.193000 
0.930166, 5.759010, 8.193000 
1.314228, -6.812233, 8.193000 
#OKS At  8300 : After 4 points 
-3.642076, -6.960717, 8.293000 
-4.022841, 5.632191, 8.293000 
0.929939, 5.759216, 8.293000 
1.314008, -6.812239, 8.293000 
#OKS At  8400 : After 4 points 
-3.642076, -6.960717, 8.393000 
-4.022848, 5.632403, 8.393000 
0.929712, 5.759423, 8.393000 
1.313787, -6.812246, 8.393000 
#OKS At  8500 : After 4 points 
-3.642076, -6.960717, 8.493000 
-4.022854, 5.632615, 8.493000 
0.929485, 5.759629, 8.493000 
1.313566, -6.812252, 8.493000 
#OKS At  8600 : After 4 points 
-3.642076, -6.960717, 8.593000 
-4.022860, 5.632827, 8.593000 
0.929258, 5.759835, 8.593000 
1.313346, -6.812259, 8.593000 
#OKS At  8700 : After 4 points 
-3.642076, -6.960717, 8.693000 
-4.022867, 5.633039, 8.693000 
0.929030, 5.760041, 8.693000 
1.313125, -6.812266, 8.693000 
#OKS At  8800 : After 4 points 
-3.642076, -6.960717, 8.793000 
-4.022873, 5.633251, 8.793000 
0.928803, 5.760248, 8.793000 
1.312904, -6.812272, 8.793000 
#OKS At  8900 : After 4 points 
-3.642076, -6.960717, 8.893000 
-4.022880, 5.633463, 8.893000 
0.928576, 5.760454, 8.893000 
1.312684, -6.812279, 8.893000 
#OKS At  9000 : After 4 points 
-3.642076, -6.960717, 8.993000 
-4.022886, 5.633675, 8.993000 
0.928349, 5.760660, 8.993000 
1.312463, -6.812286, 8.993000 
