CHECKING DISTANT FROM POINTS TO AVERAGE PLANE TO REMOVE INCORRECT POINT. 

Distant of points(mm) belongs the plane 0 (33 points): 
11.20(556), 10.52(557), 10.08(561),  9.03(554),  8.10(575),  7.46(565),  7.38(574),  5.96(564),  5.37(545),  5.21(549),  3.96(572),  3.88(553),  3.73(546),  3.65(568),  3.39(571),  3.37(567),  3.34(570),  3.24(550),  3.21(543),  2.87(566),  2.54(555),  2.42(558),  2.38(563),  2.16(548),  2.12(544),  1.91(552),  1.73(569),  1.62(547),  1.26(560),  1.24(573),  1.03(559),  0.68(562),  0.67(551), 
Distant of points(mm) belongs the plane 1 (34 points): 
13.74(591), 12.37(247), 12.29(258), 10.93(581),  8.95(254),  8.29(580),  7.71(579),  6.91(586),  6.23(256),  5.97(592),  5.83(252),  5.75(582),  5.35(257),  4.99(593),  4.88(259),  4.76(246),  4.46(578),  4.06(590),  3.92(588),  3.74(248),  3.65(253),  3.51(260),  3.44(589),  3.25(587),  2.62(585),  2.16(250),  1.96(251),  1.43(594),  1.40(249),  0.91(261),  0.90(255),  0.75(245),  0.67(583),  0.15(584), 
Distant of points(mm) belongs the plane 2 (22 points): 
 7.85(537),  6.47(534),  3.58(539),  3.54(529),  3.48(526),  3.30(541),  2.66(525),  2.64(530),  2.44(531),  2.26(538),  2.07(536),  1.18(540),  1.11(528),  1.03(532),  0.85(523),  0.76(527),  0.69(542),  0.50(521),  0.25(535),  0.19(522),  0.14(524),  0.04(533), 
Distant of points(mm) belongs the plane 3 (51 points): 
15.29(18), 13.55(26), 11.84(14), 11.14(13), 10.71(17), 10.11(19),  9.08(51),  8.65(37),  7.92(16),  6.54(39),  6.32(28),  5.97(25),  4.77(38),  4.76(45),  4.38(20),  4.04(48),  4.02(33),  4.00(50),  3.89(56),  3.85(29),  3.58(40),  3.54(49),  3.44(10),  3.42(55),  3.34(42),  3.31(44),  3.28(35),  3.14(27),  2.99(46),  2.67(34),  2.47(30),  2.35(32),  2.33(11),  2.24(53),  2.07(43),  2.07(9),  2.03(52),  1.96(31),  1.90(23),  1.53(22),  1.28(36),  1.26(12),  1.00(24),  0.95(7),  0.74(5),  0.48(41),  0.36(8),  0.10(54),  0.07(15),  0.02(6),  0.00(47), 
Distant of points(mm) belongs the plane 4 (16 points): 
 4.61(62),  4.39(69),  2.84(60),  2.79(57),  2.39(66),  2.17(64),  1.96(72),  1.77(71),  1.58(58),  1.51(68),  1.42(65),  1.28(61),  0.69(59),  0.24(67),  0.20(70),  0.04(63), 
Distant of points(mm) belongs the plane 5 (72 points): 
21.71(460), 21.23(417), 18.34(455), 17.83(468), 16.98(432), 16.33(393), 16.24(461), 15.94(463), 15.73(402), 14.97(462), 14.84(433), 14.25(450), 12.62(418), 12.16(449), 12.08(409), 11.27(456), 10.92(394), 10.83(408), 10.69(459), 10.66(419),  9.84(448),  9.78(421),  9.19(420),  9.15(407),  8.86(454),  8.84(431),  8.71(395),  8.70(416),  8.51(464),  8.30(467),  8.28(434),  7.96(447),  7.65(422),  7.36(442),  7.25(396),  6.80(398),  6.63(415),  6.32(406),  5.70(428),  5.53(429),  5.30(397),  4.84(458),  4.77(426),  4.75(414),  4.29(410),  4.18(436),  4.11(401),  3.71(465),  3.27(423),  3.27(437),  3.10(443),  2.69(441),  2.48(466),  2.39(440),  2.30(427),  2.26(457),  2.23(451),  2.07(425),  1.87(411),  1.80(435),  1.75(453),  1.55(438),  1.55(413),  1.00(403),  0.80(424),  0.63(445),  0.57(446),  0.49(444),  0.42(439),  0.40(404),  0.32(452),  0.22(400), 
Distant of points(mm) belongs the plane 6 (52 points): 
17.47(476), 14.60(477), 10.42(499),  8.16(469),  7.18(484),  7.12(486),  7.05(494),  6.92(498),  6.55(485),  6.11(475),  5.53(479),  5.43(520),  5.34(495),  5.23(496),  5.07(478),  4.94(470),  4.70(483),  4.20(482),  4.03(474),  4.01(497),  3.62(508),  3.54(513),  3.49(509),  3.49(507),  3.42(493),  3.39(473),  3.20(519),  2.98(512),  2.83(511),  2.82(487),  2.75(510),  2.57(488),  2.38(480),  2.27(492),  2.08(490),  2.01(489),  1.86(518),  1.84(471),  1.62(481),  1.55(491),  1.42(514),  1.17(502),  0.89(517),  0.82(506),  0.74(505),  0.74(500),  0.58(472),  0.50(516),  0.23(515),  0.14(504),  0.14(503),  0.05(501), 
Distant of points(mm) belongs the plane 7 (50 points): 
22.43(322), 18.05(321), 13.30(286), 12.35(296), 10.95(280), 10.80(285),  9.77(323),  9.47(290),  9.35(326),  8.59(325),  7.25(287),  6.81(291),  6.79(297),  6.67(327),  6.65(324),  6.59(319),  6.54(318),  6.23(298),  5.87(292),  5.86(317),  4.78(316),  4.75(308),  4.67(302),  4.49(304),  4.43(307),  4.35(320),  4.22(288),  4.22(315),  4.16(299),  4.11(295),  3.84(328),  3.25(281),  3.21(305),  3.17(312),  3.05(284),  2.86(313),  2.79(300),  2.76(329),  2.67(294),  2.39(282),  2.21(314),  1.98(311),  1.96(289),  1.70(283),  1.24(293),  0.88(306),  0.75(301),  0.65(309),  0.45(303),  0.14(310), 
Distant of points(mm) belongs the plane 8 (63 points): 
22.56(384), 14.41(383), 13.27(368), 13.18(330), 12.53(336), 11.47(370), 11.21(358), 10.60(337),  9.87(364),  9.58(367),  9.52(371),  9.45(350),  9.40(342),  8.90(347),  8.56(391),  8.33(390),  7.62(356),  7.49(382),  7.15(359),  7.05(388),  7.00(357),  6.95(392),  6.82(363),  6.62(379),  6.39(338),  6.18(387),  6.07(380),  5.93(343),  5.89(378),  5.53(335),  5.50(346),  5.17(349),  4.99(375),  4.78(389),  4.78(341),  4.75(353),  4.57(362),  4.24(386),  4.13(372),  3.70(334),  3.54(344),  3.38(365),  3.22(333),  2.70(354),  2.55(351),  2.40(369),  2.37(374),  2.36(352),  2.33(355),  2.29(339),  2.03(377),  1.93(376),  1.84(385),  1.61(381),  1.16(331),  1.14(332),  1.11(345),  0.99(361),  0.98(340),  0.30(348),  0.26(360),  0.22(366),  0.15(373), 
Distant of points(mm) belongs the plane 9 (27 points): 
10.86(76),  8.54(78),  5.50(86),  5.32(79),  4.50(74),  4.22(81),  4.08(73),  3.81(83),  3.52(95),  3.48(88),  3.45(89),  3.30(75),  3.19(90),  2.49(77),  2.22(98),  2.21(97),  2.06(92),  2.00(94),  1.69(93),  1.67(82),  1.54(84),  1.17(85),  0.98(96),  0.84(99),  0.78(80),  0.76(91),  0.13(87), 
Distant of points(mm) belongs the plane 10 (44 points): 
22.11(103), 15.01(104), 14.69(139), 13.20(102), 12.45(108), 11.44(127), 11.38(119), 11.30(144), 10.30(133), 10.23(118), 10.01(107),  9.71(116),  8.63(125),  8.32(134),  8.22(126),  8.17(105),  8.12(138),  7.95(137),  7.56(140),  6.66(111),  6.35(135),  5.78(130),  5.48(106),  5.41(123),  5.24(132),  5.18(121),  4.95(110),  4.88(124),  4.72(120),  4.25(112),  4.00(109),  3.99(122),  2.72(113),  2.58(117),  2.56(141),  2.39(131),  2.21(129),  2.19(128),  1.87(136),  1.76(143),  1.69(115),  1.67(142),  0.19(101),  0.15(114), 
Distant of points(mm) belongs the plane 11 (24 points): 
13.22(168), 12.05(162), 10.97(161),  7.66(155),  6.81(157),  6.48(158),  6.01(165),  5.99(147),  5.93(159),  5.45(156),  4.78(160),  4.50(153),  4.40(145),  4.34(164),  4.33(167),  3.46(149),  2.66(166),  2.61(151),  2.24(152),  2.17(150),  1.22(154),  1.17(163),  0.50(146),  0.32(148), 
Distant of points(mm) belongs the plane 12 (28 points): 
12.70(195), 12.51(178), 10.91(172),  8.04(184),  7.70(181),  7.55(169),  7.38(196),  6.79(176),  6.52(194),  6.22(190),  5.91(180),  5.90(189),  5.35(183),  4.71(173),  4.34(179),  3.47(193),  3.20(185),  2.80(188),  2.66(182),  2.54(187),  2.48(191),  2.39(171),  2.05(170),  1.85(192),  0.69(175),  0.60(174),  0.20(177),  0.16(186), 
Distant of points(mm) belongs the plane 13 (9 points): 
 4.79(199),  4.41(204),  4.06(203),  2.77(200),  2.74(205),  1.62(202),  1.23(197),  1.22(201),  1.04(198), 
Distant of points(mm) belongs the plane 14 (20 points): 
17.49(220), 10.40(223),  6.71(207),  5.11(217),  5.00(208),  3.67(216),  3.61(222),  3.50(224),  3.37(218),  3.26(219),  3.03(221),  2.89(212),  1.87(206),  1.57(209),  0.79(214),  0.78(210),  0.39(215),  0.29(211),  0.19(225),  0.15(213), 
Distant of points(mm) belongs the plane 15 (10 points): 
13.10(230), 10.50(232),  5.72(227),  5.20(228),  5.15(229),  3.88(226),  2.88(234),  2.62(231),  2.11(233),  0.01(235), 
Distant of points(mm) belongs the plane 16 (9 points): 
 4.87(242),  2.57(241),  1.22(244),  1.11(239),  0.87(238),  0.61(237),  0.42(240),  0.20(236),  0.10(243), 
Distant of points(mm) belongs the plane 17 (17 points): 
10.63(247),  8.01(253),  7.35(258),  5.69(254),  5.24(252),  5.20(251),  4.40(249),  4.31(246),  3.60(255),  2.29(248),  2.20(261),  2.18(256),  1.28(260),  0.39(259),  0.36(245),  0.29(257),  0.03(250), 
Distant of points(mm) belongs the plane 18 (18 points): 
 5.49(264),  4.18(272),  4.14(276),  3.49(279),  3.31(269),  3.17(265),  2.96(268),  2.68(275),  2.66(262),  1.88(263),  1.74(270),  1.43(274),  0.85(273),  0.65(278),  0.47(277),  0.24(271),  0.11(266),  0.02(267), 
