#OKS At   -60 : After 3 points 
4.250221, -4.684200, -0.050000 
4.245283, -4.281041, -0.050000 
2.263038, -4.638975, -0.050000 
#OKS At   -55 : After 4 points 
-1.346312, -4.556832, -0.045000 
-1.350880, -4.533642, -0.045000 
4.236020, -3.524815, -0.045000 
4.250221, -4.684200, -0.045000 
#OKS At   -50 : After 4 points 
-1.350306, -4.556741, -0.040000 
-1.498893, -3.802471, -0.040000 
4.226758, -2.768590, -0.040000 
4.250221, -4.684200, -0.040000 
#OKS At   -45 : After 4 points 
-1.354300, -4.556650, -0.035000 
-1.646906, -3.071301, -0.035000 
4.217495, -2.012364, -0.035000 
4.250221, -4.684200, -0.035000 
#OKS At   -40 : After 4 points 
-1.358294, -4.556559, -0.030000 
-1.794919, -2.340131, -0.030000 
4.208233, -1.256138, -0.030000 
4.250221, -4.684200, -0.030000 
#OKS At   -35 : After 4 points 
-1.362288, -4.556468, -0.025000 
-1.942932, -1.608960, -0.025000 
4.198970, -0.499912, -0.025000 
4.250221, -4.684200, -0.025000 
#OKS At   -30 : After 4 points 
-1.366282, -4.556377, -0.020000 
-2.090944, -0.877790, -0.020000 
4.189708, 0.256314, -0.020000 
4.250221, -4.684200, -0.020000 
#OKS At   -25 : After 4 points 
-1.370275, -4.556286, -0.015000 
-2.238957, -0.146619, -0.015000 
4.180445, 1.012539, -0.015000 
4.250221, -4.684200, -0.015000 
#OKS At   -20 : After 5 points 
-2.325241, 0.271387, -0.010000 
-1.374269, -4.556195, -0.010000 
4.250221, -4.684200, -0.010000 
4.171183, 1.768765, -0.010000 
-2.349431, 0.591331, -0.010000 
#OKS At   -15 : After 5 points 
-2.328939, 0.270421, -0.005000 
-1.378263, -4.556104, -0.005000 
4.250221, -4.684200, -0.005000 
4.161920, 2.524991, -0.005000 
-2.409683, 1.338351, -0.005000 
#OKS At   -10 : After 5 points 
-2.332636, 0.269455, 0.000000 
-1.382257, -4.556013, 0.000000 
4.250221, -4.684200, 0.000000 
4.152658, 3.281217, 0.000000 
-2.469935, 2.085372, 0.000000 
#OKS At    -5 : After 5 points 
-2.336334, 0.268489, 0.005000 
-1.386251, -4.555923, 0.005000 
4.250221, -4.684200, 0.005000 
4.143395, 4.037442, 0.005000 
-2.530187, 2.832392, 0.005000 
#OKS At     0 : After 5 points 
-2.340032, 0.267523, 0.010000 
-1.390245, -4.555832, 0.010000 
4.250221, -4.684200, 0.010000 
4.134133, 4.793668, 0.010000 
-2.590439, 3.579413, 0.010000 
#OKS At   100 : After 6 points 
-2.413988, 0.248204, 0.110000 
-1.470124, -4.554014, 0.110000 
4.250221, -4.684200, 0.110000 
4.087986, 8.561288, 0.110000 
-3.023077, 8.744669, 0.110000 
-2.966886, 7.560843, 0.110000 
#OKS At   200 : After 6 points 
-2.487944, 0.228885, 0.210000 
-1.550003, -4.552196, 0.210000 
4.250221, -4.684200, 0.210000 
4.087984, 8.561406, 0.210000 
-3.047631, 8.745419, 0.210000 
-2.905563, 5.752318, 0.210000 
#OKS At   300 : After 6 points 
-2.561900, 0.209565, 0.310000 
-1.629882, -4.550378, 0.310000 
4.250221, -4.684200, 0.310000 
4.087983, 8.561524, 0.310000 
-3.072186, 8.746170, 0.310000 
-2.844240, 3.943793, 0.310000 
#OKS At   400 : After 6 points 
-2.635856, 0.190246, 0.410000 
-1.709761, -4.548560, 0.410000 
4.250221, -4.684200, 0.410000 
4.087981, 8.561641, 0.410000 
-3.096741, 8.746921, 0.410000 
-2.782916, 2.135268, 0.410000 
#OKS At   500 : After 6 points 
-2.709812, 0.170927, 0.510000 
-1.789640, -4.546742, 0.510000 
4.250221, -4.684200, 0.510000 
4.087980, 8.561759, 0.510000 
-3.121295, 8.747672, 0.510000 
-2.721593, 0.326744, 0.510000 
#OKS At   600 : After 6 points 
-2.680395, -0.386899, 0.610000 
-1.869518, -4.544924, 0.610000 
4.250221, -4.684200, 0.610000 
4.087978, 8.561876, 0.610000 
-3.145850, 8.748422, 0.610000 
-2.738902, 0.174835, 0.610000 
#OKS At   700 : After 6 points 
-2.641117, -0.996095, 0.710000 
-1.949397, -4.543106, 0.710000 
4.250221, -4.684200, 0.710000 
4.087977, 8.561994, 0.710000 
-3.170404, 8.749173, 0.710000 
-2.763711, 0.180959, 0.710000 
#OKS At   800 : After 6 points 
-2.601839, -1.605292, 0.810000 
-2.029276, -4.541288, 0.810000 
4.250221, -4.684200, 0.810000 
4.087976, 8.562111, 0.810000 
-3.194959, 8.749924, 0.810000 
-2.788521, 0.187082, 0.810000 
#OKS At   900 : After 7 points 
-2.562561, -2.214488, 0.910000 
-2.109155, -4.539470, 0.910000 
4.250221, -4.684200, 0.910000 
4.087974, 8.562229, 0.910000 
-3.203626, 8.750265, 0.910000 
-3.197159, 8.279710, 0.910000 
-2.813331, 0.193206, 0.910000 
#OKS At  1000 : After 7 points 
-2.523283, -2.823684, 1.010000 
-2.189034, -4.537652, 1.010000 
4.250221, -4.684200, 1.010000 
4.087973, 8.562346, 1.010000 
-3.203531, 8.750380, 1.010000 
-3.187030, 7.549737, 1.010000 
-2.838140, 0.199330, 1.010000 
#OKS At  1100 : After 7 points 
-2.484005, -3.432881, 1.110000 
-2.268913, -4.535834, 1.110000 
4.250221, -4.684200, 1.110000 
4.087971, 8.562464, 1.110000 
-3.203436, 8.750495, 1.110000 
-3.176900, 6.819764, 1.110000 
-2.862950, 0.205454, 1.110000 
#OKS At  1200 : After 7 points 
-2.444727, -4.042077, 1.210000 
-2.348792, -4.534017, 1.210000 
4.250221, -4.684200, 1.210000 
4.087970, 8.562581, 1.210000 
-3.203341, 8.750610, 1.210000 
-3.166771, 6.089791, 1.210000 
-2.887759, 0.211577, 1.210000 
#OKS At  1300 : After 6 points 
-3.156641, 5.359818, 1.310000 
-3.203246, 8.750725, 1.310000 
4.087968, 8.562699, 1.310000 
4.250221, -4.684200, 1.310000 
-2.417826, -4.532445, 1.310000 
-2.912569, 0.217701, 1.310000 
#OKS At  1400 : After 6 points 
-3.146512, 4.629845, 1.410000 
-3.203151, 8.750840, 1.410000 
4.087967, 8.562817, 1.410000 
4.250221, -4.684200, 1.410000 
-2.442055, -4.531894, 1.410000 
-2.937379, 0.223825, 1.410000 
#OKS At  1500 : After 6 points 
-3.136382, 3.899872, 1.510000 
-3.203055, 8.750955, 1.510000 
4.087965, 8.562934, 1.510000 
4.250221, -4.684200, 1.510000 
-2.466284, -4.531343, 1.510000 
-2.962188, 0.229949, 1.510000 
#OKS At  1600 : After 6 points 
-3.126253, 3.169900, 1.610000 
-3.202960, 8.751070, 1.610000 
4.087964, 8.563052, 1.610000 
4.250221, -4.684200, 1.610000 
-2.490513, -4.530791, 1.610000 
-2.986998, 0.236072, 1.610000 
#OKS At  1700 : After 6 points 
-3.116124, 2.439927, 1.710000 
-3.202865, 8.751185, 1.710000 
4.087963, 8.563169, 1.710000 
4.250221, -4.684200, 1.710000 
-2.514743, -4.530240, 1.710000 
-3.011808, 0.242196, 1.710000 
#OKS At  1800 : After 6 points 
-3.105994, 1.709954, 1.810000 
-3.202770, 8.751300, 1.810000 
4.087961, 8.563287, 1.810000 
4.250221, -4.684200, 1.810000 
-2.538972, -4.529688, 1.810000 
-3.036617, 0.248320, 1.810000 
#OKS At  1900 : After 6 points 
-3.095865, 0.979981, 1.910000 
-3.202675, 8.751415, 1.910000 
4.087960, 8.563404, 1.910000 
4.250221, -4.684200, 1.910000 
-2.563201, -4.529137, 1.910000 
-3.061427, 0.254444, 1.910000 
#OKS At  2000 : After 5 points 
-3.085826, 0.256629, 2.010000 
-3.202580, 8.751530, 2.010000 
4.087958, 8.563522, 2.010000 
4.250221, -4.684200, 2.010000 
-2.587430, -4.528585, 2.010000 
#OKS At  2100 : After 5 points 
-3.082040, -0.011801, 2.110000 
-3.202484, 8.751645, 2.110000 
4.087957, 8.563639, 2.110000 
4.250221, -4.684200, 2.110000 
-2.611660, -4.528034, 2.110000 
#OKS At  2200 : After 5 points 
-3.078254, -0.280231, 2.210000 
-3.202389, 8.751760, 2.210000 
4.087955, 8.563757, 2.210000 
4.250221, -4.684200, 2.210000 
-2.635889, -4.527483, 2.210000 
#OKS At  2300 : After 5 points 
-3.074468, -0.548660, 2.310000 
-3.202294, 8.751875, 2.310000 
4.087954, 8.563874, 2.310000 
4.250221, -4.684200, 2.310000 
-2.660118, -4.526931, 2.310000 
#OKS At  2400 : After 5 points 
-3.070682, -0.817090, 2.410000 
-3.202199, 8.751991, 2.410000 
4.087952, 8.563992, 2.410000 
4.250221, -4.684200, 2.410000 
-2.684347, -4.526380, 2.410000 
#OKS At  2500 : After 5 points 
-3.066896, -1.085520, 2.510000 
-3.202104, 8.752106, 2.510000 
4.087951, 8.564110, 2.510000 
4.250221, -4.684200, 2.510000 
-2.708576, -4.525828, 2.510000 
#OKS At  2600 : After 5 points 
-3.063110, -1.353949, 2.610000 
-3.202009, 8.752221, 2.610000 
4.087950, 8.564227, 2.610000 
4.250221, -4.684200, 2.610000 
-2.732806, -4.525277, 2.610000 
#OKS At  2700 : After 5 points 
-3.059324, -1.622379, 2.710000 
-3.201913, 8.752336, 2.710000 
4.087948, 8.564345, 2.710000 
4.250221, -4.684200, 2.710000 
-2.757035, -4.524726, 2.710000 
#OKS At  2800 : After 5 points 
-3.055538, -1.890808, 2.810000 
-3.201818, 8.752451, 2.810000 
4.087947, 8.564462, 2.810000 
4.250221, -4.684200, 2.810000 
-2.781264, -4.524174, 2.810000 
#OKS At  2900 : After 5 points 
-3.051752, -2.159238, 2.910000 
-3.201723, 8.752566, 2.910000 
4.087945, 8.564580, 2.910000 
4.250221, -4.684200, 2.910000 
-2.805493, -4.523623, 2.910000 
#OKS At  3000 : After 5 points 
-3.047966, -2.427668, 3.010000 
-3.201628, 8.752681, 3.010000 
4.087944, 8.564697, 3.010000 
4.250221, -4.684200, 3.010000 
-2.829723, -4.523071, 3.010000 
#OKS At  3100 : After 5 points 
-3.044180, -2.696097, 3.110000 
-3.201533, 8.752796, 3.110000 
4.087942, 8.564815, 3.110000 
4.250221, -4.684200, 3.110000 
-2.853952, -4.522520, 3.110000 
#OKS At  3200 : After 5 points 
-3.040394, -2.964527, 3.210000 
-3.201437, 8.752911, 3.210000 
4.087941, 8.564932, 3.210000 
4.250221, -4.684200, 3.210000 
-2.878181, -4.521968, 3.210000 
#OKS At  3300 : After 5 points 
-3.036608, -3.232957, 3.310000 
-3.201342, 8.753026, 3.310000 
4.087940, 8.565050, 3.310000 
4.250221, -4.684200, 3.310000 
-2.902410, -4.521417, 3.310000 
#OKS At  3400 : After 5 points 
-3.032822, -3.501386, 3.410000 
-3.201247, 8.753141, 3.410000 
4.087938, 8.565167, 3.410000 
4.250221, -4.684200, 3.410000 
-2.926640, -4.520866, 3.410000 
#OKS At  3500 : After 5 points 
-3.029036, -3.769816, 3.510000 
-3.201152, 8.753256, 3.510000 
4.087937, 8.565285, 3.510000 
4.250221, -4.684200, 3.510000 
-2.950869, -4.520314, 3.510000 
#OKS At  3600 : After 5 points 
-3.025250, -4.038246, 3.610000 
-3.201057, 8.753371, 3.610000 
4.087935, 8.565403, 3.610000 
4.250221, -4.684200, 3.610000 
-2.975098, -4.519763, 3.610000 
#OKS At  3700 : After 5 points 
-3.021464, -4.306675, 3.710000 
-3.200962, 8.753486, 3.710000 
4.087934, 8.565520, 3.710000 
4.250221, -4.684200, 3.710000 
-2.999327, -4.519211, 3.710000 
#OKS At  3800 : After 4 points 
-3.018452, -4.518776, 3.810000 
-3.200866, 8.753601, 3.810000 
4.087932, 8.565638, 3.810000 
4.250221, -4.684200, 3.810000 
#OKS At  3900 : After 4 points 
-3.018355, -4.518778, 3.910000 
-3.200771, 8.753716, 3.910000 
4.087931, 8.565755, 3.910000 
4.250221, -4.684200, 3.910000 
#OKS At  4000 : After 4 points 
-3.018258, -4.518780, 4.010000 
-3.200676, 8.753831, 4.010000 
4.087929, 8.565873, 4.010000 
4.250221, -4.684200, 4.010000 
#OKS At  4100 : After 4 points 
-3.018161, -4.518783, 4.110000 
-3.200581, 8.753946, 4.110000 
4.087928, 8.565990, 4.110000 
4.250221, -4.684200, 4.110000 
#OKS At  4200 : After 4 points 
-3.018065, -4.518785, 4.210000 
-3.200486, 8.754061, 4.210000 
4.087927, 8.566108, 4.210000 
4.250221, -4.684200, 4.210000 
#OKS At  4300 : After 4 points 
-3.017968, -4.518787, 4.310000 
-3.200391, 8.754177, 4.310000 
4.087925, 8.566225, 4.310000 
4.250221, -4.684200, 4.310000 
#OKS At  4400 : After 4 points 
-3.017871, -4.518789, 4.410000 
-3.200295, 8.754292, 4.410000 
4.087924, 8.566343, 4.410000 
4.250221, -4.684200, 4.410000 
#OKS At  4500 : After 4 points 
-3.017774, -4.518791, 4.510000 
-3.200200, 8.754407, 4.510000 
4.087922, 8.566460, 4.510000 
4.250221, -4.684200, 4.510000 
#OKS At  4600 : After 4 points 
-3.017678, -4.518794, 4.610000 
-3.200105, 8.754522, 4.610000 
4.087921, 8.566578, 4.610000 
4.250221, -4.684200, 4.610000 
#OKS At  4700 : After 4 points 
-3.017581, -4.518796, 4.710000 
-3.200010, 8.754637, 4.710000 
4.087919, 8.566696, 4.710000 
4.250221, -4.684200, 4.710000 
#OKS At  4800 : After 4 points 
-3.017484, -4.518798, 4.810000 
-3.199915, 8.754752, 4.810000 
4.087918, 8.566813, 4.810000 
4.250221, -4.684200, 4.810000 
#OKS At  4900 : After 4 points 
-3.017387, -4.518800, 4.910000 
-3.199820, 8.754867, 4.910000 
4.087916, 8.566931, 4.910000 
4.250221, -4.684200, 4.910000 
#OKS At  5000 : After 4 points 
-3.017290, -4.518802, 5.010000 
-3.199724, 8.754982, 5.010000 
4.087915, 8.567048, 5.010000 
4.250221, -4.684200, 5.010000 
#OKS At  5100 : After 4 points 
-3.017194, -4.518805, 5.110000 
-3.199629, 8.755097, 5.110000 
4.087914, 8.567166, 5.110000 
4.250221, -4.684200, 5.110000 
#OKS At  5200 : After 4 points 
-3.017097, -4.518807, 5.210000 
-3.199534, 8.755212, 5.210000 
4.087912, 8.567283, 5.210000 
4.250221, -4.684200, 5.210000 
#OKS At  5300 : After 4 points 
-3.017000, -4.518809, 5.310000 
-3.199439, 8.755327, 5.310000 
4.087911, 8.567401, 5.310000 
4.250221, -4.684200, 5.310000 
#OKS At  5400 : After 4 points 
-3.016903, -4.518811, 5.410000 
-3.199344, 8.755442, 5.410000 
4.087909, 8.567518, 5.410000 
4.250221, -4.684200, 5.410000 
#OKS At  5500 : After 4 points 
-3.016807, -4.518814, 5.510000 
-3.199249, 8.755557, 5.510000 
4.087908, 8.567636, 5.510000 
4.250221, -4.684200, 5.510000 
#OKS At  5600 : After 4 points 
-3.016710, -4.518816, 5.610000 
-3.199153, 8.755672, 5.610000 
4.087906, 8.567753, 5.610000 
4.250221, -4.684200, 5.610000 
#OKS At  5700 : After 4 points 
-3.016613, -4.518818, 5.710000 
-3.199058, 8.755787, 5.710000 
4.087905, 8.567871, 5.710000 
4.250221, -4.684200, 5.710000 
#OKS At  5800 : After 4 points 
-3.016516, -4.518820, 5.810000 
-3.198963, 8.755902, 5.810000 
4.087904, 8.567989, 5.810000 
4.250221, -4.684200, 5.810000 
#OKS At  5900 : After 4 points 
-3.016419, -4.518822, 5.910000 
-3.198868, 8.756017, 5.910000 
4.087902, 8.568106, 5.910000 
4.250221, -4.684200, 5.910000 
#OKS At  6000 : After 4 points 
-3.016323, -4.518825, 6.010000 
-3.198773, 8.756132, 6.010000 
4.087901, 8.568224, 6.010000 
4.250221, -4.684200, 6.010000 
#OKS At  6100 : After 4 points 
-3.016226, -4.518827, 6.110000 
-3.198678, 8.756247, 6.110000 
4.087899, 8.568341, 6.110000 
4.250221, -4.684200, 6.110000 
#OKS At  6200 : After 4 points 
-3.016129, -4.518829, 6.210000 
-3.198582, 8.756363, 6.210000 
4.087898, 8.568459, 6.210000 
4.250221, -4.684200, 6.210000 
#OKS At  6300 : After 4 points 
-3.016032, -4.518831, 6.310000 
-3.198487, 8.756478, 6.310000 
4.087896, 8.568576, 6.310000 
4.250221, -4.684200, 6.310000 
#OKS At  6400 : After 4 points 
-3.015936, -4.518833, 6.410000 
-3.198392, 8.756593, 6.410000 
4.087895, 8.568694, 6.410000 
4.250221, -4.684200, 6.410000 
#OKS At  6500 : After 4 points 
-3.015839, -4.518836, 6.510000 
-3.198297, 8.756708, 6.510000 
4.087893, 8.568811, 6.510000 
4.250221, -4.684200, 6.510000 
#OKS At  6600 : After 4 points 
-3.015742, -4.518838, 6.610000 
-3.198202, 8.756823, 6.610000 
4.087892, 8.568929, 6.610000 
4.250221, -4.684200, 6.610000 
#OKS At  6700 : After 5 points 
-3.023844, -3.922275, 6.710000 
-3.014104, -4.518875, 6.710000 
4.250221, -4.684200, 6.710000 
4.087891, 8.569046, 6.710000 
-3.198107, 8.756938, 6.710000 
#OKS At  6800 : After 5 points 
-3.153108, 5.489929, 6.810000 
-2.989684, -4.519431, 6.810000 
4.250221, -4.684200, 6.810000 
4.087889, 8.569164, 6.810000 
-3.198011, 8.757053, 6.810000 
#OKS At  6900 : After 4 points 
-2.965264, -4.519987, 6.910000 
-3.182036, 8.756758, 6.910000 
4.087888, 8.569282, 6.910000 
4.250221, -4.684200, 6.910000 
#OKS At  7000 : After 4 points 
-2.940844, -4.520542, 7.010000 
-3.157616, 8.756246, 7.010000 
4.087886, 8.569399, 7.010000 
4.250221, -4.684200, 7.010000 
#OKS At  7100 : After 4 points 
-2.916424, -4.521098, 7.110000 
-3.133197, 8.755734, 7.110000 
4.087885, 8.569517, 7.110000 
4.250221, -4.684200, 7.110000 
#OKS At  7200 : After 4 points 
-2.892004, -4.521654, 7.210000 
-3.108778, 8.755222, 7.210000 
4.087883, 8.569634, 7.210000 
4.250221, -4.684200, 7.210000 
#OKS At  7300 : After 4 points 
-2.867584, -4.522210, 7.310000 
-3.084359, 8.754710, 7.310000 
4.087882, 8.569752, 7.310000 
4.250221, -4.684200, 7.310000 
#OKS At  7400 : After 4 points 
-2.843165, -4.522765, 7.410000 
-3.059940, 8.754197, 7.410000 
4.087880, 8.569869, 7.410000 
4.250221, -4.684200, 7.410000 
#OKS At  7500 : After 4 points 
-2.818745, -4.523321, 7.510000 
-3.035521, 8.753685, 7.510000 
4.087879, 8.569987, 7.510000 
4.250221, -4.684200, 7.510000 
#OKS At  7600 : After 6 points 
-0.730849, -4.570839, 7.610000 
-0.739959, -3.894489, 7.610000 
-2.918219, 3.064326, 7.610000 
-3.011102, 8.753173, 7.610000 
4.087878, 8.570104, 7.610000 
4.250221, -4.684200, 7.610000 
#OKS At  7700 : After 4 points 
-0.730359, -4.570850, 7.710000 
-0.909099, 8.699084, 7.710000 
4.087876, 8.570222, 7.710000 
4.250221, -4.684200, 7.710000 
#OKS At  7800 : After 4 points 
-0.729870, -4.570861, 7.810000 
-0.908611, 8.699189, 7.810000 
4.087875, 8.570339, 7.810000 
4.250221, -4.684200, 7.810000 
#OKS At  7900 : After 4 points 
-0.729380, -4.570872, 7.910000 
-0.908123, 8.699294, 7.910000 
4.087873, 8.570457, 7.910000 
4.250221, -4.684200, 7.910000 
#OKS At  8000 : After 4 points 
-0.728890, -4.570883, 8.010000 
-0.907634, 8.699399, 8.010000 
4.087872, 8.570575, 8.010000 
4.250221, -4.684200, 8.010000 
#OKS At  8100 : After 4 points 
-0.728401, -4.570894, 8.110000 
-0.907146, 8.699504, 8.110000 
4.087870, 8.570692, 8.110000 
4.250221, -4.684200, 8.110000 
#OKS At  8200 : After 4 points 
-0.727911, -4.570905, 8.210000 
-0.906658, 8.699609, 8.210000 
4.087869, 8.570810, 8.210000 
4.250221, -4.684200, 8.210000 
#OKS At  8300 : After 4 points 
-0.727421, -4.570917, 8.310000 
-0.906170, 8.699713, 8.310000 
4.087868, 8.570927, 8.310000 
4.250221, -4.684200, 8.310000 
#OKS At  8400 : After 4 points 
-0.726932, -4.570928, 8.410000 
-0.905682, 8.699818, 8.410000 
4.087866, 8.571045, 8.410000 
4.250221, -4.684200, 8.410000 
#OKS At  8500 : After 4 points 
-0.726442, -4.570939, 8.510000 
-0.905194, 8.699923, 8.510000 
4.087865, 8.571162, 8.510000 
4.250221, -4.684200, 8.510000 
#OKS At  8600 : After 4 points 
-0.725952, -4.570950, 8.610000 
-0.904706, 8.700028, 8.610000 
4.087863, 8.571280, 8.610000 
4.250221, -4.684200, 8.610000 
#OKS At  8700 : After 4 points 
-0.725463, -4.570961, 8.710000 
-0.904218, 8.700133, 8.710000 
4.087862, 8.571397, 8.710000 
4.250221, -4.684200, 8.710000 
#OKS At  8800 : After 4 points 
-0.724973, -4.570972, 8.810000 
-0.903729, 8.700238, 8.810000 
4.087860, 8.571515, 8.810000 
4.250221, -4.684200, 8.810000 
#OKS At  8900 : After 4 points 
-0.724483, -4.570983, 8.910000 
-0.903241, 8.700343, 8.910000 
4.087859, 8.571632, 8.910000 
4.250221, -4.684200, 8.910000 
#OKS At  9000 : After 4 points 
-0.723993, -4.570995, 9.010000 
-0.902753, 8.700448, 9.010000 
4.087857, 8.571750, 9.010000 
4.250221, -4.684200, 9.010000 
