Point Id,,,,,,Easting,Northing,Elevation
DEFAULT19,,,,,,,,
1,,,,,,-0.0002,7.8365,1.447
2,,,,,,0.3582,1.281,0.0059
3,,,,,,0.3531,1.2891,0.0074
4,,,,,,0.3259,1.2979,0.0093
5,,,,,,0.2996,1.3013,-0.0031
6,,,,,,0.3356,1.2373,-0.0036
7,,,,,,0.3846,1.2615,-0.0042
8,,,,,,0.3319,1.3607,9.0631
9,,,,,,0.4157,1.1922,9.0652
10,,,,,,0.5788,1.2994,9.0629
11,,,,,,-1.9099,7.8224,0.5919
12,,,,,,-1.9119,7.8309,3.0159
13,,,,,,-1.9156,7.8461,5.76
14,,,,,,-1.9226,7.8742,7.283
15,,,,,,-1.9287,7.8987,8.8336
16,,,,,,-1.4185,7.895,8.8219
17,,,,,,-1.4123,7.8605,6.6677
18,,,,,,-1.4091,7.8439,4.4541
19,,,,,,-1.4073,7.833,2.5186
20,,,,,,-1.4055,7.8249,0.6328
21,,,,,,-0.0133,7.8373,1.1968
22,,,,,,-0.0133,7.8456,3.2213
23,,,,,,-0.0132,7.8576,5.4199
24,,,,,,-0.0134,7.8758,7.6648
25,,,,,,-0.0134,7.8909,8.943
26,,,,,,0.4964,7.8898,8.9549
27,,,,,,0.4954,7.8703,6.9821
28,,,,,,0.4946,7.8586,4.7477
29,,,,,,0.494,7.8496,2.839
30,,,,,,0.4936,7.8406,1.0624
31,,,,,,1.9005,7.8454,0.1775
32,,,,,,1.9018,7.8514,2.1995
33,,,,,,1.9032,7.8571,4.553
34,,,,,,1.9071,7.8728,6.8021
35,,,,,,1.8747,7.9,8.8539
36,,,,,,2.0004,7.8839,7.8261
37,,,,,,2.074,7.8595,6.1168
38,,,,,,2.052,7.8543,4.1562
39,,,,,,2.4799,7.8494,2.1282
40,,,,,,2.4622,7.8488,0.2088
41,,,,,,3.8642,7.8569,3.9235
42,,,,,,3.8651,7.8597,5.0477
43,,,,,,3.8696,7.8685,6.3078
44,,,,,,3.8716,7.8726,7.3057
45,,,,,,4.0335,7.8636,6.7098
46,,,,,,4.0315,7.8597,5.8086
47,,,,,,4.031,7.8591,4.7889
48,,,,,,3.9252,7.8573,4.2264
49,,,,,,3.9253,7.8568,4.2263
50,,,,,,4.0671,7.859,4.8064
51,,,,,,4.0698,7.8636,6.6791
52,,,,,,3.8489,7.8713,6.5505
53,,,,,,3.8455,7.8642,5.6781
54,,,,,,3.2312,7.138,1.2893
55,,,,,,3.3959,7.1431,3.267
56,,,,,,3.3983,7.1495,4.6159
57,,,,,,3.2364,7.1588,6.8872
58,,,,,,2.8321,7.156,6.8318
59,,,,,,2.8282,7.1457,4.7464
60,,,,,,2.8269,7.1418,2.782
61,,,,,,2.8251,7.1372,0.387
62,,,,,,1.4014,7.1308,0.1842
63,,,,,,1.4026,7.1365,1.9853
64,,,,,,1.4033,7.1413,4.3343
65,,,,,,1.4063,7.1572,6.4696
66,,,,,,1.4117,7.1849,8.7528
67,,,,,,0.9342,7.175,8.6707
68,,,,,,0.9326,7.1625,7.1186
69,,,,,,0.9303,7.1442,4.9304
70,,,,,,0.9297,7.1388,2.62
71,,,,,,0.9286,7.1303,0.2887
72,,,,,,-0.3914,7.1817,8.9028
73,,,,,,-0.3898,7.1544,6.8381
74,,,,,,-0.3886,7.1349,4.7236
75,,,,,,-0.3884,7.1289,2.6806
76,,,,,,-0.3876,7.12,0.6482
77,,,,,,-0.9875,7.1187,0.6434
78,,,,,,-0.9889,7.1273,2.4609
79,,,,,,-0.9895,7.1318,4.4381
80,,,,,,-0.9921,7.15,6.9852
81,,,,,,-0.9968,7.183,8.9545
82,,,,,,-2.3155,7.1106,0.7347
83,,,,,,-2.3189,7.1212,2.8945
84,,,,,,-2.3232,7.1337,5.4038
85,,,,,,-2.3334,7.1647,7.4456
86,,,,,,-2.3408,7.1874,8.9127
87,,,,,,-2.8553,7.1582,8.7657
88,,,,,,-2.849,7.1427,6.7324
89,,,,,,-2.8423,7.1262,4.4685
90,,,,,,-2.8368,7.1134,2.2452
91,,,,,,-2.833,7.1038,0.7745
92,,,,,,3.1565,6.8739,0.5708
93,,,,,,2.9039,6.9882,0.1949
94,,,,,,3.2999,4.3976,0.0481
95,,,,,,3.5216,4.693,0.4934
96,,,,,,3.7456,2.7423,0.2952
97,,,,,,3.5924,2.6302,0.0172
98,,,,,,4.045,0.0878,0.0386
99,,,,,,3.3547,6.8302,1.1052
100,,,,,,3.7034,7.0392,2.6031
101,,,,,,3.9338,7.4754,3.8109
102,,,,,,4.1082,7.6763,4.6666
103,,,,,,4.36,6.1477,4.409
104,,,,,,4.1246,6.1397,3.7612
105,,,,,,3.7613,5.598,1.9213
106,,,,,,3.524,5.2442,0.7375
107,,,,,,3.6712,4.0721,0.6493
108,,,,,,3.8807,4.3043,1.6287
109,,,,,,4.0788,4.5241,2.5712
110,,,,,,4.3178,4.7895,3.7155
111,,,,,,4.3268,3.1387,2.7426
112,,,,,,4.0835,2.9622,1.6666
113,,,,,,3.8381,2.7842,0.5908
114,,,,,,3.9531,1.6485,0.4397
115,,,,,,4.1827,1.7445,1.4134
116,,,,,,4.3703,1.8227,2.2312
117,,,,,,4.3544,0.4647,1.3813
118,,,,,,4.1001,0.4375,0.3451
119,,,,,,4.3871,-0.5393,0.9336
120,,,,,,4.2392,-1.0012,0.0874
121,,,,,,4.1172,7.7916,5.9991
122,,,,,,4.1168,7.7906,6.5991
123,,,,,,4.3306,6.1832,6.6369
124,,,,,,4.335,6.1893,5.9593
125,,,,,,4.2635,6.7523,6.1836
126,,,,,,3.947,7.7851,7.3864
127,,,,,,4.0236,7.8113,7.0725
128,,,,,,4.0886,7.3813,7.0436
129,,,,,,4.1543,6.0714,7.5046
130,,,,,,4.3228,6.0435,6.8247
131,,,,,,4.329,5.7557,6.8481
132,,,,,,4.1933,5.5753,7.4112
133,,,,,,4.2274,2.5576,7.4169
134,,,,,,4.3724,2.6453,6.8136
135,,,,,,4.3763,-0.5464,6.8875
136,,,,,,4.2291,-0.528,7.4652
137,,,,,,4.4002,-3.0839,6.9021
138,,,,,,4.2445,-3.5767,7.5355
139,,,,,,4.4312,-3.7338,6.3003
140,,,,,,4.4382,-3.7399,4.0965
141,,,,,,4.4414,-3.7427,2.6314
142,,,,,,4.4456,-3.7463,1.066
143,,,,,,4.4354,-2.3897,1.1079
144,,,,,,4.4334,-2.3886,1.9389
145,,,,,,4.441,-2.3925,3.8875
146,,,,,,4.422,-2.3822,6.3458
147,,,,,,4.4143,-0.7873,6.363
148,,,,,,4.4268,-0.7896,4.7802
149,,,,,,4.4288,-0.7901,3.0738
150,,,,,,4.4269,-0.7899,1.3195
151,,,,,,4.4139,1.3772,2.6141
152,,,,,,4.405,1.3745,4.2478
153,,,,,,4.3995,1.3728,6.704
154,,,,,,4.3937,3.4792,6.3778
155,,,,,,4.407,3.4896,4.8165
156,,,,,,4.4198,3.4997,3.5409
157,,,,,,4.3897,5.1582,4.5258
158,,,,,,4.3717,5.1371,6.3607
159,,,,,,4.2622,-1.3993,0.1633
160,,,,,,4.3719,-1.4355,0.6139
161,,,,,,4.4159,-3.8697,0.7232
162,,,,,,4.2734,-3.8365,0.1725
163,,,,,,3.4055,-4.6962,7.4839
164,,,,,,3.418,-4.7136,5.0295
165,,,,,,3.4246,-4.7228,2.4161
166,,,,,,3.4322,-4.7335,0.2146
167,,,,,,3.0432,-4.6947,7.385
168,,,,,,3.0565,-4.7156,4.5912
169,,,,,,3.0651,-4.7289,2.17
170,,,,,,3.0717,-4.7391,0.3536
171,,,,,,1.5107,-4.7325,0.4314
172,,,,,,1.5079,-4.7243,2.7236
173,,,,,,1.5041,-4.7116,4.6455
174,,,,,,1.5263,-4.7007,7.1665
175,,,,,,1.5236,-4.6926,8.3035
176,,,,,,1.0002,-4.7073,7.9711
177,,,,,,1.0011,-4.7121,7.0499
178,,,,,,1.0024,-4.7184,4.0814
179,,,,,,1.0041,-4.7265,2.3237
180,,,,,,1.006,-4.7357,0.4941
181,,,,,,-0.4072,-4.7064,8.2894
182,,,,,,-0.4083,-4.7181,6.3876
183,,,,,,-0.4087,-4.7225,3.8278
184,,,,,,-0.4093,-4.7305,2.0773
185,,,,,,-0.4101,-4.7374,0.9208
186,,,,,,-0.8799,-4.7438,0.4592
187,,,,,,-0.8777,-4.733,2.7633
188,,,,,,-0.8761,-4.7252,4.5245
189,,,,,,-0.8748,-4.7175,6.5794
190,,,,,,-0.8736,-4.7098,8.1852
191,,,,,,-2.3029,-4.7051,8.3699
192,,,,,,-2.3123,-4.7242,6.3473
193,,,,,,-2.3173,-4.7343,4.2345
194,,,,,,-2.3218,-4.7433,2.1614
195,,,,,,-2.3267,-4.7528,0.3516
196,,,,,,-2.7033,-4.696,8.5111
197,,,,,,-2.7135,-4.7135,6.4997
198,,,,,,-2.7191,-4.7232,4.5185
199,,,,,,-2.731,-4.7439,2.2796
200,,,,,,-2.7404,-4.76,0.3204
201,,,,,,-1.7929,-4.0388,0.5267
202,,,,,,-1.789,-4.0296,2.6319
203,,,,,,-1.784,-4.0185,4.4263
204,,,,,,-1.7807,-4.0113,6.4343
205,,,,,,-1.7732,-3.9945,8.5834
206,,,,,,-1.2921,-3.9965,8.1523
207,,,,,,-1.295,-4.0048,6.2902
208,,,,,,-1.2973,-4.0121,4.2478
209,,,,,,-1.3017,-4.0254,2.3127
210,,,,,,-1.3046,-4.034,0.3038
211,,,,,,0.131,-3.9866,8.896
212,,,,,,0.1313,-3.9969,6.9194
213,,,,,,0.1315,-4.0042,4.9548
214,,,,,,0.1318,-4.0164,2.804
215,,,,,,0.1321,-4.0259,1.1727
216,,,,,,0.5864,-4.0236,1.1709
217,,,,,,0.5847,-4.0128,2.9659
218,,,,,,0.5836,-4.0039,4.8755
219,,,,,,0.5825,-3.9966,6.855
220,,,,,,0.5824,-3.9948,8.7404
221,,,,,,1.896,-3.9711,8.7192
222,,,,,,2.0415,-3.9975,6.2677
223,,,,,,2.0444,-4.0035,4.0006
224,,,,,,2.051,-4.0169,1.9846
225,,,,,,2.0552,-4.0251,0.3832
226,,,,,,2.4594,-4.0332,0.3384
227,,,,,,2.4513,-4.02,1.909
228,,,,,,2.4408,-4.0029,4.0408
229,,,,,,2.4676,-3.9942,6.5079
230,,,,,,3.8098,-3.9861,7.1064
231,,,,,,3.8343,-4.0117,4.7617
232,,,,,,3.8411,-4.019,2.2048
233,,,,,,3.8429,-4.021,0.2966
234,,,,,,4.228,-4.0203,0.8143
235,,,,,,4.2238,-4.0161,3.0039
236,,,,,,4.2192,-4.0116,4.7522
237,,,,,,4.1855,-3.9794,7.4511
238,,,,,,-2.9257,6.967,0.1025
239,,,,,,-2.9304,6.9778,2.6182
240,,,,,,,,
241,,,,,,-2.9337,6.9856,4.6218
242,,,,,,-2.9305,6.9775,8.7297
243,,,,,,-2.9098,6.4787,8.6836
244,,,,,,-2.9124,6.4849,6.6902
245,,,,,,-2.9126,6.4856,4.4252
246,,,,,,-2.9102,6.4804,2.3438
247,,,,,,-2.9144,6.4899,0.0668
248,,,,,,-3.2285,2.2919,0.2065
249,,,,,,-3.225,2.2893,2.4029
250,,,,,,-3.2269,2.2906,4.1933
251,,,,,,-3.2336,2.2952,5.9043
252,,,,,,-3.2322,2.2942,8.3321
253,,,,,,-3.2277,1.9962,8.542
254,,,,,,-3.2364,2.0016,6.5919
255,,,,,,-3.2261,1.9954,4.3472
256,,,,,,-3.225,1.9949,2.1727
257,,,,,,-3.2287,1.9971,0.3025
258,,,,,,-3.2195,0.4415,0.2962
259,,,,,,-3.2173,0.441,1.9974
260,,,,,,-3.2194,0.4415,3.6092
261,,,,,,-3.2189,0.4412,5.5289
262,,,,,,-3.2185,0.4412,7.6299
263,,,,,,-3.2199,0.0203,7.5747
264,,,,,,-3.2157,0.0202,5.5463
265,,,,,,-3.2135,0.0205,2.3323
266,,,,,,-3.2133,0.0205,1.0066
267,,,,,,-3.216,0.0202,0.2953
268,,,,,,-3.2092,-1.5052,0.2556
269,,,,,,-3.21,-1.5055,2.0214
270,,,,,,-3.2071,-1.5043,3.771
271,,,,,,-3.2062,-1.504,5.752
272,,,,,,-3.2119,-1.507,8.1075
273,,,,,,-3.2139,-1.9195,8.3479
274,,,,,,-3.2054,-1.9143,5.7756
275,,,,,,-3.207,-1.9152,3.9651
276,,,,,,-3.209,-1.9163,1.7818
277,,,,,,-3.2092,-1.9164,0.2943
278,,,,,,-3.1947,-3.8616,0.2647
279,,,,,,-3.1791,-3.8429,2.4982
280,,,,,,-3.173,-3.8356,4.7875
281,,,,,,-3.173,-3.8356,7.0712
282,,,,,,-3.1886,-3.8546,8.6502
283,,,,,,-2.5407,5.1667,8.6218
284,,,,,,-2.537,5.1593,6.3367
285,,,,,,-2.5355,5.1564,4.1977
286,,,,,,-2.5352,5.1561,2.4203
287,,,,,,-2.534,5.1536,1.2012
288,,,,,,-2.5322,4.7135,8.7168
289,,,,,,-2.5333,4.7159,6.1656
290,,,,,,-2.5275,4.7051,4.3137
291,,,,,,-2.5274,4.7051,2.6917
292,,,,,,-2.5266,4.7037,1.0434
293,,,,,,-2.5189,3.2883,0.3148
294,,,,,,-2.5211,3.2913,2.102
295,,,,,,-2.5242,3.2953,4.1408
296,,,,,,-2.5332,3.3069,6.3664
297,,,,,,-2.5357,3.31,8.5041
298,,,,,,-2.5263,2.8449,8.4478
299,,,,,,-3.1707,3.5702,4.7682
300,,,,,,-2.5203,2.8384,3.7853
301,,,,,,-2.5185,2.8365,1.9725
302,,,,,,-2.52,2.8381,0.2686
303,,,,,,-2.5121,1.333,0.2805
304,,,,,,-2.5098,1.3317,2.5394
305,,,,,,-2.5117,1.3326,4.3696
306,,,,,,-2.5182,1.336,6.6681
307,,,,,,-2.5157,1.3346,8.3825
308,,,,,,-2.5089,0.9561,8.4523
309,,,,,,-2.5133,0.9577,6.5113
310,,,,,,-2.5072,0.9555,4.1597
311,,,,,,-2.5072,0.9557,2.2776
312,,,,,,-2.5089,0.9563,0.3558
313,,,,,,-2.5022,-0.5615,0.3105
314,,,,,,-2.5024,-0.5615,2.4365
315,,,,,,-2.5023,-0.5616,4.8831
316,,,,,,-2.5028,-0.5618,6.3335
317,,,,,,-2.5056,-0.5625,7.8689
318,,,,,,-2.5035,-0.9464,8.0102
319,,,,,,-2.5009,-0.9452,6.4538
320,,,,,,-2.4997,-0.9446,3.9922
321,,,,,,-2.5007,-0.945,2.1851
322,,,,,,-2.5021,-0.9454,0.3113
323,,,,,,-2.491,-2.3996,0.2249
324,,,,,,-2.4893,-2.3978,2.4171
325,,,,,,-2.4842,-2.393,4.6485
326,,,,,,-2.4873,-2.3962,6.5089
327,,,,,,-2.4948,-2.4035,8.1838
328,,,,,,-2.485,-2.8156,8.5617
329,,,,,,-2.4823,-2.8124,6.3034
330,,,,,,-2.4804,-2.8101,4.2596
331,,,,,,-2.4854,-2.8157,2.312
332,,,,,,-2.4899,-2.8207,0.3561
333,,,,,,-2.8169,-4.5907,8.8436
334,,,,,,-2.8148,-4.587,7.013
335,,,,,,-2.8173,-4.5907,4.2472
336,,,,,,-2.8231,-4.6001,2.312
337,,,,,,-2.8242,-4.6012,0.2424
338,,,,,,-2.8214,-4.143,8.7269
339,,,,,,-2.8103,-4.1267,6.8647
340,,,,,,-2.8143,-4.1324,4.6005
341,,,,,,-2.822,-4.1437,2.4949
342,,,,,,-2.8254,-4.1485,0.35
343,,,,,,-1.9313,7.2984,-0.0405
344,,,,,,-1.1964,7.0957,-0.0454
345,,,,,,0.3475,6.5071,-0.035
346,,,,,,1.3442,6.3719,-0.0345
347,,,,,,2.5634,5.4598,-0.0299
348,,,,,,2.8707,3.9356,-0.0234
349,,,,,,1.4642,3.8312,-0.0226
350,,,,,,-0.1074,4.0969,-0.0215
351,,,,,,-1.2683,3.9031,-0.0234
352,,,,,,-2.8499,4.2462,-0.0246
353,,,,,,-2.8019,2.0581,-0.0151
354,,,,,,-1.3255,1.9694,-0.0074
355,,,,,,0.3178,2.068,-0.011
356,,,,,,1.8514,2.0602,-0.006
357,,,,,,2.9818,2.1023,-0.0103
358,,,,,,3.5713,0.348,0.0034
359,,,,,,2.0526,0.2148,0.0084
360,,,,,,-0.0504,0.7835,0.0016
361,,,,,,-1.4345,0.4309,0.0043
362,,,,,,-2.84,0.2428,-0.0081
363,,,,,,-2.873,-1.7242,0.0044
364,,,,,,-1.2879,-1.6063,0.0135
365,,,,,,-0.0129,-1.8133,0.0177
366,,,,,,1.8604,-1.626,0.0138
367,,,,,,3.5503,-2.1408,0.0163
368,,,,,,3.9318,-3.7411,0.034
369,,,,,,2.0103,-3.5726,0.0239
370,,,,,,-0.249,-4.2619,0.0284
371,,,,,,-1.6566,-3.8412,0.0195
372,,,,,,-2.8123,-3.6194,0.0138
373,,,,,,2.1296,-3.6941,7.1067
374,,,,,,2.1257,-3.6872,8.7295
375,,,,,,2.1219,-1.5741,7.1536
376,,,,,,2.1065,-1.5625,8.762
377,,,,,,2.0928,0.1346,8.7762
378,,,,,,2.1187,0.1363,7.2544
379,,,,,,2.1129,0.9857,7.2595
380,,,,,,2.0962,0.9779,8.7117
381,,,,,,2.1122,2.5046,7.0991
382,,,,,,2.088,2.4758,8.5878
383,,,,,,2.077,3.9742,8.4647
384,,,,,,2.1044,4.0263,7.2959
385,,,,,,2.0769,7.8376,7.1694
386,,,,,,2.0557,7.7576,8.7282
387,,,,,,1.8606,7.6242,9.0366
388,,,,,,0.4566,7.0739,9.0399
389,,,,,,-0.5053,6.714,9.0442
390,,,,,,-1.6292,6.81,9.0409
391,,,,,,-2.7329,6.702,9.0468
392,,,,,,-2.1963,5.0799,9.051
393,,,,,,-1.3202,5.0913,9.0499
394,,,,,,-0.4008,5.2456,9.0523
395,,,,,,0.5615,5.3702,9.0395
396,,,,,,1.8344,5.0835,9.0456
397,,,,,,1.8511,3.3434,9.052
398,,,,,,0.576,3.2683,9.0565
399,,,,,,-0.4084,3.2406,9.0569
400,,,,,,-1.4485,3.0634,9.0568
401,,,,,,-2.4048,2.5479,9.063
402,,,,,,-2.2718,0.417,9.0689
403,,,,,,-1.197,0.2198,9.0668
404,,,,,,-0.1001,0.9709,9.064
405,,,,,,1.0928,0.5184,9.0684
406,,,,,,1.7552,0.8327,9.0647
407,,,,,,1.7643,-1.5563,9.0771
408,,,,,,0.7492,-1.7172,9.0764
409,,,,,,0.0043,-1.8739,9.0762
410,,,,,,-1.2697,-1.9345,9.0784
411,,,,,,-2.2223,-1.7728,9.0811
412,,,,,,-1.9347,-3.4215,9.0934
413,,,,,,-0.7997,-3.8493,9.0952
414,,,,,,-0.2256,-3.6774,9.0913
415,,,,,,1.0606,-3.528,9.0903
416,,,,,,1.7203,-3.2811,9.0826
417,,,,,,3.1844,5.635,7.5911
418,,,,,,3.7504,5.5893,7.5855
419,,,,,,3.2016,3.8461,7.6122
420,,,,,,3.7185,3.876,7.6032
421,,,,,,3.8991,1.0616,7.5962
422,,,,,,3.2538,0.8859,7.6076
423,,,,,,3.2402,-0.8204,7.6159
424,,,,,,3.7684,-0.9541,7.6084
425,,,,,,3.9919,-2.8257,7.6059
426,,,,,,3.2376,-2.5249,7.6169
427,,,,,,0.0034,7.8363,1.4459