Point Id,,,,,,Easting,Northing,Elevation
DEFAULT25,,,,,,,,
1,,,,,,2.1675,-1.3387,3.4362
2,,,,,,2.4865,0.5788,3.4766
3,,,,,,2.737,3.5852,3.5085
4,,,,,,-0.1678,-1.5683,-0.0156
5,,,,,,-0.375,-1.5871,-0.0195
6,,,,,,0.5262,1.2379,-0.0131
7,,,,,,0.092,3.3518,1.059
8,,,,,,0.1022,3.3643,0.6572
9,,,,,,0.8004,3.4395,0.6567
10,,,,,,-0.5351,3.2514,3.4842
11,,,,,,-0.5358,3.2561,2.3562
12,,,,,,-0.5382,3.2711,0.9336
13,,,,,,-0.5413,3.2906,0.071
14,,,,,,0.076,3.3141,3.1476
15,,,,,,0.0761,3.3175,1.9569
16,,,,,,0.8415,3.3919,3.2972
17,,,,,,0.8462,3.4105,1.7814
18,,,,,,0.858,3.4579,0.0761
19,,,,,,1.5613,3.4706,3.0545
20,,,,,,1.5703,3.4908,1.6429
21,,,,,,1.4269,3.4942,0.813
22,,,,,,2.358,3.5526,3.3717
23,,,,,,2.3632,3.5605,2.6074
24,,,,,,1.9696,3.5315,1.71
25,,,,,,2.6835,2.8344,3.4153
26,,,,,,2.3573,1.1888,3.1107
27,,,,,,1.9219,1.2084,2.303
28,,,,,,1.2911,1.1544,1.1619
29,,,,,,0.8461,1.0879,0.4731
30,,,,,,0.5845,1.1001,0.1038
31,,,,,,0.0085,-2.1927,1.0848
32,,,,,,-0.0027,-2.2049,0.6829
33,,,,,,-0.7045,-2.2533,0.6806
34,,,,,,0.8032,-2.1067,3.4392
35,,,,,,0.8053,-2.1126,1.9591
36,,,,,,0.7758,-2.0351,0.7002
37,,,,,,0.8143,-2.1361,0.1256
38,,,,,,0.0165,-2.1584,3.1969
39,,,,,,0.0165,-2.1659,1.6577
40,,,,,,-0.6671,-2.2031,3.3703
41,,,,,,-0.6698,-2.2123,2.3686
42,,,,,,-0.6757,-2.2314,1.3623
43,,,,,,-1.5989,-2.2705,3.25
44,,,,,,-1.6041,-2.2779,2.5451
45,,,,,,-1.5241,-2.2862,1.5819
46,,,,,,-1.3398,-2.2927,0.7325
47,,,,,,-2.1459,-2.3093,3.4281
48,,,,,,-2.1512,-2.3153,2.5994
49,,,,,,-1.9329,-2.3084,1.8792
50,,,,,,-2.5222,-2.3371,3.4481
51,,,,,,-2.6208,-2.1327,3.4587
52,,,,,,-2.2659,-2.2197,2.4929
53,,,,,,-1.858,-2.2011,1.5469
54,,,,,,-1.4427,-2.1592,0.777
55,,,,,,-0.9949,-2.1863,0.0486
56,,,,,,-2.5505,-1.4731,3.439
57,,,,,,-1.9595,-1.3378,2.1478
58,,,,,,-1.4586,-1.3802,1.1013
59,,,,,,-0.9409,-1.3203,0.2691
60,,,,,,-2.3416,-0.6345,3.2318
61,,,,,,-1.8286,-0.5845,2.2399
62,,,,,,-1.3004,-0.619,1.1903
63,,,,,,-0.7256,-0.7197,0.2213
64,,,,,,-2.3096,0.1732,3.3934
65,,,,,,-1.663,0.1248,2.2248
66,,,,,,-1.0656,0.1928,1.1504
67,,,,,,-0.5748,0.366,0.458
68,,,,,,-2.186,0.8804,3.3837
69,,,,,,-1.4772,0.8772,2.2365
70,,,,,,-0.9212,0.9526,1.2831
71,,,,,,-0.2711,1.1169,0.3606
72,,,,,,-1.312,2.6257,3.3463
73,,,,,,-1.3087,2.6192,2.8417
74,,,,,,-0.5217,2.6948,3.3942
75,,,,,,-0.5199,2.686,2.5482
76,,,,,,-0.5173,2.6728,1.5982
77,,,,,,0.2846,2.7582,3.3424
78,,,,,,0.284,2.7517,2.5295
79,,,,,,0.2827,2.7391,1.5475
80,,,,,,0.2805,2.7172,0.5107
81,,,,,,0.7759,1.1199,3.1896
82,,,,,,0.7852,1.1332,2.3163
83,,,,,,0.7973,1.1507,1.359
84,,,,,,0.7921,1.143,0.3159
85,,,,,,0.8512,0.1718,3.3095
86,,,,,,0.8618,0.1738,2.5129
87,,,,,,0.8773,0.1769,1.1673
88,,,,,,0.8726,0.1759,0.2391
89,,,,,,0.9129,-0.5552,3.3729
90,,,,,,0.9257,-0.563,2.2257
91,,,,,,0.9341,-0.5681,1.3102
92,,,,,,0.9359,-0.5693,0.4151
93,,,,,,0.9547,-1.1226,3.2306
94,,,,,,0.9541,-1.1218,2.4752
95,,,,,,0.9786,-1.1614,1.1225
96,,,,,,0.9847,-1.1687,0.2738
97,,,,,,1.0145,-1.8582,3.47
98,,,,,,1.037,-1.8994,2.4505
99,,,,,,1.0572,-1.9363,1.3217
100,,,,,,1.0669,-1.9543,0.2545
101,,,,,,0.8991,-1.8966,3.5603
102,,,,,,-0.0188,-1.8976,3.5639
103,,,,,,-0.8741,-1.9991,3.5569
104,,,,,,-1.5903,-1.9763,3.5404
105,,,,,,-2.2901,-2.0505,3.5362
106,,,,,,-2.2699,-0.6981,3.5325
107,,,,,,-0.9878,-0.6702,3.5364
108,,,,,,-0.1462,-0.581,3.5341
109,,,,,,0.6893,-0.4498,3.5381
110,,,,,,0.5129,1.0103,3.5188
111,,,,,,-0.6511,0.9684,3.5138
112,,,,,,-2.1096,0.8643,3.5082
113,,,,,,-1.285,2.4203,3.4924
114,,,,,,-0.2994,2.4025,3.4941
115,,,,,,0.269,2.4119,3.4983
116,,,,,,0.6251,1.2624,0.0387
117,,,,,,0.0702,1.1784,0.0358
118,,,,,,0.7977,0.4567,0.046
119,,,,,,-0.5387,-0.8044,-0.0291
120,,,,,,0.7016,-0.7222,-0.0135
121,,,,,,-0.6663,-1.4704,-0.041
122,,,,,,0.088,-1.4373,-0.029
123,,,,,,0.9544,-1.206,-0.0214
124,,,,,,-0.6223,-2.1126,-0.025
125,,,,,,-0.0177,-2.0593,-0.0215
126,,,,,,0.8899,-1.9619,-0.009
127,,,,,,-2.4304,-0.319,2.4174
128,,,,,,-2.439,-0.3203,1.8288
129,,,,,,-2.4875,-0.3266,1.0595
130,,,,,,-2.5273,-0.3317,0.2023
131,,,,,,-1.6862,0.1496,3.2414
132,,,,,,-1.6658,0.1478,2.1015
133,,,,,,-1.6975,0.1507,1.1238
134,,,,,,-1.7414,0.1547,0.2758
135,,,,,,-0.9641,0.5854,2.6038
136,,,,,,-0.9929,0.6029,1.4192
137,,,,,,-1.0096,0.6131,0.3555
138,,,,,,-0.474,0.9316,3.1117
139,,,,,,-0.4646,0.9132,2.2032
140,,,,,,-0.4727,0.9292,1.331
141,,,,,,-0.4815,0.9467,0.2866
142,,,,,,0.0965,1.2648,2.9298
143,,,,,,0.0987,1.2943,1.6211
144,,,,,,0.1008,1.3194,0.2052
145,,,,,,0.713,1.6696,3.1756
146,,,,,,0.7155,1.6753,1.918
147,,,,,,0.7211,1.6897,1.0846
148,,,,,,0.5934,1.6304,0.2027
149,,,,,,1.0334,1.6291,3.1182
150,,,,,,1.0152,1.6004,1.9845
151,,,,,,1.0018,1.5793,0.9822
152,,,,,,0.9745,1.536,0.1569
153,,,,,,1.4612,0.9495,2.8876
154,,,,,,1.4387,0.9347,1.6723
155,,,,,,1.3834,0.8986,0.3134
156,,,,,,1.8609,0.3319,3.0502
157,,,,,,1.8358,0.3274,2.1888
158,,,,,,1.8063,0.3221,1.0879
159,,,,,,1.7215,0.3069,0.2389
160,,,,,,2.2579,-0.2881,3.142
161,,,,,,2.196,-0.2801,1.6529
162,,,,,,2.0931,-0.2672,0.5343
163,,,,,,2.2812,-0.6615,3.0269
164,,,,,,2.2576,-0.6547,1.5572
165,,,,,,2.1348,-0.7104,0.2473
166,,,,,,1.4651,-1.2276,2.9697
167,,,,,,1.4246,-1.1937,1.7036
168,,,,,,1.4014,-1.1743,0.2498
169,,,,,,0.3482,-1.8865,3.2827
170,,,,,,0.3447,-1.8679,1.6266
171,,,,,,0.3415,-1.8511,0.3465
172,,,,,,-0.9107,-2.6832,2.7294
173,,,,,,-0.8926,-2.6298,1.615
174,,,,,,-0.8888,-2.6186,0.4512
175,,,,,,-1.1869,-2.5081,2.9572
176,,,,,,-1.1977,-2.5307,1.5295
177,,,,,,-1.2082,-2.5525,0.3871
178,,,,,,-1.633,-1.8045,3.0304
179,,,,,,-1.6404,-1.8128,1.7883
180,,,,,,-1.6583,-1.8325,0.3876
181,,,,,,-1.9778,-1.2697,2.9855
182,,,,,,-1.984,-1.2736,1.8119
183,,,,,,-2.0015,-1.2848,0.4992
184,,,,,,-2.3815,-0.6291,2.7363
185,,,,,,-2.3925,-0.632,1.5876
186,,,,,,-2.4086,-0.6361,0.3631
187,,,,,,-1.6192,-0.0684,3.4211
188,,,,,,-0.8302,-1.1276,3.4073
189,,,,,,-0.2442,-1.9618,3.3963
190,,,,,,0.2689,-1.6394,3.3739
191,,,,,,-0.3374,-0.8487,3.3901
192,,,,,,-0.9999,0.2437,3.3975
193,,,,,,-0.4481,0.6945,3.3598
194,,,,,,0.1901,-0.4497,3.3495
195,,,,,,0.9016,-1.3024,3.3398
196,,,,,,1.4374,-0.7965,3.3117
197,,,,,,0.8168,0.1415,3.325
198,,,,,,0.315,1.0055,3.3332
199,,,,,,0.9085,1.5361,3.3035
200,,,,,,1.6569,0.3829,3.2868
201,,,,,,1.9869,-0.4294,3.2822
202,,,,,,1.8926,-0.7049,-0.0079
203,,,,,,1.5495,0.0348,0.0085
204,,,,,,1.2443,0.6803,0.02
205,,,,,,0.8224,1.5263,0.037
206,,,,,,0.1477,1.1142,0.0498
207,,,,,,0.725,0.2843,0.0194
208,,,,,,0.8482,-0.3566,0.0058
209,,,,,,1.2276,-1.135,0.0031
210,,,,,,0.5556,-1.5616,0.0141
211,,,,,,0.181,-1.0298,0.0146
212,,,,,,-0.3321,-0.745,0.0204
213,,,,,,-0.7934,0.1321,0.0441
214,,,,,,-1.0603,0.5246,0.0621
215,,,,,,-1.7852,-0.0094,0.071
216,,,,,,-1.3999,-0.5545,0.053
217,,,,,,-0.9627,-1.1835,0.0346
218,,,,,,-0.4742,-2.1355,0.0288
219,,,,,,-1.0443,-2.5624,0.0411
220,,,,,,-1.5848,-1.7641,0.056
221,,,,,,-2.0389,-0.9332,0.0708
222,,,,,,-2.3656,-0.4598,0.079
223,,,,,,2.1771,-0.3939,3.2604
224,,,,,,2.1555,-0.3962,2.5342
225,,,,,,2.1361,-0.402,1.8347
226,,,,,,2.1201,-0.4096,1.1717
227,,,,,,2.1093,-0.4158,0.5901
228,,,,,,2.0805,-0.4319,0.3928
229,,,,,,1.9807,-0.5017,-0.0022
230,,,,,,-1.9851,-1.3229,-0.2855
231,,,,,,-2.1483,-1.0692,-0.282
232,,,,,,-2.0602,-1.1992,-0.5445
DEFAULT26,,,,,,,,
233,,,,,,-1.3779,0.3019,3.9876
234,,,,,,0.0004,1.5115,1.4707
235,,,,,,-1.3783,0.3022,3.9887
236,,,,,,-1.3967,0.6033,3.9897
237,,,,,,-1.3839,0.4429,3.729
238,,,,,,0.8169,-0.833,0.0486
239,,,,,,0.8147,-0.8439,0.0519
240,,,,,,0.8287,-0.8241,0.0448
241,,,,,,0.8148,-0.8069,0.0235
242,,,,,,0.7936,-0.8312,0.0233
243,,,,,,0.7872,-0.8627,0.0255
244,,,,,,0.8256,-0.8398,0.0645
245,,,,,,1.0136,-0.8713,0.3764
246,,,,,,1.3387,-0.9143,1.108
247,,,,,,1.6034,-0.9428,1.706
248,,,,,,1.9348,-0.9868,2.4629
249,,,,,,2.1239,-0.9703,3.0899
250,,,,,,2.2855,-0.9503,3.6546
251,,,,,,2.4643,-0.9336,4.2753
252,,,,,,2.4979,-0.885,4.2915
253,,,,,,2.517,-1.0019,4.2919
254,,,,,,2.4361,-0.9193,4.2908
255,,,,,,-1.2203,1.4417,4.2142
256,,,,,,-1.07,1.4493,3.6108
257,,,,,,-1.0742,1.4551,1.6869
258,,,,,,-1.1337,1.4518,0.2131
259,,,,,,-0.3951,1.4922,0.1924
260,,,,,,-0.3958,1.4948,1.4137
261,,,,,,-0.395,1.4916,3.2126
262,,,,,,-0.3939,1.4874,4.1284
263,,,,,,0.2989,1.5261,4.1549
264,,,,,,0.2985,1.524,3.1173
265,,,,,,0.299,1.5266,1.468
266,,,,,,0.2996,1.5291,0.2172
267,,,,,,1.0415,1.5739,0.2646
268,,,,,,1.0335,1.5619,1.4307
269,,,,,,1.0355,1.5651,3.2015
270,,,,,,1.0326,1.5606,4.1635
271,,,,,,1.7245,1.5912,4.1087
272,,,,,,1.7916,1.6532,3.0992
273,,,,,,1.7186,1.5858,1.816
274,,,,,,1.6247,1.5895,0.6073
275,,,,,,2.182,1.6094,2.121
276,,,,,,2.4169,1.6135,3.4103
277,,,,,,2.4322,1.6238,4.2423
278,,,,,,2.5839,1.3357,4.2259
279,,,,,,2.4933,1.2888,3.3139
280,,,,,,2.1897,1.3183,1.8398
281,,,,,,1.5564,1.2767,0.3182
282,,,,,,1.4364,0.5738,0.3708
283,,,,,,1.9441,0.534,1.4619
284,,,,,,2.4298,0.6672,3.055
285,,,,,,2.5806,0.6641,4.0065
286,,,,,,2.5497,-0.0775,3.8973
287,,,,,,2.3781,-0.0723,3.0797
288,,,,,,1.8655,-0.0567,1.5311
289,,,,,,1.4492,-0.0442,0.6266
290,,,,,,1.1874,-0.8634,0.5373
291,,,,,,1.7368,-0.8524,1.6135
292,,,,,,2.2881,-0.9248,3.1268
293,,,,,,2.5234,-0.9071,3.9478
294,,,,,,2.3287,-1.1808,3.9827
295,,,,,,2.122,-1.2021,3.1856
296,,,,,,1.669,-1.2202,4.111
297,,,,,,1.6735,-1.2235,3.1509
298,,,,,,1.6676,-1.2196,2.041
299,,,,,,1.1611,-1.2287,0.8498
300,,,,,,1.1737,-1.2419,2.1516
301,,,,,,1.1608,-1.2284,3.1572
302,,,,,,1.1714,-1.2394,4.0876
303,,,,,,0.4456,-1.2755,4.1204
304,,,,,,0.4478,-1.282,3.1838
305,,,,,,0.4476,-1.2812,1.9393
306,,,,,,0.4422,-1.2656,1.0114
307,,,,,,0.4371,-1.2518,0.2062
308,,,,,,-0.4251,-1.301,0.2906
309,,,,,,-0.4324,-1.3236,1.4485
310,,,,,,-0.4327,-1.3244,2.2545
311,,,,,,-0.4301,-1.3165,3.1856
312,,,,,,-0.4304,-1.3176,4.1527
313,,,,,,-1.148,-1.3417,4.1604
314,,,,,,-1.1513,-1.3456,3.2738
315,,,,,,-1.157,-1.3521,2.2816
316,,,,,,-1.1575,-1.3527,1.4013
317,,,,,,-1.1544,-1.349,0.2828
318,,,,,,-1.3109,-1.1661,0.2979
319,,,,,,-1.2961,-1.153,1.5288
320,,,,,,-1.2898,-1.1475,2.4426
321,,,,,,-1.2984,-1.1549,4.151
322,,,,,,-1.3644,-0.1174,4.1187
323,,,,,,-1.3523,-0.1163,3.2253
324,,,,,,-1.3613,-0.1171,1.6518
325,,,,,,-1.3606,-0.1169,0.509
326,,,,,,-1.3921,0.5294,0.4384
327,,,,,,-1.3929,0.5296,1.7317
328,,,,,,-1.3895,0.5283,3.2474
329,,,,,,-1.3958,0.5307,4.1835
330,,,,,,-1.4173,1.1087,4.0779
331,,,,,,-1.4218,1.1123,3.5484
332,,,,,,-1.416,1.1078,2.381
333,,,,,,-1.4232,1.1134,1.3559
334,,,,,,-1.4296,1.1184,0.2799
335,,,,,,-1.2559,1.195,4.3276
336,,,,,,0.1207,1.3393,4.3166
337,,,,,,1.6229,1.429,4.311
338,,,,,,2.4435,1.3902,4.3102
339,,,,,,2.409,0.6422,4.3017
340,,,,,,1.4609,0.5644,4.2917
341,,,,,,0.172,0.4895,4.3007
342,,,,,,-1.2504,0.3593,4.3289
343,,,,,,-1.2739,-0.2529,4.327
344,,,,,,-0.1548,-0.2997,4.2983
345,,,,,,1.0809,-0.2339,4.2878
346,,,,,,2.4487,-0.0824,4.2987
347,,,,,,2.2731,-0.8976,4.29
348,,,,,,1.1923,-0.9734,4.2938
349,,,,,,0.1865,-0.9832,4.3067
350,,,,,,-1.1332,-1.0589,4.3208
351,,,,,,-1.1773,-1.1992,0.0287
352,,,,,,-0.6327,-1.2111,0.0284
353,,,,,,-0.0786,-1.1383,0.0271
354,,,,,,0.6901,-1.0784,0.0242
355,,,,,,0.9213,-0.2576,0.0271
356,,,,,,-0.0791,-0.7595,0.0269
357,,,,,,-0.8417,-0.4891,0.0303
358,,,,,,-1.2478,-0.3501,0.0322
359,,,,,,-1.2453,0.4697,0.0404
360,,,,,,-0.477,0.5954,0.03
361,,,,,,0.4046,0.648,0.0276
362,,,,,,0.9922,0.7132,0.0274
363,,,,,,1.1287,1.3937,0.0251
364,,,,,,0.3922,1.4345,0.0296
365,,,,,,-0.4862,1.3243,0.0315
366,,,,,,-1.1155,1.3031,0.0399
367,,,,,,-0.2474,-1.3242,1.1223
368,,,,,,-0.2329,-1.3147,0.7186
369,,,,,,0.4716,-1.2797,0.7211
370,,,,,,-1.0223,-1.0396,2.515