Point ID     ,  Hz.(º ' "),  V.(º ' "),Slope Dist.(m),Refl.Ht.(m),Inst.Ht.(m),Easting(m),  Northing(m),  Height(m)
 7777            ,    0 00 03 ,   88 19 34,          0,      0.000,      1.400,            0,            0,          0
2	  ,  236 06 23 ,  119 35 54,      2.876,      0.000,      0.000,   2.16750,	  -1.33870,	   3.43620		, //old index 1
3	  ,  236 06 23 ,  119 35 54,      2.876,      0.000,      0.000,   2.48650,	   0.57880,	   3.47660		, //old index 2
4	  ,  236 06 23 ,  119 35 54,      2.876,      0.000,      0.000,   2.73700,	   3.58520,	   3.50850		, //old index 3
5	  ,  236 06 23 ,  119 35 54,      2.876,      0.000,      0.000,  -0.16780,	  -1.56830,	  -0.01560		, //old index 4
6	  ,  236 06 23 ,  119 35 54,      2.876,      0.000,      0.000,  -0.37500,	  -1.58710,	  -0.01950		, //old index 5
7	  ,  236 06 23 ,  119 35 54,      2.876,      0.000,      0.000,   0.52620,	   1.23790,	  -0.01310		, //old index 6
8	  ,  236 06 23 ,  119 35 54,      2.876,      0.000,      0.000,   0.09200,	   3.35180,	   1.05900		, //old index 7
9	  ,  236 06 23 ,  119 35 54,      2.876,      0.000,      0.000,   0.10220,	   3.36430,	   0.65720		, //old index 8
10	  ,  236 06 23 ,  119 35 54,      2.876,      0.000,      0.000,   0.80040,	   3.43950,	   0.65670		, //old index 9
11	  ,  236 06 23 ,  119 35 54,      2.876,      0.000,      0.000,  -0.53510,	   3.25140,	   3.48420		, //old index 10
12	  ,  236 06 23 ,  119 35 54,      2.876,      0.000,      0.000,  -0.53580,	   3.25610,	   2.35620		, //old index 11
13	  ,  236 06 23 ,  119 35 54,      2.876,      0.000,      0.000,  -0.53820,	   3.27110,	   0.93360		, //old index 12
14	  ,  236 06 23 ,  119 35 54,      2.876,      0.000,      0.000,  -0.54130,	   3.29060,	   0.07100		, //old index 13
15	  ,  236 06 23 ,  119 35 54,      2.876,      0.000,      0.000,   0.07600,	   3.31410,	   3.14760		, //old index 14
16	  ,  236 06 23 ,  119 35 54,      2.876,      0.000,      0.000,   0.07610,	   3.31750,	   1.95690		, //old index 15
17	  ,  236 06 23 ,  119 35 54,      2.876,      0.000,      0.000,   0.84150,	   3.39190,	   3.29720		, //old index 16
18	  ,  236 06 23 ,  119 35 54,      2.876,      0.000,      0.000,   0.84620,	   3.41050,	   1.78140		, //old index 17
19	  ,  236 06 23 ,  119 35 54,      2.876,      0.000,      0.000,   0.85800,	   3.45790,	   0.07610		, //old index 18
20	  ,  236 06 23 ,  119 35 54,      2.876,      0.000,      0.000,   1.56130,	   3.47060,	   3.05450		, //old index 19
21	  ,  236 06 23 ,  119 35 54,      2.876,      0.000,      0.000,   1.57030,	   3.49080,	   1.64290		, //old index 20
22	  ,  236 06 23 ,  119 35 54,      2.876,      0.000,      0.000,   1.42690,	   3.49420,	   0.81300		, //old index 21
23	  ,  236 06 23 ,  119 35 54,      2.876,      0.000,      0.000,   2.35800,	   3.55260,	   3.37170		, //old index 22
24	  ,  236 06 23 ,  119 35 54,      2.876,      0.000,      0.000,   2.36320,	   3.56050,	   2.60740		, //old index 23
25	  ,  236 06 23 ,  119 35 54,      2.876,      0.000,      0.000,   1.96960,	   3.53150,	   1.71000		, //old index 24
26	  ,  236 06 23 ,  119 35 54,      2.876,      0.000,      0.000,   2.68350,	   2.83440,	   3.41530		, //old index 25
27	  ,  236 06 23 ,  119 35 54,      2.876,      0.000,      0.000,   2.35730,	   1.18880,	   3.11070		, //old index 26
28	  ,  236 06 23 ,  119 35 54,      2.876,      0.000,      0.000,   1.92190,	   1.20840,	   2.30300		, //old index 27
29	  ,  236 06 23 ,  119 35 54,      2.876,      0.000,      0.000,   1.29110,	   1.15440,	   1.16190		, //old index 28
30	  ,  236 06 23 ,  119 35 54,      2.876,      0.000,      0.000,   0.84610,	   1.08790,	   0.47310		, //old index 29
31	  ,  236 06 23 ,  119 35 54,      2.876,      0.000,      0.000,   0.58450,	   1.10010,	   0.10380		, //old index 30
32	  ,  236 06 23 ,  119 35 54,      2.876,      0.000,      0.000,   0.00850,	  -2.19270,	   1.08480		, //old index 31
33	  ,  236 06 23 ,  119 35 54,      2.876,      0.000,      0.000,  -0.00270,	  -2.20490,	   0.68290		, //old index 32
34	  ,  236 06 23 ,  119 35 54,      2.876,      0.000,      0.000,  -0.70450,	  -2.25330,	   0.68060		, //old index 33
35	  ,  236 06 23 ,  119 35 54,      2.876,      0.000,      0.000,   0.80320,	  -2.10670,	   3.43920		, //old index 34
36	  ,  236 06 23 ,  119 35 54,      2.876,      0.000,      0.000,   0.80530,	  -2.11260,	   1.95910		, //old index 35
37	  ,  236 06 23 ,  119 35 54,      2.876,      0.000,      0.000,   0.77580,	  -2.03510,	   0.70020		, //old index 36
38	  ,  236 06 23 ,  119 35 54,      2.876,      0.000,      0.000,   0.81430,	  -2.13610,	   0.12560		, //old index 37
39	  ,  236 06 23 ,  119 35 54,      2.876,      0.000,      0.000,   0.01650,	  -2.15840,	   3.19690		, //old index 38
40	  ,  236 06 23 ,  119 35 54,      2.876,      0.000,      0.000,   0.01650,	  -2.16590,	   1.65770		, //old index 39
41	  ,  236 06 23 ,  119 35 54,      2.876,      0.000,      0.000,  -0.66710,	  -2.20310,	   3.37030		, //old index 40
42	  ,  236 06 23 ,  119 35 54,      2.876,      0.000,      0.000,  -0.66980,	  -2.21230,	   2.36860		, //old index 41
43	  ,  236 06 23 ,  119 35 54,      2.876,      0.000,      0.000,  -0.67570,	  -2.23140,	   1.36230		, //old index 42
44	  ,  236 06 23 ,  119 35 54,      2.876,      0.000,      0.000,  -1.59890,	  -2.27050,	   3.25000		, //old index 43
45	  ,  236 06 23 ,  119 35 54,      2.876,      0.000,      0.000,  -1.60410,	  -2.27790,	   2.54510		, //old index 44
46	  ,  236 06 23 ,  119 35 54,      2.876,      0.000,      0.000,  -1.52410,	  -2.28620,	   1.58190		, //old index 45
47	  ,  236 06 23 ,  119 35 54,      2.876,      0.000,      0.000,  -1.33980,	  -2.29270,	   0.73250		, //old index 46
48	  ,  236 06 23 ,  119 35 54,      2.876,      0.000,      0.000,  -2.14590,	  -2.30930,	   3.42810		, //old index 47
49	  ,  236 06 23 ,  119 35 54,      2.876,      0.000,      0.000,  -2.15120,	  -2.31530,	   2.59940		, //old index 48
50	  ,  236 06 23 ,  119 35 54,      2.876,      0.000,      0.000,  -1.93290,	  -2.30840,	   1.87920		, //old index 49
51	  ,  236 06 23 ,  119 35 54,      2.876,      0.000,      0.000,  -2.52220,	  -2.33710,	   3.44810		, //old index 50
52	  ,  236 06 23 ,  119 35 54,      2.876,      0.000,      0.000,  -2.62080,	  -2.13270,	   3.45870		, //old index 51
53	  ,  236 06 23 ,  119 35 54,      2.876,      0.000,      0.000,  -2.26590,	  -2.21970,	   2.49290		, //old index 52
54	  ,  236 06 23 ,  119 35 54,      2.876,      0.000,      0.000,  -1.85800,	  -2.20110,	   1.54690		, //old index 53
55	  ,  236 06 23 ,  119 35 54,      2.876,      0.000,      0.000,  -1.44270,	  -2.15920,	   0.77700		, //old index 54
56	  ,  236 06 23 ,  119 35 54,      2.876,      0.000,      0.000,  -0.99490,	  -2.18630,	   0.04860		, //old index 55
57	  ,  236 06 23 ,  119 35 54,      2.876,      0.000,      0.000,  -2.55050,	  -1.47310,	   3.43900		, //old index 56
58	  ,  236 06 23 ,  119 35 54,      2.876,      0.000,      0.000,  -1.95950,	  -1.33780,	   2.14780		, //old index 57
59	  ,  236 06 23 ,  119 35 54,      2.876,      0.000,      0.000,  -1.45860,	  -1.38020,	   1.10130		, //old index 58
60	  ,  236 06 23 ,  119 35 54,      2.876,      0.000,      0.000,  -0.94090,	  -1.32030,	   0.26910		, //old index 59
61	  ,  236 06 23 ,  119 35 54,      2.876,      0.000,      0.000,  -2.34160,	  -0.63450,	   3.23180		, //old index 60
62	  ,  236 06 23 ,  119 35 54,      2.876,      0.000,      0.000,  -1.82860,	  -0.58450,	   2.23990		, //old index 61
63	  ,  236 06 23 ,  119 35 54,      2.876,      0.000,      0.000,  -1.30040,	  -0.61900,	   1.19030		, //old index 62
64	  ,  236 06 23 ,  119 35 54,      2.876,      0.000,      0.000,  -0.72560,	  -0.71970,	   0.22130		, //old index 63
65	  ,  236 06 23 ,  119 35 54,      2.876,      0.000,      0.000,  -2.30960,	   0.17320,	   3.39340		, //old index 64
66	  ,  236 06 23 ,  119 35 54,      2.876,      0.000,      0.000,  -1.66300,	   0.12480,	   2.22480		, //old index 65
67	  ,  236 06 23 ,  119 35 54,      2.876,      0.000,      0.000,  -1.06560,	   0.19280,	   1.15040		, //old index 66
68	  ,  236 06 23 ,  119 35 54,      2.876,      0.000,      0.000,  -0.57480,	   0.36600,	   0.45800		, //old index 67
69	  ,  236 06 23 ,  119 35 54,      2.876,      0.000,      0.000,  -2.18600,	   0.88040,	   3.38370		, //old index 68
70	  ,  236 06 23 ,  119 35 54,      2.876,      0.000,      0.000,  -1.47720,	   0.87720,	   2.23650		, //old index 69
71	  ,  236 06 23 ,  119 35 54,      2.876,      0.000,      0.000,  -0.92120,	   0.95260,	   1.28310		, //old index 70
72	  ,  236 06 23 ,  119 35 54,      2.876,      0.000,      0.000,  -0.27110,	   1.11690,	   0.36060		, //old index 71
73	  ,  236 06 23 ,  119 35 54,      2.876,      0.000,      0.000,  -1.31200,	   2.62570,	   3.34630		, //old index 72
74	  ,  236 06 23 ,  119 35 54,      2.876,      0.000,      0.000,  -1.30870,	   2.61920,	   2.84170		, //old index 73
75	  ,  236 06 23 ,  119 35 54,      2.876,      0.000,      0.000,  -0.52170,	   2.69480,	   3.39420		, //old index 74
76	  ,  236 06 23 ,  119 35 54,      2.876,      0.000,      0.000,  -0.51990,	   2.68600,	   2.54820		, //old index 75
77	  ,  236 06 23 ,  119 35 54,      2.876,      0.000,      0.000,  -0.51730,	   2.67280,	   1.59820		, //old index 76
78	  ,  236 06 23 ,  119 35 54,      2.876,      0.000,      0.000,   0.28460,	   2.75820,	   3.34240		, //old index 77
79	  ,  236 06 23 ,  119 35 54,      2.876,      0.000,      0.000,   0.28400,	   2.75170,	   2.52950		, //old index 78
80	  ,  236 06 23 ,  119 35 54,      2.876,      0.000,      0.000,   0.28270,	   2.73910,	   1.54750		, //old index 79
81	  ,  236 06 23 ,  119 35 54,      2.876,      0.000,      0.000,   0.28050,	   2.71720,	   0.51070		, //old index 80
82	  ,  236 06 23 ,  119 35 54,      2.876,      0.000,      0.000,   0.77590,	   1.11990,	   3.18960		, //old index 81
83	  ,  236 06 23 ,  119 35 54,      2.876,      0.000,      0.000,   0.78520,	   1.13320,	   2.31630		, //old index 82
84	  ,  236 06 23 ,  119 35 54,      2.876,      0.000,      0.000,   0.79730,	   1.15070,	   1.35900		, //old index 83
85	  ,  236 06 23 ,  119 35 54,      2.876,      0.000,      0.000,   0.79210,	   1.14300,	   0.31590		, //old index 84
86	  ,  236 06 23 ,  119 35 54,      2.876,      0.000,      0.000,   0.85120,	   0.17180,	   3.30950		, //old index 85
87	  ,  236 06 23 ,  119 35 54,      2.876,      0.000,      0.000,   0.86180,	   0.17380,	   2.51290		, //old index 86
88	  ,  236 06 23 ,  119 35 54,      2.876,      0.000,      0.000,   0.87730,	   0.17690,	   1.16730		, //old index 87
89	  ,  236 06 23 ,  119 35 54,      2.876,      0.000,      0.000,   0.87260,	   0.17590,	   0.23910		, //old index 88
90	  ,  236 06 23 ,  119 35 54,      2.876,      0.000,      0.000,   0.91290,	  -0.55520,	   3.37290		, //old index 89
91	  ,  236 06 23 ,  119 35 54,      2.876,      0.000,      0.000,   0.92570,	  -0.56300,	   2.22570		, //old index 90
92	  ,  236 06 23 ,  119 35 54,      2.876,      0.000,      0.000,   0.93410,	  -0.56810,	   1.31020		, //old index 91
93	  ,  236 06 23 ,  119 35 54,      2.876,      0.000,      0.000,   0.93590,	  -0.56930,	   0.41510		, //old index 92
94	  ,  236 06 23 ,  119 35 54,      2.876,      0.000,      0.000,   0.95470,	  -1.12260,	   3.23060		, //old index 93
95	  ,  236 06 23 ,  119 35 54,      2.876,      0.000,      0.000,   0.95410,	  -1.12180,	   2.47520		, //old index 94
96	  ,  236 06 23 ,  119 35 54,      2.876,      0.000,      0.000,   0.97860,	  -1.16140,	   1.12250		, //old index 95
97	  ,  236 06 23 ,  119 35 54,      2.876,      0.000,      0.000,   0.98470,	  -1.16870,	   0.27380		, //old index 96
98	  ,  236 06 23 ,  119 35 54,      2.876,      0.000,      0.000,   1.01450,	  -1.85820,	   3.47000		, //old index 97
99	  ,  236 06 23 ,  119 35 54,      2.876,      0.000,      0.000,   1.03700,	  -1.89940,	   2.45050		, //old index 98
100	  ,  236 06 23 ,  119 35 54,      2.876,      0.000,      0.000,   1.05720,	  -1.93630,	   1.32170		, //old index 99
101	  ,  236 06 23 ,  119 35 54,      2.876,      0.000,      0.000,   1.06690,	  -1.95430,	   0.25450		, //old index 100
102	  ,  236 06 23 ,  119 35 54,      2.876,      0.000,      0.000,   0.89910,	  -1.89660,	   3.56030		, //old index 101
103	  ,  236 06 23 ,  119 35 54,      2.876,      0.000,      0.000,  -0.01880,	  -1.89760,	   3.56390		, //old index 102
104	  ,  236 06 23 ,  119 35 54,      2.876,      0.000,      0.000,  -0.87410,	  -1.99910,	   3.55690		, //old index 103
105	  ,  236 06 23 ,  119 35 54,      2.876,      0.000,      0.000,  -1.59030,	  -1.97630,	   3.54040		, //old index 104
106	  ,  236 06 23 ,  119 35 54,      2.876,      0.000,      0.000,  -2.29010,	  -2.05050,	   3.53620		, //old index 105
107	  ,  236 06 23 ,  119 35 54,      2.876,      0.000,      0.000,  -2.26990,	  -0.69810,	   3.53250		, //old index 106
108	  ,  236 06 23 ,  119 35 54,      2.876,      0.000,      0.000,  -0.98780,	  -0.67020,	   3.53640		, //old index 107
109	  ,  236 06 23 ,  119 35 54,      2.876,      0.000,      0.000,  -0.14620,	  -0.58100,	   3.53410		, //old index 108
110	  ,  236 06 23 ,  119 35 54,      2.876,      0.000,      0.000,   0.68930,	  -0.44980,	   3.53810		, //old index 109
111	  ,  236 06 23 ,  119 35 54,      2.876,      0.000,      0.000,   0.51290,	   1.01030,	   3.51880		, //old index 110
112	  ,  236 06 23 ,  119 35 54,      2.876,      0.000,      0.000,  -0.65110,	   0.96840,	   3.51380		, //old index 111
113	  ,  236 06 23 ,  119 35 54,      2.876,      0.000,      0.000,  -2.10960,	   0.86430,	   3.50820		, //old index 112
114	  ,  236 06 23 ,  119 35 54,      2.876,      0.000,      0.000,  -1.28500,	   2.42030,	   3.49240		, //old index 113
115	  ,  236 06 23 ,  119 35 54,      2.876,      0.000,      0.000,  -0.29940,	   2.40250,	   3.49410		, //old index 114
116	  ,  236 06 23 ,  119 35 54,      2.876,      0.000,      0.000,   0.26900,	   2.41190,	   3.49830		, //old index 115
117	  ,  236 06 23 ,  119 35 54,      2.876,      0.000,      0.000,   0.62510,	   1.26240,	   0.03870		, //old index 116
118	  ,  236 06 23 ,  119 35 54,      2.876,      0.000,      0.000,   0.07020,	   1.17840,	   0.03580		, //old index 117
119	  ,  236 06 23 ,  119 35 54,      2.876,      0.000,      0.000,   0.79770,	   0.45670,	   0.04600		, //old index 118
120	  ,  236 06 23 ,  119 35 54,      2.876,      0.000,      0.000,  -0.53870,	  -0.80440,	  -0.02910		, //old index 119
121	  ,  236 06 23 ,  119 35 54,      2.876,      0.000,      0.000,   0.70160,	  -0.72220,	  -0.01350		, //old index 120
122	  ,  236 06 23 ,  119 35 54,      2.876,      0.000,      0.000,  -0.66630,	  -1.47040,	  -0.04100		, //old index 121
123	  ,  236 06 23 ,  119 35 54,      2.876,      0.000,      0.000,   0.08800,	  -1.43730,	  -0.02900		, //old index 122
124	  ,  236 06 23 ,  119 35 54,      2.876,      0.000,      0.000,   0.95440,	  -1.20600,	  -0.02140		, //old index 123
125	  ,  236 06 23 ,  119 35 54,      2.876,      0.000,      0.000,  -0.62230,	  -2.11260,	  -0.02500		, //old index 124
126	  ,  236 06 23 ,  119 35 54,      2.876,      0.000,      0.000,  -0.01770,	  -2.05930,	  -0.02150		, //old index 125
127	  ,  236 06 23 ,  119 35 54,      2.876,      0.000,      0.000,   0.88990,	  -1.96190,	  -0.00900		, //old index 126
128	  ,  236 06 23 ,  119 35 54,      2.876,      0.000,      0.000,  -2.43040,	  -0.31900,	   2.41740		, //old index 127
129	  ,  236 06 23 ,  119 35 54,      2.876,      0.000,      0.000,  -2.43900,	  -0.32030,	   1.82880		, //old index 128
130	  ,  236 06 23 ,  119 35 54,      2.876,      0.000,      0.000,  -2.48750,	  -0.32660,	   1.05950		, //old index 129
131	  ,  236 06 23 ,  119 35 54,      2.876,      0.000,      0.000,  -2.52730,	  -0.33170,	   0.20230		, //old index 130
132	  ,  236 06 23 ,  119 35 54,      2.876,      0.000,      0.000,  -1.68620,	   0.14960,	   3.24140		, //old index 131
133	  ,  236 06 23 ,  119 35 54,      2.876,      0.000,      0.000,  -1.66580,	   0.14780,	   2.10150		, //old index 132
134	  ,  236 06 23 ,  119 35 54,      2.876,      0.000,      0.000,  -1.69750,	   0.15070,	   1.12380		, //old index 133
135	  ,  236 06 23 ,  119 35 54,      2.876,      0.000,      0.000,  -1.74140,	   0.15470,	   0.27580		, //old index 134
136	  ,  236 06 23 ,  119 35 54,      2.876,      0.000,      0.000,  -0.96410,	   0.58540,	   2.60380		, //old index 135
137	  ,  236 06 23 ,  119 35 54,      2.876,      0.000,      0.000,  -0.99290,	   0.60290,	   1.41920		, //old index 136
138	  ,  236 06 23 ,  119 35 54,      2.876,      0.000,      0.000,  -1.00960,	   0.61310,	   0.35550		, //old index 137
139	  ,  236 06 23 ,  119 35 54,      2.876,      0.000,      0.000,  -0.47400,	   0.93160,	   3.11170		, //old index 138
140	  ,  236 06 23 ,  119 35 54,      2.876,      0.000,      0.000,  -0.46460,	   0.91320,	   2.20320		, //old index 139
141	  ,  236 06 23 ,  119 35 54,      2.876,      0.000,      0.000,  -0.47270,	   0.92920,	   1.33100		, //old index 140
142	  ,  236 06 23 ,  119 35 54,      2.876,      0.000,      0.000,  -0.48150,	   0.94670,	   0.28660		, //old index 141
143	  ,  236 06 23 ,  119 35 54,      2.876,      0.000,      0.000,   0.09650,	   1.26480,	   2.92980		, //old index 142
144	  ,  236 06 23 ,  119 35 54,      2.876,      0.000,      0.000,   0.09870,	   1.29430,	   1.62110		, //old index 143
145	  ,  236 06 23 ,  119 35 54,      2.876,      0.000,      0.000,   0.10080,	   1.31940,	   0.20520		, //old index 144
146	  ,  236 06 23 ,  119 35 54,      2.876,      0.000,      0.000,   0.71300,	   1.66960,	   3.17560		, //old index 145
147	  ,  236 06 23 ,  119 35 54,      2.876,      0.000,      0.000,   0.71550,	   1.67530,	   1.91800		, //old index 146
148	  ,  236 06 23 ,  119 35 54,      2.876,      0.000,      0.000,   0.72110,	   1.68970,	   1.08460		, //old index 147
149	  ,  236 06 23 ,  119 35 54,      2.876,      0.000,      0.000,   0.59340,	   1.63040,	   0.20270		, //old index 148
150	  ,  236 06 23 ,  119 35 54,      2.876,      0.000,      0.000,   1.03340,	   1.62910,	   3.11820		, //old index 149
151	  ,  236 06 23 ,  119 35 54,      2.876,      0.000,      0.000,   1.01520,	   1.60040,	   1.98450		, //old index 150
152	  ,  236 06 23 ,  119 35 54,      2.876,      0.000,      0.000,   1.00180,	   1.57930,	   0.98220		, //old index 151
153	  ,  236 06 23 ,  119 35 54,      2.876,      0.000,      0.000,   0.97450,	   1.53600,	   0.15690		, //old index 152
154	  ,  236 06 23 ,  119 35 54,      2.876,      0.000,      0.000,   1.46120,	   0.94950,	   2.88760		, //old index 153
155	  ,  236 06 23 ,  119 35 54,      2.876,      0.000,      0.000,   1.43870,	   0.93470,	   1.67230		, //old index 154
156	  ,  236 06 23 ,  119 35 54,      2.876,      0.000,      0.000,   1.38340,	   0.89860,	   0.31340		, //old index 155
157	  ,  236 06 23 ,  119 35 54,      2.876,      0.000,      0.000,   1.86090,	   0.33190,	   3.05020		, //old index 156
158	  ,  236 06 23 ,  119 35 54,      2.876,      0.000,      0.000,   1.83580,	   0.32740,	   2.18880		, //old index 157
159	  ,  236 06 23 ,  119 35 54,      2.876,      0.000,      0.000,   1.80630,	   0.32210,	   1.08790		, //old index 158
160	  ,  236 06 23 ,  119 35 54,      2.876,      0.000,      0.000,   1.72150,	   0.30690,	   0.23890		, //old index 159
161	  ,  236 06 23 ,  119 35 54,      2.876,      0.000,      0.000,   2.25790,	  -0.28810,	   3.14200		, //old index 160
162	  ,  236 06 23 ,  119 35 54,      2.876,      0.000,      0.000,   2.19600,	  -0.28010,	   1.65290		, //old index 161
163	  ,  236 06 23 ,  119 35 54,      2.876,      0.000,      0.000,   2.09310,	  -0.26720,	   0.53430		, //old index 162
164	  ,  236 06 23 ,  119 35 54,      2.876,      0.000,      0.000,   2.28120,	  -0.66150,	   3.02690		, //old index 163
165	  ,  236 06 23 ,  119 35 54,      2.876,      0.000,      0.000,   2.25760,	  -0.65470,	   1.55720		, //old index 164
166	  ,  236 06 23 ,  119 35 54,      2.876,      0.000,      0.000,   2.13480,	  -0.71040,	   0.24730		, //old index 165
167	  ,  236 06 23 ,  119 35 54,      2.876,      0.000,      0.000,   1.46510,	  -1.22760,	   2.96970		, //old index 166
168	  ,  236 06 23 ,  119 35 54,      2.876,      0.000,      0.000,   1.42460,	  -1.19370,	   1.70360		, //old index 167
169	  ,  236 06 23 ,  119 35 54,      2.876,      0.000,      0.000,   1.40140,	  -1.17430,	   0.24980		, //old index 168
170	  ,  236 06 23 ,  119 35 54,      2.876,      0.000,      0.000,   0.34820,	  -1.88650,	   3.28270		, //old index 169
171	  ,  236 06 23 ,  119 35 54,      2.876,      0.000,      0.000,   0.34470,	  -1.86790,	   1.62660		, //old index 170
172	  ,  236 06 23 ,  119 35 54,      2.876,      0.000,      0.000,   0.34150,	  -1.85110,	   0.34650		, //old index 171
173	  ,  236 06 23 ,  119 35 54,      2.876,      0.000,      0.000,  -0.91070,	  -2.68320,	   2.72940		, //old index 172
174	  ,  236 06 23 ,  119 35 54,      2.876,      0.000,      0.000,  -0.89260,	  -2.62980,	   1.61500		, //old index 173
175	  ,  236 06 23 ,  119 35 54,      2.876,      0.000,      0.000,  -0.88880,	  -2.61860,	   0.45120		, //old index 174
176	  ,  236 06 23 ,  119 35 54,      2.876,      0.000,      0.000,  -1.18690,	  -2.50810,	   2.95720		, //old index 175
177	  ,  236 06 23 ,  119 35 54,      2.876,      0.000,      0.000,  -1.19770,	  -2.53070,	   1.52950		, //old index 176
178	  ,  236 06 23 ,  119 35 54,      2.876,      0.000,      0.000,  -1.20820,	  -2.55250,	   0.38710		, //old index 177
179	  ,  236 06 23 ,  119 35 54,      2.876,      0.000,      0.000,  -1.63300,	  -1.80450,	   3.03040		, //old index 178
180	  ,  236 06 23 ,  119 35 54,      2.876,      0.000,      0.000,  -1.64040,	  -1.81280,	   1.78830		, //old index 179
181	  ,  236 06 23 ,  119 35 54,      2.876,      0.000,      0.000,  -1.65830,	  -1.83250,	   0.38760		, //old index 180
182	  ,  236 06 23 ,  119 35 54,      2.876,      0.000,      0.000,  -1.97780,	  -1.26970,	   2.98550		, //old index 181
183	  ,  236 06 23 ,  119 35 54,      2.876,      0.000,      0.000,  -1.98400,	  -1.27360,	   1.81190		, //old index 182
184	  ,  236 06 23 ,  119 35 54,      2.876,      0.000,      0.000,  -2.00150,	  -1.28480,	   0.49920		, //old index 183
185	  ,  236 06 23 ,  119 35 54,      2.876,      0.000,      0.000,  -2.38150,	  -0.62910,	   2.73630		, //old index 184
186	  ,  236 06 23 ,  119 35 54,      2.876,      0.000,      0.000,  -2.39250,	  -0.63200,	   1.58760		, //old index 185
187	  ,  236 06 23 ,  119 35 54,      2.876,      0.000,      0.000,  -2.40860,	  -0.63610,	   0.36310		, //old index 186
188	  ,  236 06 23 ,  119 35 54,      2.876,      0.000,      0.000,  -1.61920,	  -0.06840,	   3.42110		, //old index 187
189	  ,  236 06 23 ,  119 35 54,      2.876,      0.000,      0.000,  -0.83020,	  -1.12760,	   3.40730		, //old index 188
190	  ,  236 06 23 ,  119 35 54,      2.876,      0.000,      0.000,  -0.24420,	  -1.96180,	   3.39630		, //old index 189
191	  ,  236 06 23 ,  119 35 54,      2.876,      0.000,      0.000,   0.26890,	  -1.63940,	   3.37390		, //old index 190
192	  ,  236 06 23 ,  119 35 54,      2.876,      0.000,      0.000,  -0.33740,	  -0.84870,	   3.39010		, //old index 191
193	  ,  236 06 23 ,  119 35 54,      2.876,      0.000,      0.000,  -0.99990,	   0.24370,	   3.39750		, //old index 192
194	  ,  236 06 23 ,  119 35 54,      2.876,      0.000,      0.000,  -0.44810,	   0.69450,	   3.35980		, //old index 193
195	  ,  236 06 23 ,  119 35 54,      2.876,      0.000,      0.000,   0.19010,	  -0.44970,	   3.34950		, //old index 194
196	  ,  236 06 23 ,  119 35 54,      2.876,      0.000,      0.000,   0.90160,	  -1.30240,	   3.33980		, //old index 195
197	  ,  236 06 23 ,  119 35 54,      2.876,      0.000,      0.000,   1.43740,	  -0.79650,	   3.31170		, //old index 196
198	  ,  236 06 23 ,  119 35 54,      2.876,      0.000,      0.000,   0.81680,	   0.14150,	   3.32500		, //old index 197
199	  ,  236 06 23 ,  119 35 54,      2.876,      0.000,      0.000,   0.31500,	   1.00550,	   3.33320		, //old index 198
200	  ,  236 06 23 ,  119 35 54,      2.876,      0.000,      0.000,   0.90850,	   1.53610,	   3.30350		, //old index 199
201	  ,  236 06 23 ,  119 35 54,      2.876,      0.000,      0.000,   1.65690,	   0.38290,	   3.28680		, //old index 200
202	  ,  236 06 23 ,  119 35 54,      2.876,      0.000,      0.000,   1.98690,	  -0.42940,	   3.28220		, //old index 201
203	  ,  236 06 23 ,  119 35 54,      2.876,      0.000,      0.000,   1.89260,	  -0.70490,	  -0.00790		, //old index 202
204	  ,  236 06 23 ,  119 35 54,      2.876,      0.000,      0.000,   1.54950,	   0.03480,	   0.00850		, //old index 203
205	  ,  236 06 23 ,  119 35 54,      2.876,      0.000,      0.000,   1.24430,	   0.68030,	   0.02000		, //old index 204
206	  ,  236 06 23 ,  119 35 54,      2.876,      0.000,      0.000,   0.82240,	   1.52630,	   0.03700		, //old index 205
207	  ,  236 06 23 ,  119 35 54,      2.876,      0.000,      0.000,   0.14770,	   1.11420,	   0.04980		, //old index 206
208	  ,  236 06 23 ,  119 35 54,      2.876,      0.000,      0.000,   0.72500,	   0.28430,	   0.01940		, //old index 207
209	  ,  236 06 23 ,  119 35 54,      2.876,      0.000,      0.000,   0.84820,	  -0.35660,	   0.00580		, //old index 208
210	  ,  236 06 23 ,  119 35 54,      2.876,      0.000,      0.000,   1.22760,	  -1.13500,	   0.00310		, //old index 209
211	  ,  236 06 23 ,  119 35 54,      2.876,      0.000,      0.000,   0.55560,	  -1.56160,	   0.01410		, //old index 210
212	  ,  236 06 23 ,  119 35 54,      2.876,      0.000,      0.000,   0.18100,	  -1.02980,	   0.01460		, //old index 211
213	  ,  236 06 23 ,  119 35 54,      2.876,      0.000,      0.000,  -0.33210,	  -0.74500,	   0.02040		, //old index 212
214	  ,  236 06 23 ,  119 35 54,      2.876,      0.000,      0.000,  -0.79340,	   0.13210,	   0.04410		, //old index 213
215	  ,  236 06 23 ,  119 35 54,      2.876,      0.000,      0.000,  -1.06030,	   0.52460,	   0.06210		, //old index 214
216	  ,  236 06 23 ,  119 35 54,      2.876,      0.000,      0.000,  -1.78520,	  -0.00940,	   0.07100		, //old index 215
217	  ,  236 06 23 ,  119 35 54,      2.876,      0.000,      0.000,  -1.39990,	  -0.55450,	   0.05300		, //old index 216
218	  ,  236 06 23 ,  119 35 54,      2.876,      0.000,      0.000,  -0.96270,	  -1.18350,	   0.03460		, //old index 217
219	  ,  236 06 23 ,  119 35 54,      2.876,      0.000,      0.000,  -0.47420,	  -2.13550,	   0.02880		, //old index 218
220	  ,  236 06 23 ,  119 35 54,      2.876,      0.000,      0.000,  -1.04430,	  -2.56240,	   0.04110		, //old index 219
221	  ,  236 06 23 ,  119 35 54,      2.876,      0.000,      0.000,  -1.58480,	  -1.76410,	   0.05600		, //old index 220
222	  ,  236 06 23 ,  119 35 54,      2.876,      0.000,      0.000,  -2.03890,	  -0.93320,	   0.07080		, //old index 221
223	  ,  236 06 23 ,  119 35 54,      2.876,      0.000,      0.000,  -2.36560,	  -0.45980,	   0.07900		, //old index 222
224	  ,  236 06 23 ,  119 35 54,      2.876,      0.000,      0.000,   2.17710,	  -0.39390,	   3.26040		, //old index 223
225	  ,  236 06 23 ,  119 35 54,      2.876,      0.000,      0.000,   2.15550,	  -0.39620,	   2.53420		, //old index 224
226	  ,  236 06 23 ,  119 35 54,      2.876,      0.000,      0.000,   2.13610,	  -0.40200,	   1.83470		, //old index 225
227	  ,  236 06 23 ,  119 35 54,      2.876,      0.000,      0.000,   2.12010,	  -0.40960,	   1.17170		, //old index 226
228	  ,  236 06 23 ,  119 35 54,      2.876,      0.000,      0.000,   2.10930,	  -0.41580,	   0.59010		, //old index 227
229	  ,  236 06 23 ,  119 35 54,      2.876,      0.000,      0.000,   2.08050,	  -0.43190,	   0.39280		, //old index 228
230	  ,  236 06 23 ,  119 35 54,      2.876,      0.000,      0.000,   1.98070,	  -0.50170,	  -0.00220		, //old index 229
231	  ,  236 06 23 ,  119 35 54,      2.876,      0.000,      0.000,  -1.98510,	  -1.32290,	  -0.28550		, //old index 230
232	  ,  236 06 23 ,  119 35 54,      2.876,      0.000,      0.000,  -2.14830,	  -1.06920,	  -0.28200		, //old index 231
233	  ,  236 06 23 ,  119 35 54,      2.876,      0.000,      0.000,  -2.06020,	  -1.19920,	  -0.54450		, //old index 232
234	  ,  236 06 23 ,  119 35 54,      2.876,      0.000,      0.000,   0.00000,	   0.00000,	   0.00000		, //old index 0
235	  ,  236 06 23 ,  119 35 54,      2.876,      0.000,      0.000,  -1.37790,	   0.30190,	   3.98760		, //old index 233
236	  ,  236 06 23 ,  119 35 54,      2.876,      0.000,      0.000,   0.00040,	   1.51150,	   1.47070		, //old index 234
237	  ,  236 06 23 ,  119 35 54,      2.876,      0.000,      0.000,  -1.37830,	   0.30220,	   3.98870		, //old index 235
238	  ,  236 06 23 ,  119 35 54,      2.876,      0.000,      0.000,  -1.39670,	   0.60330,	   3.98970		, //old index 236
239	  ,  236 06 23 ,  119 35 54,      2.876,      0.000,      0.000,  -1.38390,	   0.44290,	   3.72900		, //old index 237
240	  ,  236 06 23 ,  119 35 54,      2.876,      0.000,      0.000,   0.81690,	  -0.83300,	   0.04860		, //old index 238
241	  ,  236 06 23 ,  119 35 54,      2.876,      0.000,      0.000,   0.81470,	  -0.84390,	   0.05190		, //old index 239
242	  ,  236 06 23 ,  119 35 54,      2.876,      0.000,      0.000,   0.82870,	  -0.82410,	   0.04480		, //old index 240
243	  ,  236 06 23 ,  119 35 54,      2.876,      0.000,      0.000,   0.81480,	  -0.80690,	   0.02350		, //old index 241
244	  ,  236 06 23 ,  119 35 54,      2.876,      0.000,      0.000,   0.79360,	  -0.83120,	   0.02330		, //old index 242
245	  ,  236 06 23 ,  119 35 54,      2.876,      0.000,      0.000,   0.78720,	  -0.86270,	   0.02550		, //old index 243
246	  ,  236 06 23 ,  119 35 54,      2.876,      0.000,      0.000,   0.82560,	  -0.83980,	   0.06450		, //old index 244
247	  ,  236 06 23 ,  119 35 54,      2.876,      0.000,      0.000,   1.01360,	  -0.87130,	   0.37640		, //old index 245
248	  ,  236 06 23 ,  119 35 54,      2.876,      0.000,      0.000,   1.33870,	  -0.91430,	   1.10800		, //old index 246
249	  ,  236 06 23 ,  119 35 54,      2.876,      0.000,      0.000,   1.60340,	  -0.94280,	   1.70600		, //old index 247
250	  ,  236 06 23 ,  119 35 54,      2.876,      0.000,      0.000,   1.93480,	  -0.98680,	   2.46290		, //old index 248
251	  ,  236 06 23 ,  119 35 54,      2.876,      0.000,      0.000,   2.12390,	  -0.97030,	   3.08990		, //old index 249
252	  ,  236 06 23 ,  119 35 54,      2.876,      0.000,      0.000,   2.28550,	  -0.95030,	   3.65460		, //old index 250
253	  ,  236 06 23 ,  119 35 54,      2.876,      0.000,      0.000,   2.46430,	  -0.93360,	   4.27530		, //old index 251
254	  ,  236 06 23 ,  119 35 54,      2.876,      0.000,      0.000,   2.49790,	  -0.88500,	   4.29150		, //old index 252
255	  ,  236 06 23 ,  119 35 54,      2.876,      0.000,      0.000,   2.51700,	  -1.00190,	   4.29190		, //old index 253
256	  ,  236 06 23 ,  119 35 54,      2.876,      0.000,      0.000,   2.43610,	  -0.91930,	   4.29080		, //old index 254
257	  ,  236 06 23 ,  119 35 54,      2.876,      0.000,      0.000,  -1.22030,	   1.44170,	   4.21420		, //old index 255
258	  ,  236 06 23 ,  119 35 54,      2.876,      0.000,      0.000,  -1.07000,	   1.44930,	   3.61080		, //old index 256
259	  ,  236 06 23 ,  119 35 54,      2.876,      0.000,      0.000,  -1.07420,	   1.45510,	   1.68690		, //old index 257
260	  ,  236 06 23 ,  119 35 54,      2.876,      0.000,      0.000,  -1.13370,	   1.45180,	   0.21310		, //old index 258
261	  ,  236 06 23 ,  119 35 54,      2.876,      0.000,      0.000,  -0.39510,	   1.49220,	   0.19240		, //old index 259
262	  ,  236 06 23 ,  119 35 54,      2.876,      0.000,      0.000,  -0.39580,	   1.49480,	   1.41370		, //old index 260
263	  ,  236 06 23 ,  119 35 54,      2.876,      0.000,      0.000,  -0.39500,	   1.49160,	   3.21260		, //old index 261
264	  ,  236 06 23 ,  119 35 54,      2.876,      0.000,      0.000,  -0.39390,	   1.48740,	   4.12840		, //old index 262
265	  ,  236 06 23 ,  119 35 54,      2.876,      0.000,      0.000,   0.29890,	   1.52610,	   4.15490		, //old index 263
266	  ,  236 06 23 ,  119 35 54,      2.876,      0.000,      0.000,   0.29850,	   1.52400,	   3.11730		, //old index 264
267	  ,  236 06 23 ,  119 35 54,      2.876,      0.000,      0.000,   0.29900,	   1.52660,	   1.46800		, //old index 265
268	  ,  236 06 23 ,  119 35 54,      2.876,      0.000,      0.000,   0.29960,	   1.52910,	   0.21720		, //old index 266
269	  ,  236 06 23 ,  119 35 54,      2.876,      0.000,      0.000,   1.04150,	   1.57390,	   0.26460		, //old index 267
270	  ,  236 06 23 ,  119 35 54,      2.876,      0.000,      0.000,   1.03350,	   1.56190,	   1.43070		, //old index 268
271	  ,  236 06 23 ,  119 35 54,      2.876,      0.000,      0.000,   1.03550,	   1.56510,	   3.20150		, //old index 269
272	  ,  236 06 23 ,  119 35 54,      2.876,      0.000,      0.000,   1.03260,	   1.56060,	   4.16350		, //old index 270
273	  ,  236 06 23 ,  119 35 54,      2.876,      0.000,      0.000,   1.72450,	   1.59120,	   4.10870		, //old index 271
274	  ,  236 06 23 ,  119 35 54,      2.876,      0.000,      0.000,   1.79160,	   1.65320,	   3.09920		, //old index 272
275	  ,  236 06 23 ,  119 35 54,      2.876,      0.000,      0.000,   1.71860,	   1.58580,	   1.81600		, //old index 273
276	  ,  236 06 23 ,  119 35 54,      2.876,      0.000,      0.000,   1.62470,	   1.58950,	   0.60730		, //old index 274
277	  ,  236 06 23 ,  119 35 54,      2.876,      0.000,      0.000,   2.18200,	   1.60940,	   2.12100		, //old index 275
278	  ,  236 06 23 ,  119 35 54,      2.876,      0.000,      0.000,   2.41690,	   1.61350,	   3.41030		, //old index 276
279	  ,  236 06 23 ,  119 35 54,      2.876,      0.000,      0.000,   2.43220,	   1.62380,	   4.24230		, //old index 277
280	  ,  236 06 23 ,  119 35 54,      2.876,      0.000,      0.000,   2.58390,	   1.33570,	   4.22590		, //old index 278
281	  ,  236 06 23 ,  119 35 54,      2.876,      0.000,      0.000,   2.49330,	   1.28880,	   3.31390		, //old index 279
282	  ,  236 06 23 ,  119 35 54,      2.876,      0.000,      0.000,   2.18970,	   1.31830,	   1.83980		, //old index 280
283	  ,  236 06 23 ,  119 35 54,      2.876,      0.000,      0.000,   1.55640,	   1.27670,	   0.31820		, //old index 281
284	  ,  236 06 23 ,  119 35 54,      2.876,      0.000,      0.000,   1.43640,	   0.57380,	   0.37080		, //old index 282
285	  ,  236 06 23 ,  119 35 54,      2.876,      0.000,      0.000,   1.94410,	   0.53400,	   1.46190		, //old index 283
286	  ,  236 06 23 ,  119 35 54,      2.876,      0.000,      0.000,   2.42980,	   0.66720,	   3.05500		, //old index 284
287	  ,  236 06 23 ,  119 35 54,      2.876,      0.000,      0.000,   2.58060,	   0.66410,	   4.00650		, //old index 285
288	  ,  236 06 23 ,  119 35 54,      2.876,      0.000,      0.000,   2.54970,	  -0.07750,	   3.89730		, //old index 286
289	  ,  236 06 23 ,  119 35 54,      2.876,      0.000,      0.000,   2.37810,	  -0.07230,	   3.07970		, //old index 287
290	  ,  236 06 23 ,  119 35 54,      2.876,      0.000,      0.000,   1.86550,	  -0.05670,	   1.53110		, //old index 288
291	  ,  236 06 23 ,  119 35 54,      2.876,      0.000,      0.000,   1.44920,	  -0.04420,	   0.62660		, //old index 289
292	  ,  236 06 23 ,  119 35 54,      2.876,      0.000,      0.000,   1.18740,	  -0.86340,	   0.53730		, //old index 290
293	  ,  236 06 23 ,  119 35 54,      2.876,      0.000,      0.000,   1.73680,	  -0.85240,	   1.61350		, //old index 291
294	  ,  236 06 23 ,  119 35 54,      2.876,      0.000,      0.000,   2.28810,	  -0.92480,	   3.12680		, //old index 292
295	  ,  236 06 23 ,  119 35 54,      2.876,      0.000,      0.000,   2.52340,	  -0.90710,	   3.94780		, //old index 293
296	  ,  236 06 23 ,  119 35 54,      2.876,      0.000,      0.000,   2.32870,	  -1.18080,	   3.98270		, //old index 294
297	  ,  236 06 23 ,  119 35 54,      2.876,      0.000,      0.000,   2.12200,	  -1.20210,	   3.18560		, //old index 295
298	  ,  236 06 23 ,  119 35 54,      2.876,      0.000,      0.000,   1.66900,	  -1.22020,	   4.11100		, //old index 296
299	  ,  236 06 23 ,  119 35 54,      2.876,      0.000,      0.000,   1.67350,	  -1.22350,	   3.15090		, //old index 297
300	  ,  236 06 23 ,  119 35 54,      2.876,      0.000,      0.000,   1.66760,	  -1.21960,	   2.04100		, //old index 298
301	  ,  236 06 23 ,  119 35 54,      2.876,      0.000,      0.000,   1.16110,	  -1.22870,	   0.84980		, //old index 299
302	  ,  236 06 23 ,  119 35 54,      2.876,      0.000,      0.000,   1.17370,	  -1.24190,	   2.15160		, //old index 300
303	  ,  236 06 23 ,  119 35 54,      2.876,      0.000,      0.000,   1.16080,	  -1.22840,	   3.15720		, //old index 301
304	  ,  236 06 23 ,  119 35 54,      2.876,      0.000,      0.000,   1.17140,	  -1.23940,	   4.08760		, //old index 302
305	  ,  236 06 23 ,  119 35 54,      2.876,      0.000,      0.000,   0.44560,	  -1.27550,	   4.12040		, //old index 303
306	  ,  236 06 23 ,  119 35 54,      2.876,      0.000,      0.000,   0.44780,	  -1.28200,	   3.18380		, //old index 304
307	  ,  236 06 23 ,  119 35 54,      2.876,      0.000,      0.000,   0.44760,	  -1.28120,	   1.93930		, //old index 305
308	  ,  236 06 23 ,  119 35 54,      2.876,      0.000,      0.000,   0.44220,	  -1.26560,	   1.01140		, //old index 306
309	  ,  236 06 23 ,  119 35 54,      2.876,      0.000,      0.000,   0.43710,	  -1.25180,	   0.20620		, //old index 307
310	  ,  236 06 23 ,  119 35 54,      2.876,      0.000,      0.000,  -0.42510,	  -1.30100,	   0.29060		, //old index 308
311	  ,  236 06 23 ,  119 35 54,      2.876,      0.000,      0.000,  -0.43240,	  -1.32360,	   1.44850		, //old index 309
312	  ,  236 06 23 ,  119 35 54,      2.876,      0.000,      0.000,  -0.43270,	  -1.32440,	   2.25450		, //old index 310
313	  ,  236 06 23 ,  119 35 54,      2.876,      0.000,      0.000,  -0.43010,	  -1.31650,	   3.18560		, //old index 311
314	  ,  236 06 23 ,  119 35 54,      2.876,      0.000,      0.000,  -0.43040,	  -1.31760,	   4.15270		, //old index 312
315	  ,  236 06 23 ,  119 35 54,      2.876,      0.000,      0.000,  -1.14800,	  -1.34170,	   4.16040		, //old index 313
316	  ,  236 06 23 ,  119 35 54,      2.876,      0.000,      0.000,  -1.15130,	  -1.34560,	   3.27380		, //old index 314
317	  ,  236 06 23 ,  119 35 54,      2.876,      0.000,      0.000,  -1.15700,	  -1.35210,	   2.28160		, //old index 315
318	  ,  236 06 23 ,  119 35 54,      2.876,      0.000,      0.000,  -1.15750,	  -1.35270,	   1.40130		, //old index 316
319	  ,  236 06 23 ,  119 35 54,      2.876,      0.000,      0.000,  -1.15440,	  -1.34900,	   0.28280		, //old index 317
320	  ,  236 06 23 ,  119 35 54,      2.876,      0.000,      0.000,  -1.31090,	  -1.16610,	   0.29790		, //old index 318
321	  ,  236 06 23 ,  119 35 54,      2.876,      0.000,      0.000,  -1.29610,	  -1.15300,	   1.52880		, //old index 319
322	  ,  236 06 23 ,  119 35 54,      2.876,      0.000,      0.000,  -1.28980,	  -1.14750,	   2.44260		, //old index 320
323	  ,  236 06 23 ,  119 35 54,      2.876,      0.000,      0.000,  -1.29840,	  -1.15490,	   4.15100		, //old index 321
324	  ,  236 06 23 ,  119 35 54,      2.876,      0.000,      0.000,  -1.36440,	  -0.11740,	   4.11870		, //old index 322
325	  ,  236 06 23 ,  119 35 54,      2.876,      0.000,      0.000,  -1.35230,	  -0.11630,	   3.22530		, //old index 323
326	  ,  236 06 23 ,  119 35 54,      2.876,      0.000,      0.000,  -1.36130,	  -0.11710,	   1.65180		, //old index 324
327	  ,  236 06 23 ,  119 35 54,      2.876,      0.000,      0.000,  -1.36060,	  -0.11690,	   0.50900		, //old index 325
328	  ,  236 06 23 ,  119 35 54,      2.876,      0.000,      0.000,  -1.39210,	   0.52940,	   0.43840		, //old index 326
329	  ,  236 06 23 ,  119 35 54,      2.876,      0.000,      0.000,  -1.39290,	   0.52960,	   1.73170		, //old index 327
330	  ,  236 06 23 ,  119 35 54,      2.876,      0.000,      0.000,  -1.38950,	   0.52830,	   3.24740		, //old index 328
331	  ,  236 06 23 ,  119 35 54,      2.876,      0.000,      0.000,  -1.39580,	   0.53070,	   4.18350		, //old index 329
332	  ,  236 06 23 ,  119 35 54,      2.876,      0.000,      0.000,  -1.41730,	   1.10870,	   4.07790		, //old index 330
333	  ,  236 06 23 ,  119 35 54,      2.876,      0.000,      0.000,  -1.42180,	   1.11230,	   3.54840		, //old index 331
334	  ,  236 06 23 ,  119 35 54,      2.876,      0.000,      0.000,  -1.41600,	   1.10780,	   2.38100		, //old index 332
335	  ,  236 06 23 ,  119 35 54,      2.876,      0.000,      0.000,  -1.42320,	   1.11340,	   1.35590		, //old index 333
336	  ,  236 06 23 ,  119 35 54,      2.876,      0.000,      0.000,  -1.42960,	   1.11840,	   0.27990		, //old index 334
337	  ,  236 06 23 ,  119 35 54,      2.876,      0.000,      0.000,  -1.25590,	   1.19500,	   4.32760		, //old index 335
338	  ,  236 06 23 ,  119 35 54,      2.876,      0.000,      0.000,   0.12070,	   1.33930,	   4.31660		, //old index 336
339	  ,  236 06 23 ,  119 35 54,      2.876,      0.000,      0.000,   1.62290,	   1.42900,	   4.31100		, //old index 337
340	  ,  236 06 23 ,  119 35 54,      2.876,      0.000,      0.000,   2.44350,	   1.39020,	   4.31020		, //old index 338
341	  ,  236 06 23 ,  119 35 54,      2.876,      0.000,      0.000,   2.40900,	   0.64220,	   4.30170		, //old index 339
342	  ,  236 06 23 ,  119 35 54,      2.876,      0.000,      0.000,   1.46090,	   0.56440,	   4.29170		, //old index 340
343	  ,  236 06 23 ,  119 35 54,      2.876,      0.000,      0.000,   0.17200,	   0.48950,	   4.30070		, //old index 341
344	  ,  236 06 23 ,  119 35 54,      2.876,      0.000,      0.000,  -1.25040,	   0.35930,	   4.32890		, //old index 342
345	  ,  236 06 23 ,  119 35 54,      2.876,      0.000,      0.000,  -1.27390,	  -0.25290,	   4.32700		, //old index 343
346	  ,  236 06 23 ,  119 35 54,      2.876,      0.000,      0.000,  -0.15480,	  -0.29970,	   4.29830		, //old index 344
347	  ,  236 06 23 ,  119 35 54,      2.876,      0.000,      0.000,   1.08090,	  -0.23390,	   4.28780		, //old index 345
348	  ,  236 06 23 ,  119 35 54,      2.876,      0.000,      0.000,   2.44870,	  -0.08240,	   4.29870		, //old index 346
349	  ,  236 06 23 ,  119 35 54,      2.876,      0.000,      0.000,   2.27310,	  -0.89760,	   4.29000		, //old index 347
350	  ,  236 06 23 ,  119 35 54,      2.876,      0.000,      0.000,   1.19230,	  -0.97340,	   4.29380		, //old index 348
351	  ,  236 06 23 ,  119 35 54,      2.876,      0.000,      0.000,   0.18650,	  -0.98320,	   4.30670		, //old index 349
352	  ,  236 06 23 ,  119 35 54,      2.876,      0.000,      0.000,  -1.13320,	  -1.05890,	   4.32080		, //old index 350
353	  ,  236 06 23 ,  119 35 54,      2.876,      0.000,      0.000,  -1.17730,	  -1.19920,	   0.02870		, //old index 351
354	  ,  236 06 23 ,  119 35 54,      2.876,      0.000,      0.000,  -0.63270,	  -1.21110,	   0.02840		, //old index 352
355	  ,  236 06 23 ,  119 35 54,      2.876,      0.000,      0.000,  -0.07860,	  -1.13830,	   0.02710		, //old index 353
356	  ,  236 06 23 ,  119 35 54,      2.876,      0.000,      0.000,   0.69010,	  -1.07840,	   0.02420		, //old index 354
357	  ,  236 06 23 ,  119 35 54,      2.876,      0.000,      0.000,   0.92130,	  -0.25760,	   0.02710		, //old index 355
358	  ,  236 06 23 ,  119 35 54,      2.876,      0.000,      0.000,  -0.07910,	  -0.75950,	   0.02690		, //old index 356
359	  ,  236 06 23 ,  119 35 54,      2.876,      0.000,      0.000,  -0.84170,	  -0.48910,	   0.03030		, //old index 357
360	  ,  236 06 23 ,  119 35 54,      2.876,      0.000,      0.000,  -1.24780,	  -0.35010,	   0.03220		, //old index 358
361	  ,  236 06 23 ,  119 35 54,      2.876,      0.000,      0.000,  -1.24530,	   0.46970,	   0.04040		, //old index 359
362	  ,  236 06 23 ,  119 35 54,      2.876,      0.000,      0.000,  -0.47700,	   0.59540,	   0.03000		, //old index 360
363	  ,  236 06 23 ,  119 35 54,      2.876,      0.000,      0.000,   0.40460,	   0.64800,	   0.02760		, //old index 361
364	  ,  236 06 23 ,  119 35 54,      2.876,      0.000,      0.000,   0.99220,	   0.71320,	   0.02740		, //old index 362
365	  ,  236 06 23 ,  119 35 54,      2.876,      0.000,      0.000,   1.12870,	   1.39370,	   0.02510		, //old index 363
366	  ,  236 06 23 ,  119 35 54,      2.876,      0.000,      0.000,   0.39220,	   1.43450,	   0.02960		, //old index 364
367	  ,  236 06 23 ,  119 35 54,      2.876,      0.000,      0.000,  -0.48620,	   1.32430,	   0.03150		, //old index 365
368	  ,  236 06 23 ,  119 35 54,      2.876,      0.000,      0.000,  -1.11550,	   1.30310,	   0.03990		, //old index 366
369	  ,  236 06 23 ,  119 35 54,      2.876,      0.000,      0.000,  -0.24740,	  -1.32420,	   1.12230		, //old index 367
370	  ,  236 06 23 ,  119 35 54,      2.876,      0.000,      0.000,  -0.23290,	  -1.31470,	   0.71860		, //old index 368
371	  ,  236 06 23 ,  119 35 54,      2.876,      0.000,      0.000,   0.47160,	  -1.27970,	   0.72110		, //old index 369
372	  ,  236 06 23 ,  119 35 54,      2.876,      0.000,      0.000,  -1.02230,	  -1.03960,	   2.51500		, //old index 370
373	  ,  236 06 23 ,  119 35 54,      2.876,      0.000,      0.000,   1.92445,	  -0.45935,	   3.47280		, //old index 1
374	  ,  236 06 23 ,  119 35 54,      2.876,      0.000,      0.000,   2.24345,	   1.45815,	   3.51320		, //old index 2
375	  ,  236 06 23 ,  119 35 54,      2.876,      0.000,      0.000,   2.49395,	   4.46455,	   3.54510		, //old index 3
376	  ,  236 06 23 ,  119 35 54,      2.876,      0.000,      0.000,  -0.41085,	  -0.68895,	   0.02100		, //old index 4
377	  ,  236 06 23 ,  119 35 54,      2.876,      0.000,      0.000,  -0.61805,	  -0.70775,	   0.01710		, //old index 5
378	  ,  236 06 23 ,  119 35 54,      2.876,      0.000,      0.000,   0.28315,	   2.11725,	   0.02350		, //old index 6
379	  ,  236 06 23 ,  119 35 54,      2.876,      0.000,      0.000,  -0.15105,	   4.23115,	   1.09560		, //old index 7
380	  ,  236 06 23 ,  119 35 54,      2.876,      0.000,      0.000,  -0.14085,	   4.24365,	   0.69380		, //old index 8
381	  ,  236 06 23 ,  119 35 54,      2.876,      0.000,      0.000,   0.55735,	   4.31885,	   0.69330		, //old index 9
382	  ,  236 06 23 ,  119 35 54,      2.876,      0.000,      0.000,  -0.77815,	   4.13075,	   3.52080		, //old index 10
383	  ,  236 06 23 ,  119 35 54,      2.876,      0.000,      0.000,  -0.77885,	   4.13545,	   2.39280		, //old index 11
384	  ,  236 06 23 ,  119 35 54,      2.876,      0.000,      0.000,  -0.78125,	   4.15045,	   0.97020		, //old index 12
385	  ,  236 06 23 ,  119 35 54,      2.876,      0.000,      0.000,  -0.78435,	   4.16995,	   0.10760		, //old index 13
386	  ,  236 06 23 ,  119 35 54,      2.876,      0.000,      0.000,  -0.16705,	   4.19345,	   3.18420		, //old index 14
387	  ,  236 06 23 ,  119 35 54,      2.876,      0.000,      0.000,  -0.16695,	   4.19685,	   1.99350		, //old index 15
388	  ,  236 06 23 ,  119 35 54,      2.876,      0.000,      0.000,   0.59845,	   4.27125,	   3.33380		, //old index 16
389	  ,  236 06 23 ,  119 35 54,      2.876,      0.000,      0.000,   0.60315,	   4.28985,	   1.81800		, //old index 17
390	  ,  236 06 23 ,  119 35 54,      2.876,      0.000,      0.000,   0.61495,	   4.33725,	   0.11270		, //old index 18
391	  ,  236 06 23 ,  119 35 54,      2.876,      0.000,      0.000,   1.31825,	   4.34995,	   3.09110		, //old index 19
392	  ,  236 06 23 ,  119 35 54,      2.876,      0.000,      0.000,   1.32725,	   4.37015,	   1.67950		, //old index 20
393	  ,  236 06 23 ,  119 35 54,      2.876,      0.000,      0.000,   1.18385,	   4.37355,	   0.84960		, //old index 21
394	  ,  236 06 23 ,  119 35 54,      2.876,      0.000,      0.000,   2.11495,	   4.43195,	   3.40830		, //old index 22
395	  ,  236 06 23 ,  119 35 54,      2.876,      0.000,      0.000,   2.12015,	   4.43985,	   2.64400		, //old index 23
396	  ,  236 06 23 ,  119 35 54,      2.876,      0.000,      0.000,   1.72655,	   4.41085,	   1.74660		, //old index 24
397	  ,  236 06 23 ,  119 35 54,      2.876,      0.000,      0.000,   2.44045,	   3.71375,	   3.45190		, //old index 25
398	  ,  236 06 23 ,  119 35 54,      2.876,      0.000,      0.000,   2.11425,	   2.06815,	   3.14730		, //old index 26
399	  ,  236 06 23 ,  119 35 54,      2.876,      0.000,      0.000,   1.67885,	   2.08775,	   2.33960		, //old index 27
400	  ,  236 06 23 ,  119 35 54,      2.876,      0.000,      0.000,   1.04805,	   2.03375,	   1.19850		, //old index 28
401	  ,  236 06 23 ,  119 35 54,      2.876,      0.000,      0.000,   0.60305,	   1.96725,	   0.50970		, //old index 29
402	  ,  236 06 23 ,  119 35 54,      2.876,      0.000,      0.000,   0.34145,	   1.97945,	   0.14040		, //old index 30
403	  ,  236 06 23 ,  119 35 54,      2.876,      0.000,      0.000,  -0.23455,	  -1.31335,	   1.12140		, //old index 31
404	  ,  236 06 23 ,  119 35 54,      2.876,      0.000,      0.000,  -0.24575,	  -1.32555,	   0.71950		, //old index 32
405	  ,  236 06 23 ,  119 35 54,      2.876,      0.000,      0.000,  -0.94755,	  -1.37395,	   0.71720		, //old index 33
406	  ,  236 06 23 ,  119 35 54,      2.876,      0.000,      0.000,   0.56015,	  -1.22735,	   3.47580		, //old index 34
407	  ,  236 06 23 ,  119 35 54,      2.876,      0.000,      0.000,   0.56225,	  -1.23325,	   1.99570		, //old index 35
408	  ,  236 06 23 ,  119 35 54,      2.876,      0.000,      0.000,   0.53275,	  -1.15575,	   0.73680		, //old index 36
409	  ,  236 06 23 ,  119 35 54,      2.876,      0.000,      0.000,   0.57125,	  -1.25675,	   0.16220		, //old index 37
410	  ,  236 06 23 ,  119 35 54,      2.876,      0.000,      0.000,  -0.22655,	  -1.27905,	   3.23350		, //old index 38
411	  ,  236 06 23 ,  119 35 54,      2.876,      0.000,      0.000,  -0.22655,	  -1.28655,	   1.69430		, //old index 39
412	  ,  236 06 23 ,  119 35 54,      2.876,      0.000,      0.000,  -0.91015,	  -1.32375,	   3.40690		, //old index 40
413	  ,  236 06 23 ,  119 35 54,      2.876,      0.000,      0.000,  -0.91285,	  -1.33295,	   2.40520		, //old index 41
414	  ,  236 06 23 ,  119 35 54,      2.876,      0.000,      0.000,  -0.91875,	  -1.35205,	   1.39890		, //old index 42
415	  ,  236 06 23 ,  119 35 54,      2.876,      0.000,      0.000,  -1.84195,	  -1.39115,	   3.28660		, //old index 43
416	  ,  236 06 23 ,  119 35 54,      2.876,      0.000,      0.000,  -1.84715,	  -1.39855,	   2.58170		, //old index 44
417	  ,  236 06 23 ,  119 35 54,      2.876,      0.000,      0.000,  -1.76715,	  -1.40685,	   1.61850		, //old index 45
418	  ,  236 06 23 ,  119 35 54,      2.876,      0.000,      0.000,  -1.58285,	  -1.41335,	   0.76910		, //old index 46
419	  ,  236 06 23 ,  119 35 54,      2.876,      0.000,      0.000,  -2.38895,	  -1.42995,	   3.46470		, //old index 47
420	  ,  236 06 23 ,  119 35 54,      2.876,      0.000,      0.000,  -2.39425,	  -1.43595,	   2.63600		, //old index 48
421	  ,  236 06 23 ,  119 35 54,      2.876,      0.000,      0.000,  -2.17595,	  -1.42905,	   1.91580		, //old index 49
422	  ,  236 06 23 ,  119 35 54,      2.876,      0.000,      0.000,  -2.76525,	  -1.45775,	   3.48470		, //old index 50
423	  ,  236 06 23 ,  119 35 54,      2.876,      0.000,      0.000,  -2.86385,	  -1.25335,	   3.49530		, //old index 51
424	  ,  236 06 23 ,  119 35 54,      2.876,      0.000,      0.000,  -2.50895,	  -1.34035,	   2.52950		, //old index 52
425	  ,  236 06 23 ,  119 35 54,      2.876,      0.000,      0.000,  -2.10105,	  -1.32175,	   1.58350		, //old index 53
426	  ,  236 06 23 ,  119 35 54,      2.876,      0.000,      0.000,  -1.68575,	  -1.27985,	   0.81360		, //old index 54
427	  ,  236 06 23 ,  119 35 54,      2.876,      0.000,      0.000,  -1.23795,	  -1.30695,	   0.08520		, //old index 55
428	  ,  236 06 23 ,  119 35 54,      2.876,      0.000,      0.000,  -2.79355,	  -0.59375,	   3.47560		, //old index 56
429	  ,  236 06 23 ,  119 35 54,      2.876,      0.000,      0.000,  -2.20255,	  -0.45845,	   2.18440		, //old index 57
430	  ,  236 06 23 ,  119 35 54,      2.876,      0.000,      0.000,  -1.70165,	  -0.50085,	   1.13790		, //old index 58
431	  ,  236 06 23 ,  119 35 54,      2.876,      0.000,      0.000,  -1.18395,	  -0.44095,	   0.30570		, //old index 59
432	  ,  236 06 23 ,  119 35 54,      2.876,      0.000,      0.000,  -2.58465,	   0.24485,	   3.26840		, //old index 60
433	  ,  236 06 23 ,  119 35 54,      2.876,      0.000,      0.000,  -2.07165,	   0.29485,	   2.27650		, //old index 61
434	  ,  236 06 23 ,  119 35 54,      2.876,      0.000,      0.000,  -1.54345,	   0.26035,	   1.22690		, //old index 62
435	  ,  236 06 23 ,  119 35 54,      2.876,      0.000,      0.000,  -0.96865,	   0.15965,	   0.25790		, //old index 63
436	  ,  236 06 23 ,  119 35 54,      2.876,      0.000,      0.000,  -2.55265,	   1.05255,	   3.43000		, //old index 64
437	  ,  236 06 23 ,  119 35 54,      2.876,      0.000,      0.000,  -1.90605,	   1.00415,	   2.26140		, //old index 65
438	  ,  236 06 23 ,  119 35 54,      2.876,      0.000,      0.000,  -1.30865,	   1.07215,	   1.18700		, //old index 66
439	  ,  236 06 23 ,  119 35 54,      2.876,      0.000,      0.000,  -0.81785,	   1.24535,	   0.49460		, //old index 67
440	  ,  236 06 23 ,  119 35 54,      2.876,      0.000,      0.000,  -2.42905,	   1.75975,	   3.42030		, //old index 68
441	  ,  236 06 23 ,  119 35 54,      2.876,      0.000,      0.000,  -1.72025,	   1.75655,	   2.27310		, //old index 69
442	  ,  236 06 23 ,  119 35 54,      2.876,      0.000,      0.000,  -1.16425,	   1.83195,	   1.31970		, //old index 70
443	  ,  236 06 23 ,  119 35 54,      2.876,      0.000,      0.000,  -0.51415,	   1.99625,	   0.39720		, //old index 71
444	  ,  236 06 23 ,  119 35 54,      2.876,      0.000,      0.000,  -1.55505,	   3.50505,	   3.38290		, //old index 72
445	  ,  236 06 23 ,  119 35 54,      2.876,      0.000,      0.000,  -1.55175,	   3.49855,	   2.87830		, //old index 73
446	  ,  236 06 23 ,  119 35 54,      2.876,      0.000,      0.000,  -0.76475,	   3.57415,	   3.43080		, //old index 74
447	  ,  236 06 23 ,  119 35 54,      2.876,      0.000,      0.000,  -0.76295,	   3.56535,	   2.58480		, //old index 75
448	  ,  236 06 23 ,  119 35 54,      2.876,      0.000,      0.000,  -0.76035,	   3.55215,	   1.63480		, //old index 76
449	  ,  236 06 23 ,  119 35 54,      2.876,      0.000,      0.000,   0.04155,	   3.63755,	   3.37900		, //old index 77
450	  ,  236 06 23 ,  119 35 54,      2.876,      0.000,      0.000,   0.04095,	   3.63105,	   2.56610		, //old index 78
451	  ,  236 06 23 ,  119 35 54,      2.876,      0.000,      0.000,   0.03965,	   3.61845,	   1.58410		, //old index 79
452	  ,  236 06 23 ,  119 35 54,      2.876,      0.000,      0.000,   0.03745,	   3.59655,	   0.54730		, //old index 80
453	  ,  236 06 23 ,  119 35 54,      2.876,      0.000,      0.000,   0.53285,	   1.99925,	   3.22620		, //old index 81
454	  ,  236 06 23 ,  119 35 54,      2.876,      0.000,      0.000,   0.54215,	   2.01255,	   2.35290		, //old index 82
455	  ,  236 06 23 ,  119 35 54,      2.876,      0.000,      0.000,   0.55425,	   2.03005,	   1.39560		, //old index 83
456	  ,  236 06 23 ,  119 35 54,      2.876,      0.000,      0.000,   0.54905,	   2.02235,	   0.35250		, //old index 84
457	  ,  236 06 23 ,  119 35 54,      2.876,      0.000,      0.000,   0.60815,	   1.05115,	   3.34610		, //old index 85
458	  ,  236 06 23 ,  119 35 54,      2.876,      0.000,      0.000,   0.61875,	   1.05315,	   2.54950		, //old index 86
459	  ,  236 06 23 ,  119 35 54,      2.876,      0.000,      0.000,   0.63425,	   1.05625,	   1.20390		, //old index 87
460	  ,  236 06 23 ,  119 35 54,      2.876,      0.000,      0.000,   0.62955,	   1.05525,	   0.27570		, //old index 88
461	  ,  236 06 23 ,  119 35 54,      2.876,      0.000,      0.000,   0.66985,	   0.32415,	   3.40950		, //old index 89
462	  ,  236 06 23 ,  119 35 54,      2.876,      0.000,      0.000,   0.68265,	   0.31635,	   2.26230		, //old index 90
463	  ,  236 06 23 ,  119 35 54,      2.876,      0.000,      0.000,   0.69105,	   0.31125,	   1.34680		, //old index 91
464	  ,  236 06 23 ,  119 35 54,      2.876,      0.000,      0.000,   0.69285,	   0.31005,	   0.45170		, //old index 92
465	  ,  236 06 23 ,  119 35 54,      2.876,      0.000,      0.000,   0.71165,	  -0.24325,	   3.26720		, //old index 93
466	  ,  236 06 23 ,  119 35 54,      2.876,      0.000,      0.000,   0.71105,	  -0.24245,	   2.51180		, //old index 94
467	  ,  236 06 23 ,  119 35 54,      2.876,      0.000,      0.000,   0.73555,	  -0.28205,	   1.15910		, //old index 95
468	  ,  236 06 23 ,  119 35 54,      2.876,      0.000,      0.000,   0.74165,	  -0.28935,	   0.31040		, //old index 96
469	  ,  236 06 23 ,  119 35 54,      2.876,      0.000,      0.000,   0.77145,	  -0.97885,	   3.50660		, //old index 97
470	  ,  236 06 23 ,  119 35 54,      2.876,      0.000,      0.000,   0.79395,	  -1.02005,	   2.48710		, //old index 98
471	  ,  236 06 23 ,  119 35 54,      2.876,      0.000,      0.000,   0.81415,	  -1.05695,	   1.35830		, //old index 99
472	  ,  236 06 23 ,  119 35 54,      2.876,      0.000,      0.000,   0.82385,	  -1.07495,	   0.29110		, //old index 100
473	  ,  236 06 23 ,  119 35 54,      2.876,      0.000,      0.000,   0.65605,	  -1.01725,	   3.59690		, //old index 101
474	  ,  236 06 23 ,  119 35 54,      2.876,      0.000,      0.000,  -0.26185,	  -1.01825,	   3.60050		, //old index 102
475	  ,  236 06 23 ,  119 35 54,      2.876,      0.000,      0.000,  -1.11715,	  -1.11975,	   3.59350		, //old index 103
476	  ,  236 06 23 ,  119 35 54,      2.876,      0.000,      0.000,  -1.83335,	  -1.09695,	   3.57700		, //old index 104
477	  ,  236 06 23 ,  119 35 54,      2.876,      0.000,      0.000,  -2.53315,	  -1.17115,	   3.57280		, //old index 105
478	  ,  236 06 23 ,  119 35 54,      2.876,      0.000,      0.000,  -2.51295,	   0.18125,	   3.56910		, //old index 106
479	  ,  236 06 23 ,  119 35 54,      2.876,      0.000,      0.000,  -1.23085,	   0.20915,	   3.57300		, //old index 107
480	  ,  236 06 23 ,  119 35 54,      2.876,      0.000,      0.000,  -0.38925,	   0.29835,	   3.57070		, //old index 108
481	  ,  236 06 23 ,  119 35 54,      2.876,      0.000,      0.000,   0.44625,	   0.42955,	   3.57470		, //old index 109
482	  ,  236 06 23 ,  119 35 54,      2.876,      0.000,      0.000,   0.26985,	   1.88965,	   3.55540		, //old index 110
483	  ,  236 06 23 ,  119 35 54,      2.876,      0.000,      0.000,  -0.89415,	   1.84775,	   3.55040		, //old index 111
484	  ,  236 06 23 ,  119 35 54,      2.876,      0.000,      0.000,  -2.35265,	   1.74365,	   3.54480		, //old index 112
485	  ,  236 06 23 ,  119 35 54,      2.876,      0.000,      0.000,  -1.52805,	   3.29965,	   3.52900		, //old index 113
486	  ,  236 06 23 ,  119 35 54,      2.876,      0.000,      0.000,  -0.54245,	   3.28185,	   3.53070		, //old index 114
487	  ,  236 06 23 ,  119 35 54,      2.876,      0.000,      0.000,   0.02595,	   3.29125,	   3.53490		, //old index 115
488	  ,  236 06 23 ,  119 35 54,      2.876,      0.000,      0.000,   0.38205,	   2.14175,	   0.07530		, //old index 116
489	  ,  236 06 23 ,  119 35 54,      2.876,      0.000,      0.000,  -0.17285,	   2.05775,	   0.07240		, //old index 117
490	  ,  236 06 23 ,  119 35 54,      2.876,      0.000,      0.000,   0.55465,	   1.33605,	   0.08260		, //old index 118
491	  ,  236 06 23 ,  119 35 54,      2.876,      0.000,      0.000,  -0.78175,	   0.07495,	   0.00750		, //old index 119
492	  ,  236 06 23 ,  119 35 54,      2.876,      0.000,      0.000,   0.45855,	   0.15715,	   0.02310		, //old index 120
493	  ,  236 06 23 ,  119 35 54,      2.876,      0.000,      0.000,  -0.90935,	  -0.59105,	  -0.00440		, //old index 121
494	  ,  236 06 23 ,  119 35 54,      2.876,      0.000,      0.000,  -0.15505,	  -0.55795,	   0.00760		, //old index 122
495	  ,  236 06 23 ,  119 35 54,      2.876,      0.000,      0.000,   0.71135,	  -0.32665,	   0.01520		, //old index 123
496	  ,  236 06 23 ,  119 35 54,      2.876,      0.000,      0.000,  -0.86535,	  -1.23325,	   0.01160		, //old index 124
497	  ,  236 06 23 ,  119 35 54,      2.876,      0.000,      0.000,  -0.26075,	  -1.17995,	   0.01510		, //old index 125
498	  ,  236 06 23 ,  119 35 54,      2.876,      0.000,      0.000,   0.64685,	  -1.08255,	   0.02760		, //old index 126
499	  ,  236 06 23 ,  119 35 54,      2.876,      0.000,      0.000,  -2.67345,	   0.56035,	   2.45400		, //old index 127
500	  ,  236 06 23 ,  119 35 54,      2.876,      0.000,      0.000,  -2.68205,	   0.55905,	   1.86540		, //old index 128
501	  ,  236 06 23 ,  119 35 54,      2.876,      0.000,      0.000,  -2.73055,	   0.55275,	   1.09610		, //old index 129
502	  ,  236 06 23 ,  119 35 54,      2.876,      0.000,      0.000,  -2.77035,	   0.54765,	   0.23890		, //old index 130
503	  ,  236 06 23 ,  119 35 54,      2.876,      0.000,      0.000,  -1.92925,	   1.02895,	   3.27800		, //old index 131
504	  ,  236 06 23 ,  119 35 54,      2.876,      0.000,      0.000,  -1.90885,	   1.02715,	   2.13810		, //old index 132
505	  ,  236 06 23 ,  119 35 54,      2.876,      0.000,      0.000,  -1.94055,	   1.03005,	   1.16040		, //old index 133
506	  ,  236 06 23 ,  119 35 54,      2.876,      0.000,      0.000,  -1.98445,	   1.03405,	   0.31240		, //old index 134
507	  ,  236 06 23 ,  119 35 54,      2.876,      0.000,      0.000,  -1.20715,	   1.46475,	   2.64040		, //old index 135
508	  ,  236 06 23 ,  119 35 54,      2.876,      0.000,      0.000,  -1.23595,	   1.48225,	   1.45580		, //old index 136
509	  ,  236 06 23 ,  119 35 54,      2.876,      0.000,      0.000,  -1.25265,	   1.49245,	   0.39210		, //old index 137
510	  ,  236 06 23 ,  119 35 54,      2.876,      0.000,      0.000,  -0.71705,	   1.81095,	   3.14830		, //old index 138
511	  ,  236 06 23 ,  119 35 54,      2.876,      0.000,      0.000,  -0.70765,	   1.79255,	   2.23980		, //old index 139
512	  ,  236 06 23 ,  119 35 54,      2.876,      0.000,      0.000,  -0.71575,	   1.80855,	   1.36760		, //old index 140
513	  ,  236 06 23 ,  119 35 54,      2.876,      0.000,      0.000,  -0.72455,	   1.82605,	   0.32320		, //old index 141
514	  ,  236 06 23 ,  119 35 54,      2.876,      0.000,      0.000,  -0.14655,	   2.14415,	   2.96640		, //old index 142
515	  ,  236 06 23 ,  119 35 54,      2.876,      0.000,      0.000,  -0.14435,	   2.17365,	   1.65770		, //old index 143
516	  ,  236 06 23 ,  119 35 54,      2.876,      0.000,      0.000,  -0.14225,	   2.19875,	   0.24180		, //old index 144
517	  ,  236 06 23 ,  119 35 54,      2.876,      0.000,      0.000,   0.46995,	   2.54895,	   3.21220		, //old index 145
518	  ,  236 06 23 ,  119 35 54,      2.876,      0.000,      0.000,   0.47245,	   2.55465,	   1.95460		, //old index 146
519	  ,  236 06 23 ,  119 35 54,      2.876,      0.000,      0.000,   0.47805,	   2.56905,	   1.12120		, //old index 147
520	  ,  236 06 23 ,  119 35 54,      2.876,      0.000,      0.000,   0.35035,	   2.50975,	   0.23930		, //old index 148
521	  ,  236 06 23 ,  119 35 54,      2.876,      0.000,      0.000,   0.79035,	   2.50845,	   3.15480		, //old index 149
522	  ,  236 06 23 ,  119 35 54,      2.876,      0.000,      0.000,   0.77215,	   2.47975,	   2.02110		, //old index 150
523	  ,  236 06 23 ,  119 35 54,      2.876,      0.000,      0.000,   0.75875,	   2.45865,	   1.01880		, //old index 151
524	  ,  236 06 23 ,  119 35 54,      2.876,      0.000,      0.000,   0.73145,	   2.41535,	   0.19350		, //old index 152
525	  ,  236 06 23 ,  119 35 54,      2.876,      0.000,      0.000,   1.21815,	   1.82885,	   2.92420		, //old index 153
526	  ,  236 06 23 ,  119 35 54,      2.876,      0.000,      0.000,   1.19565,	   1.81405,	   1.70890		, //old index 154
527	  ,  236 06 23 ,  119 35 54,      2.876,      0.000,      0.000,   1.14035,	   1.77795,	   0.35000		, //old index 155
528	  ,  236 06 23 ,  119 35 54,      2.876,      0.000,      0.000,   1.61785,	   1.21125,	   3.08680		, //old index 156
529	  ,  236 06 23 ,  119 35 54,      2.876,      0.000,      0.000,   1.59275,	   1.20675,	   2.22540		, //old index 157
530	  ,  236 06 23 ,  119 35 54,      2.876,      0.000,      0.000,   1.56325,	   1.20145,	   1.12450		, //old index 158
531	  ,  236 06 23 ,  119 35 54,      2.876,      0.000,      0.000,   1.47845,	   1.18625,	   0.27550		, //old index 159
532	  ,  236 06 23 ,  119 35 54,      2.876,      0.000,      0.000,   2.01485,	   0.59125,	   3.17860		, //old index 160
533	  ,  236 06 23 ,  119 35 54,      2.876,      0.000,      0.000,   1.95295,	   0.59925,	   1.68950		, //old index 161
534	  ,  236 06 23 ,  119 35 54,      2.876,      0.000,      0.000,   1.85005,	   0.61215,	   0.57090		, //old index 162
535	  ,  236 06 23 ,  119 35 54,      2.876,      0.000,      0.000,   2.03815,	   0.21785,	   3.06350		, //old index 163
536	  ,  236 06 23 ,  119 35 54,      2.876,      0.000,      0.000,   2.01455,	   0.22465,	   1.59380		, //old index 164
537	  ,  236 06 23 ,  119 35 54,      2.876,      0.000,      0.000,   1.89175,	   0.16895,	   0.28390		, //old index 165
538	  ,  236 06 23 ,  119 35 54,      2.876,      0.000,      0.000,   1.22205,	  -0.34825,	   3.00630		, //old index 166
539	  ,  236 06 23 ,  119 35 54,      2.876,      0.000,      0.000,   1.18155,	  -0.31435,	   1.74020		, //old index 167
540	  ,  236 06 23 ,  119 35 54,      2.876,      0.000,      0.000,   1.15835,	  -0.29495,	   0.28640		, //old index 168
541	  ,  236 06 23 ,  119 35 54,      2.876,      0.000,      0.000,   0.10515,	  -1.00715,	   3.31930		, //old index 169
542	  ,  236 06 23 ,  119 35 54,      2.876,      0.000,      0.000,   0.10165,	  -0.98855,	   1.66320		, //old index 170
543	  ,  236 06 23 ,  119 35 54,      2.876,      0.000,      0.000,   0.09845,	  -0.97175,	   0.38310		, //old index 171
544	  ,  236 06 23 ,  119 35 54,      2.876,      0.000,      0.000,  -1.15375,	  -1.80385,	   2.76600		, //old index 172
545	  ,  236 06 23 ,  119 35 54,      2.876,      0.000,      0.000,  -1.13565,	  -1.75045,	   1.65160		, //old index 173
546	  ,  236 06 23 ,  119 35 54,      2.876,      0.000,      0.000,  -1.13185,	  -1.73925,	   0.48780		, //old index 174
547	  ,  236 06 23 ,  119 35 54,      2.876,      0.000,      0.000,  -1.42995,	  -1.62875,	   2.99380		, //old index 175
548	  ,  236 06 23 ,  119 35 54,      2.876,      0.000,      0.000,  -1.44075,	  -1.65135,	   1.56610		, //old index 176
549	  ,  236 06 23 ,  119 35 54,      2.876,      0.000,      0.000,  -1.45125,	  -1.67315,	   0.42370		, //old index 177
550	  ,  236 06 23 ,  119 35 54,      2.876,      0.000,      0.000,  -1.87605,	  -0.92515,	   3.06700		, //old index 178
551	  ,  236 06 23 ,  119 35 54,      2.876,      0.000,      0.000,  -1.88345,	  -0.93345,	   1.82490		, //old index 179
552	  ,  236 06 23 ,  119 35 54,      2.876,      0.000,      0.000,  -1.90135,	  -0.95315,	   0.42420		, //old index 180
553	  ,  236 06 23 ,  119 35 54,      2.876,      0.000,      0.000,  -2.22085,	  -0.39035,	   3.02210		, //old index 181
554	  ,  236 06 23 ,  119 35 54,      2.876,      0.000,      0.000,  -2.22705,	  -0.39425,	   1.84850		, //old index 182
555	  ,  236 06 23 ,  119 35 54,      2.876,      0.000,      0.000,  -2.24455,	  -0.40545,	   0.53580		, //old index 183
556	  ,  236 06 23 ,  119 35 54,      2.876,      0.000,      0.000,  -2.62455,	   0.25025,	   2.77290		, //old index 184
557	  ,  236 06 23 ,  119 35 54,      2.876,      0.000,      0.000,  -2.63555,	   0.24735,	   1.62420		, //old index 185
558	  ,  236 06 23 ,  119 35 54,      2.876,      0.000,      0.000,  -2.65165,	   0.24325,	   0.39970		, //old index 186
559	  ,  236 06 23 ,  119 35 54,      2.876,      0.000,      0.000,  -1.86225,	   0.81095,	   3.45770		, //old index 187
560	  ,  236 06 23 ,  119 35 54,      2.876,      0.000,      0.000,  -1.07325,	  -0.24825,	   3.44390		, //old index 188
561	  ,  236 06 23 ,  119 35 54,      2.876,      0.000,      0.000,  -0.48725,	  -1.08245,	   3.43290		, //old index 189
562	  ,  236 06 23 ,  119 35 54,      2.876,      0.000,      0.000,   0.02585,	  -0.76005,	   3.41050		, //old index 190
563	  ,  236 06 23 ,  119 35 54,      2.876,      0.000,      0.000,  -0.58045,	   0.03065,	   3.42670		, //old index 191
564	  ,  236 06 23 ,  119 35 54,      2.876,      0.000,      0.000,  -1.24295,	   1.12305,	   3.43410		, //old index 192
565	  ,  236 06 23 ,  119 35 54,      2.876,      0.000,      0.000,  -0.69115,	   1.57385,	   3.39640		, //old index 193
566	  ,  236 06 23 ,  119 35 54,      2.876,      0.000,      0.000,  -0.05295,	   0.42965,	   3.38610		, //old index 194
567	  ,  236 06 23 ,  119 35 54,      2.876,      0.000,      0.000,   0.65855,	  -0.42305,	   3.37640		, //old index 195
568	  ,  236 06 23 ,  119 35 54,      2.876,      0.000,      0.000,   1.19435,	   0.08285,	   3.34830		, //old index 196
569	  ,  236 06 23 ,  119 35 54,      2.876,      0.000,      0.000,   0.57375,	   1.02085,	   3.36160		, //old index 197
570	  ,  236 06 23 ,  119 35 54,      2.876,      0.000,      0.000,   0.07195,	   1.88485,	   3.36980		, //old index 198
571	  ,  236 06 23 ,  119 35 54,      2.876,      0.000,      0.000,   0.66545,	   2.41545,	   3.34010		, //old index 199
572	  ,  236 06 23 ,  119 35 54,      2.876,      0.000,      0.000,   1.41385,	   1.26225,	   3.32340		, //old index 200
573	  ,  236 06 23 ,  119 35 54,      2.876,      0.000,      0.000,   1.74385,	   0.44995,	   3.31880		, //old index 201
574	  ,  236 06 23 ,  119 35 54,      2.876,      0.000,      0.000,   1.64955,	   0.17445,	   0.02870		, //old index 202
575	  ,  236 06 23 ,  119 35 54,      2.876,      0.000,      0.000,   1.30645,	   0.91415,	   0.04510		, //old index 203
576	  ,  236 06 23 ,  119 35 54,      2.876,      0.000,      0.000,   1.00125,	   1.55965,	   0.05660		, //old index 204
577	  ,  236 06 23 ,  119 35 54,      2.876,      0.000,      0.000,   0.57935,	   2.40565,	   0.07360		, //old index 205
578	  ,  236 06 23 ,  119 35 54,      2.876,      0.000,      0.000,  -0.09535,	   1.99355,	   0.08640		, //old index 206
579	  ,  236 06 23 ,  119 35 54,      2.876,      0.000,      0.000,   0.48195,	   1.16365,	   0.05600		, //old index 207
580	  ,  236 06 23 ,  119 35 54,      2.876,      0.000,      0.000,   0.60515,	   0.52275,	   0.04240		, //old index 208
581	  ,  236 06 23 ,  119 35 54,      2.876,      0.000,      0.000,   0.98455,	  -0.25565,	   0.03970		, //old index 209
582	  ,  236 06 23 ,  119 35 54,      2.876,      0.000,      0.000,   0.31255,	  -0.68225,	   0.05070		, //old index 210
583	  ,  236 06 23 ,  119 35 54,      2.876,      0.000,      0.000,  -0.06205,	  -0.15045,	   0.05120		, //old index 211
584	  ,  236 06 23 ,  119 35 54,      2.876,      0.000,      0.000,  -0.57515,	   0.13435,	   0.05700		, //old index 212
585	  ,  236 06 23 ,  119 35 54,      2.876,      0.000,      0.000,  -1.03645,	   1.01145,	   0.08070		, //old index 213
586	  ,  236 06 23 ,  119 35 54,      2.876,      0.000,      0.000,  -1.30335,	   1.40395,	   0.09870		, //old index 214
587	  ,  236 06 23 ,  119 35 54,      2.876,      0.000,      0.000,  -2.02825,	   0.86995,	   0.10760		, //old index 215
588	  ,  236 06 23 ,  119 35 54,      2.876,      0.000,      0.000,  -1.64295,	   0.32485,	   0.08960		, //old index 216
589	  ,  236 06 23 ,  119 35 54,      2.876,      0.000,      0.000,  -1.20575,	  -0.30415,	   0.07120		, //old index 217
590	  ,  236 06 23 ,  119 35 54,      2.876,      0.000,      0.000,  -0.71725,	  -1.25615,	   0.06540		, //old index 218
591	  ,  236 06 23 ,  119 35 54,      2.876,      0.000,      0.000,  -1.28735,	  -1.68305,	   0.07770		, //old index 219
592	  ,  236 06 23 ,  119 35 54,      2.876,      0.000,      0.000,  -1.82785,	  -0.88475,	   0.09260		, //old index 220
593	  ,  236 06 23 ,  119 35 54,      2.876,      0.000,      0.000,  -2.28195,	  -0.05385,	   0.10740		, //old index 221
594	  ,  236 06 23 ,  119 35 54,      2.876,      0.000,      0.000,  -2.60865,	   0.41955,	   0.11560		, //old index 222
595	  ,  236 06 23 ,  119 35 54,      2.876,      0.000,      0.000,   1.93405,	   0.48545,	   3.29700		, //old index 223
596	  ,  236 06 23 ,  119 35 54,      2.876,      0.000,      0.000,   1.91245,	   0.48315,	   2.57080		, //old index 224
597	  ,  236 06 23 ,  119 35 54,      2.876,      0.000,      0.000,   1.89305,	   0.47735,	   1.87130		, //old index 225
598	  ,  236 06 23 ,  119 35 54,      2.876,      0.000,      0.000,   1.87705,	   0.46975,	   1.20830		, //old index 226
599	  ,  236 06 23 ,  119 35 54,      2.876,      0.000,      0.000,   1.86625,	   0.46355,	   0.62670		, //old index 227
600	  ,  236 06 23 ,  119 35 54,      2.876,      0.000,      0.000,   1.83745,	   0.44745,	   0.42940		, //old index 228
601	  ,  236 06 23 ,  119 35 54,      2.876,      0.000,      0.000,   1.73765,	   0.37765,	   0.03440		, //old index 229
602	  ,  236 06 23 ,  119 35 54,      2.876,      0.000,      0.000,  -2.22815,	  -0.44355,	  -0.24890		, //old index 230
603	  ,  236 06 23 ,  119 35 54,      2.876,      0.000,      0.000,  -2.39135,	  -0.18985,	  -0.24540		, //old index 231
604	  ,  236 06 23 ,  119 35 54,      2.876,      0.000,      0.000,  -2.30325,	  -0.31985,	  -0.50790		, //old index 232
605	  ,  236 06 23 ,  119 35 54,      2.876,      0.000,      0.000,  -0.24305,	   0.87935,	   0.03660		, //old index 0
606	  ,  236 06 23 ,  119 35 54,      2.876,      0.000,      0.000,  -1.62095,	   1.18125,	   4.02420		, //old index 233
607	  ,  236 06 23 ,  119 35 54,      2.876,      0.000,      0.000,  -0.24265,	   2.39085,	   1.50730		, //old index 234
608	  ,  236 06 23 ,  119 35 54,      2.876,      0.000,      0.000,  -1.62135,	   1.18155,	   4.02530		, //old index 235
609	  ,  236 06 23 ,  119 35 54,      2.876,      0.000,      0.000,  -1.63975,	   1.48265,	   4.02630		, //old index 236
610	  ,  236 06 23 ,  119 35 54,      2.876,      0.000,      0.000,  -1.62695,	   1.32225,	   3.76560		, //old index 237
611	  ,  236 06 23 ,  119 35 54,      2.876,      0.000,      0.000,   0.57385,	   0.04635,	   0.08520		, //old index 238
612	  ,  236 06 23 ,  119 35 54,      2.876,      0.000,      0.000,   0.57165,	   0.03545,	   0.08850		, //old index 239
613	  ,  236 06 23 ,  119 35 54,      2.876,      0.000,      0.000,   0.58565,	   0.05525,	   0.08140		, //old index 240
614	  ,  236 06 23 ,  119 35 54,      2.876,      0.000,      0.000,   0.57175,	   0.07245,	   0.06010		, //old index 241
615	  ,  236 06 23 ,  119 35 54,      2.876,      0.000,      0.000,   0.55055,	   0.04815,	   0.05990		, //old index 242
616	  ,  236 06 23 ,  119 35 54,      2.876,      0.000,      0.000,   0.54415,	   0.01665,	   0.06210		, //old index 243
617	  ,  236 06 23 ,  119 35 54,      2.876,      0.000,      0.000,   0.58255,	   0.03955,	   0.10110		, //old index 244
618	  ,  236 06 23 ,  119 35 54,      2.876,      0.000,      0.000,   0.77055,	   0.00805,	   0.41300		, //old index 245
619	  ,  236 06 23 ,  119 35 54,      2.876,      0.000,      0.000,   1.09565,	  -0.03495,	   1.14460		, //old index 246
620	  ,  236 06 23 ,  119 35 54,      2.876,      0.000,      0.000,   1.36035,	  -0.06345,	   1.74260		, //old index 247
621	  ,  236 06 23 ,  119 35 54,      2.876,      0.000,      0.000,   1.69175,	  -0.10745,	   2.49950		, //old index 248
622	  ,  236 06 23 ,  119 35 54,      2.876,      0.000,      0.000,   1.88085,	  -0.09095,	   3.12650		, //old index 249
623	  ,  236 06 23 ,  119 35 54,      2.876,      0.000,      0.000,   2.04245,	  -0.07095,	   3.69120		, //old index 250
624	  ,  236 06 23 ,  119 35 54,      2.876,      0.000,      0.000,   2.22125,	  -0.05425,	   4.31190		, //old index 251
625	  ,  236 06 23 ,  119 35 54,      2.876,      0.000,      0.000,   2.25485,	  -0.00565,	   4.32810		, //old index 252
626	  ,  236 06 23 ,  119 35 54,      2.876,      0.000,      0.000,   2.27395,	  -0.12255,	   4.32850		, //old index 253
627	  ,  236 06 23 ,  119 35 54,      2.876,      0.000,      0.000,   2.19305,	  -0.03995,	   4.32740		, //old index 254
628	  ,  236 06 23 ,  119 35 54,      2.876,      0.000,      0.000,  -1.46335,	   2.32105,	   4.25080		, //old index 255
629	  ,  236 06 23 ,  119 35 54,      2.876,      0.000,      0.000,  -1.31305,	   2.32865,	   3.64740		, //old index 256
630	  ,  236 06 23 ,  119 35 54,      2.876,      0.000,      0.000,  -1.31725,	   2.33445,	   1.72350		, //old index 257
631	  ,  236 06 23 ,  119 35 54,      2.876,      0.000,      0.000,  -1.37675,	   2.33115,	   0.24970		, //old index 258
632	  ,  236 06 23 ,  119 35 54,      2.876,      0.000,      0.000,  -0.63815,	   2.37155,	   0.22900		, //old index 259
633	  ,  236 06 23 ,  119 35 54,      2.876,      0.000,      0.000,  -0.63885,	   2.37415,	   1.45030		, //old index 260
634	  ,  236 06 23 ,  119 35 54,      2.876,      0.000,      0.000,  -0.63805,	   2.37095,	   3.24920		, //old index 261
635	  ,  236 06 23 ,  119 35 54,      2.876,      0.000,      0.000,  -0.63695,	   2.36675,	   4.16500		, //old index 262
636	  ,  236 06 23 ,  119 35 54,      2.876,      0.000,      0.000,   0.05585,	   2.40545,	   4.19150		, //old index 263
637	  ,  236 06 23 ,  119 35 54,      2.876,      0.000,      0.000,   0.05545,	   2.40335,	   3.15390		, //old index 264
638	  ,  236 06 23 ,  119 35 54,      2.876,      0.000,      0.000,   0.05595,	   2.40595,	   1.50460		, //old index 265
639	  ,  236 06 23 ,  119 35 54,      2.876,      0.000,      0.000,   0.05655,	   2.40845,	   0.25380		, //old index 266
640	  ,  236 06 23 ,  119 35 54,      2.876,      0.000,      0.000,   0.79845,	   2.45325,	   0.30120		, //old index 267
641	  ,  236 06 23 ,  119 35 54,      2.876,      0.000,      0.000,   0.79045,	   2.44125,	   1.46730		, //old index 268
642	  ,  236 06 23 ,  119 35 54,      2.876,      0.000,      0.000,   0.79245,	   2.44445,	   3.23810		, //old index 269
643	  ,  236 06 23 ,  119 35 54,      2.876,      0.000,      0.000,   0.78955,	   2.43995,	   4.20010		, //old index 270
644	  ,  236 06 23 ,  119 35 54,      2.876,      0.000,      0.000,   1.48145,	   2.47055,	   4.14530		, //old index 271
645	  ,  236 06 23 ,  119 35 54,      2.876,      0.000,      0.000,   1.54855,	   2.53255,	   3.13580		, //old index 272
646	  ,  236 06 23 ,  119 35 54,      2.876,      0.000,      0.000,   1.47555,	   2.46515,	   1.85260		, //old index 273
647	  ,  236 06 23 ,  119 35 54,      2.876,      0.000,      0.000,   1.38165,	   2.46885,	   0.64390		, //old index 274
648	  ,  236 06 23 ,  119 35 54,      2.876,      0.000,      0.000,   1.93895,	   2.48875,	   2.15760		, //old index 275
649	  ,  236 06 23 ,  119 35 54,      2.876,      0.000,      0.000,   2.17385,	   2.49285,	   3.44690		, //old index 276
650	  ,  236 06 23 ,  119 35 54,      2.876,      0.000,      0.000,   2.18915,	   2.50315,	   4.27890		, //old index 277
651	  ,  236 06 23 ,  119 35 54,      2.876,      0.000,      0.000,   2.34085,	   2.21505,	   4.26250		, //old index 278
652	  ,  236 06 23 ,  119 35 54,      2.876,      0.000,      0.000,   2.25025,	   2.16815,	   3.35050		, //old index 279
653	  ,  236 06 23 ,  119 35 54,      2.876,      0.000,      0.000,   1.94665,	   2.19765,	   1.87640		, //old index 280
654	  ,  236 06 23 ,  119 35 54,      2.876,      0.000,      0.000,   1.31335,	   2.15605,	   0.35480		, //old index 281
655	  ,  236 06 23 ,  119 35 54,      2.876,      0.000,      0.000,   1.19335,	   1.45315,	   0.40740		, //old index 282
656	  ,  236 06 23 ,  119 35 54,      2.876,      0.000,      0.000,   1.70105,	   1.41335,	   1.49850		, //old index 283
657	  ,  236 06 23 ,  119 35 54,      2.876,      0.000,      0.000,   2.18675,	   1.54655,	   3.09160		, //old index 284
658	  ,  236 06 23 ,  119 35 54,      2.876,      0.000,      0.000,   2.33755,	   1.54345,	   4.04310		, //old index 285
659	  ,  236 06 23 ,  119 35 54,      2.876,      0.000,      0.000,   2.30665,	   0.80185,	   3.93390		, //old index 286
660	  ,  236 06 23 ,  119 35 54,      2.876,      0.000,      0.000,   2.13505,	   0.80705,	   3.11630		, //old index 287
661	  ,  236 06 23 ,  119 35 54,      2.876,      0.000,      0.000,   1.62245,	   0.82265,	   1.56770		, //old index 288
662	  ,  236 06 23 ,  119 35 54,      2.876,      0.000,      0.000,   1.20615,	   0.83515,	   0.66320		, //old index 289
663	  ,  236 06 23 ,  119 35 54,      2.876,      0.000,      0.000,   0.94435,	   0.01595,	   0.57390		, //old index 290
664	  ,  236 06 23 ,  119 35 54,      2.876,      0.000,      0.000,   1.49375,	   0.02695,	   1.65010		, //old index 291
665	  ,  236 06 23 ,  119 35 54,      2.876,      0.000,      0.000,   2.04505,	  -0.04545,	   3.16340		, //old index 292
666	  ,  236 06 23 ,  119 35 54,      2.876,      0.000,      0.000,   2.28035,	  -0.02775,	   3.98440		, //old index 293
667	  ,  236 06 23 ,  119 35 54,      2.876,      0.000,      0.000,   2.08565,	  -0.30145,	   4.01930		, //old index 294
668	  ,  236 06 23 ,  119 35 54,      2.876,      0.000,      0.000,   1.87895,	  -0.32275,	   3.22220		, //old index 295
669	  ,  236 06 23 ,  119 35 54,      2.876,      0.000,      0.000,   1.42595,	  -0.34085,	   4.14760		, //old index 296
670	  ,  236 06 23 ,  119 35 54,      2.876,      0.000,      0.000,   1.43045,	  -0.34415,	   3.18750		, //old index 297
671	  ,  236 06 23 ,  119 35 54,      2.876,      0.000,      0.000,   1.42455,	  -0.34025,	   2.07760		, //old index 298
672	  ,  236 06 23 ,  119 35 54,      2.876,      0.000,      0.000,   0.91805,	  -0.34935,	   0.88640		, //old index 299
673	  ,  236 06 23 ,  119 35 54,      2.876,      0.000,      0.000,   0.93065,	  -0.36255,	   2.18820		, //old index 300
674	  ,  236 06 23 ,  119 35 54,      2.876,      0.000,      0.000,   0.91775,	  -0.34905,	   3.19380		, //old index 301
675	  ,  236 06 23 ,  119 35 54,      2.876,      0.000,      0.000,   0.92835,	  -0.36005,	   4.12420		, //old index 302
676	  ,  236 06 23 ,  119 35 54,      2.876,      0.000,      0.000,   0.20255,	  -0.39615,	   4.15700		, //old index 303
677	  ,  236 06 23 ,  119 35 54,      2.876,      0.000,      0.000,   0.20475,	  -0.40265,	   3.22040		, //old index 304
678	  ,  236 06 23 ,  119 35 54,      2.876,      0.000,      0.000,   0.20455,	  -0.40185,	   1.97590		, //old index 305
679	  ,  236 06 23 ,  119 35 54,      2.876,      0.000,      0.000,   0.19915,	  -0.38625,	   1.04800		, //old index 306
680	  ,  236 06 23 ,  119 35 54,      2.876,      0.000,      0.000,   0.19405,	  -0.37245,	   0.24280		, //old index 307
681	  ,  236 06 23 ,  119 35 54,      2.876,      0.000,      0.000,  -0.66815,	  -0.42165,	   0.32720		, //old index 308
682	  ,  236 06 23 ,  119 35 54,      2.876,      0.000,      0.000,  -0.67545,	  -0.44425,	   1.48510		, //old index 309
683	  ,  236 06 23 ,  119 35 54,      2.876,      0.000,      0.000,  -0.67575,	  -0.44505,	   2.29110		, //old index 310
684	  ,  236 06 23 ,  119 35 54,      2.876,      0.000,      0.000,  -0.67315,	  -0.43715,	   3.22220		, //old index 311
685	  ,  236 06 23 ,  119 35 54,      2.876,      0.000,      0.000,  -0.67345,	  -0.43825,	   4.18930		, //old index 312
686	  ,  236 06 23 ,  119 35 54,      2.876,      0.000,      0.000,  -1.39105,	  -0.46235,	   4.19700		, //old index 313
687	  ,  236 06 23 ,  119 35 54,      2.876,      0.000,      0.000,  -1.39435,	  -0.46625,	   3.31040		, //old index 314
688	  ,  236 06 23 ,  119 35 54,      2.876,      0.000,      0.000,  -1.40005,	  -0.47275,	   2.31820		, //old index 315
689	  ,  236 06 23 ,  119 35 54,      2.876,      0.000,      0.000,  -1.40055,	  -0.47335,	   1.43790		, //old index 316
690	  ,  236 06 23 ,  119 35 54,      2.876,      0.000,      0.000,  -1.39745,	  -0.46965,	   0.31940		, //old index 317
691	  ,  236 06 23 ,  119 35 54,      2.876,      0.000,      0.000,  -1.55395,	  -0.28675,	   0.33450		, //old index 318
692	  ,  236 06 23 ,  119 35 54,      2.876,      0.000,      0.000,  -1.53915,	  -0.27365,	   1.56540		, //old index 319
693	  ,  236 06 23 ,  119 35 54,      2.876,      0.000,      0.000,  -1.53285,	  -0.26815,	   2.47920		, //old index 320
694	  ,  236 06 23 ,  119 35 54,      2.876,      0.000,      0.000,  -1.54145,	  -0.27555,	   4.18760		, //old index 321
695	  ,  236 06 23 ,  119 35 54,      2.876,      0.000,      0.000,  -1.60745,	   0.76195,	   4.15530		, //old index 322
696	  ,  236 06 23 ,  119 35 54,      2.876,      0.000,      0.000,  -1.59535,	   0.76305,	   3.26190		, //old index 323
697	  ,  236 06 23 ,  119 35 54,      2.876,      0.000,      0.000,  -1.60435,	   0.76225,	   1.68840		, //old index 324
698	  ,  236 06 23 ,  119 35 54,      2.876,      0.000,      0.000,  -1.60365,	   0.76245,	   0.54560		, //old index 325
699	  ,  236 06 23 ,  119 35 54,      2.876,      0.000,      0.000,  -1.63515,	   1.40875,	   0.47500		, //old index 326
700	  ,  236 06 23 ,  119 35 54,      2.876,      0.000,      0.000,  -1.63595,	   1.40895,	   1.76830		, //old index 327
701	  ,  236 06 23 ,  119 35 54,      2.876,      0.000,      0.000,  -1.63255,	   1.40765,	   3.28400		, //old index 328
702	  ,  236 06 23 ,  119 35 54,      2.876,      0.000,      0.000,  -1.63885,	   1.41005,	   4.22010		, //old index 329
703	  ,  236 06 23 ,  119 35 54,      2.876,      0.000,      0.000,  -1.66035,	   1.98805,	   4.11450		, //old index 330
704	  ,  236 06 23 ,  119 35 54,      2.876,      0.000,      0.000,  -1.66485,	   1.99165,	   3.58500		, //old index 331
705	  ,  236 06 23 ,  119 35 54,      2.876,      0.000,      0.000,  -1.65905,	   1.98715,	   2.41760		, //old index 332
706	  ,  236 06 23 ,  119 35 54,      2.876,      0.000,      0.000,  -1.66625,	   1.99275,	   1.39250		, //old index 333
707	  ,  236 06 23 ,  119 35 54,      2.876,      0.000,      0.000,  -1.67265,	   1.99775,	   0.31650		, //old index 334
708	  ,  236 06 23 ,  119 35 54,      2.876,      0.000,      0.000,  -1.49895,	   2.07435,	   4.36420		, //old index 335
709	  ,  236 06 23 ,  119 35 54,      2.876,      0.000,      0.000,  -0.12235,	   2.21865,	   4.35320		, //old index 336
710	  ,  236 06 23 ,  119 35 54,      2.876,      0.000,      0.000,   1.37985,	   2.30835,	   4.34760		, //old index 337
711	  ,  236 06 23 ,  119 35 54,      2.876,      0.000,      0.000,   2.20045,	   2.26955,	   4.34680		, //old index 338
712	  ,  236 06 23 ,  119 35 54,      2.876,      0.000,      0.000,   2.16595,	   1.52155,	   4.33830		, //old index 339
713	  ,  236 06 23 ,  119 35 54,      2.876,      0.000,      0.000,   1.21785,	   1.44375,	   4.32830		, //old index 340
714	  ,  236 06 23 ,  119 35 54,      2.876,      0.000,      0.000,  -0.07105,	   1.36885,	   4.33730		, //old index 341
715	  ,  236 06 23 ,  119 35 54,      2.876,      0.000,      0.000,  -1.49345,	   1.23865,	   4.36550		, //old index 342
716	  ,  236 06 23 ,  119 35 54,      2.876,      0.000,      0.000,  -1.51695,	   0.62645,	   4.36360		, //old index 343
717	  ,  236 06 23 ,  119 35 54,      2.876,      0.000,      0.000,  -0.39785,	   0.57965,	   4.33490		, //old index 344
718	  ,  236 06 23 ,  119 35 54,      2.876,      0.000,      0.000,   0.83785,	   0.64545,	   4.32440		, //old index 345
719	  ,  236 06 23 ,  119 35 54,      2.876,      0.000,      0.000,   2.20565,	   0.79695,	   4.33530		, //old index 346
720	  ,  236 06 23 ,  119 35 54,      2.876,      0.000,      0.000,   2.03005,	  -0.01825,	   4.32660		, //old index 347
721	  ,  236 06 23 ,  119 35 54,      2.876,      0.000,      0.000,   0.94925,	  -0.09405,	   4.33040		, //old index 348
722	  ,  236 06 23 ,  119 35 54,      2.876,      0.000,      0.000,  -0.05655,	  -0.10385,	   4.34330		, //old index 349
723	  ,  236 06 23 ,  119 35 54,      2.876,      0.000,      0.000,  -1.37625,	  -0.17955,	   4.35740		, //old index 350
724	  ,  236 06 23 ,  119 35 54,      2.876,      0.000,      0.000,  -1.42035,	  -0.31985,	   0.06530		, //old index 351
725	  ,  236 06 23 ,  119 35 54,      2.876,      0.000,      0.000,  -0.87575,	  -0.33175,	   0.06500		, //old index 352
726	  ,  236 06 23 ,  119 35 54,      2.876,      0.000,      0.000,  -0.32165,	  -0.25895,	   0.06370		, //old index 353
727	  ,  236 06 23 ,  119 35 54,      2.876,      0.000,      0.000,   0.44705,	  -0.19905,	   0.06080		, //old index 354
728	  ,  236 06 23 ,  119 35 54,      2.876,      0.000,      0.000,   0.67825,	   0.62175,	   0.06370		, //old index 355
729	  ,  236 06 23 ,  119 35 54,      2.876,      0.000,      0.000,  -0.32215,	   0.11985,	   0.06350		, //old index 356
730	  ,  236 06 23 ,  119 35 54,      2.876,      0.000,      0.000,  -1.08475,	   0.39025,	   0.06690		, //old index 357
731	  ,  236 06 23 ,  119 35 54,      2.876,      0.000,      0.000,  -1.49085,	   0.52925,	   0.06880		, //old index 358
732	  ,  236 06 23 ,  119 35 54,      2.876,      0.000,      0.000,  -1.48835,	   1.34905,	   0.07700		, //old index 359
733	  ,  236 06 23 ,  119 35 54,      2.876,      0.000,      0.000,  -0.72005,	   1.47475,	   0.06660		, //old index 360
734	  ,  236 06 23 ,  119 35 54,      2.876,      0.000,      0.000,   0.16155,	   1.52735,	   0.06420		, //old index 361
735	  ,  236 06 23 ,  119 35 54,      2.876,      0.000,      0.000,   0.74915,	   1.59255,	   0.06400		, //old index 362
736	  ,  236 06 23 ,  119 35 54,      2.876,      0.000,      0.000,   0.88565,	   2.27305,	   0.06170		, //old index 363
737	  ,  236 06 23 ,  119 35 54,      2.876,      0.000,      0.000,   0.14915,	   2.31385,	   0.06620		, //old index 364
738	  ,  236 06 23 ,  119 35 54,      2.876,      0.000,      0.000,  -0.72925,	   2.20365,	   0.06810		, //old index 365
739	  ,  236 06 23 ,  119 35 54,      2.876,      0.000,      0.000,  -1.35855,	   2.18245,	   0.07650		, //old index 366
740	  ,  236 06 23 ,  119 35 54,      2.876,      0.000,      0.000,  -0.49045,	  -0.44485,	   1.15890		, //old index 367
741	  ,  236 06 23 ,  119 35 54,      2.876,      0.000,      0.000,  -0.47595,	  -0.43535,	   0.75520		, //old index 368
742	  ,  236 06 23 ,  119 35 54,      2.876,      0.000,      0.000,   0.22855,	  -0.40035,	   0.75770		, //old index 369
743	  ,  236 06 23 ,  119 35 54,      2.876,      0.000,      0.000,  -1.26535,	  -0.16025,	   2.55160		, //old index 370
