CHECKING DISTANT FROM POINTS TO AVERAGE PLANE TO REMOVE INCORRECT POINT. 

Distant of points(mm) belongs the plane 0 (83 points): 
12.66(429), 10.82(434), 10.39(477),  9.96(437),  9.92(433),  9.58(446),  9.18(438),  9.13(453),  8.98(439),  8.68(472),  8.49(432),  8.33(447),  8.25(480),  8.00(444),  7.94(483),  7.06(478),  7.03(430),  6.54(457),  6.50(414),  6.38(456),  6.22(427),  6.22(407),  5.84(420),  5.64(449),  5.52(411),  5.52(464),  5.51(435),  5.48(419),  5.40(412),  5.33(460),  5.13(423),  5.11(408),  5.09(451),  5.01(481),  4.92(441),  4.60(421),  4.58(426),  4.41(436),  4.34(475),  4.15(448),  3.61(452),  3.39(425),  3.28(424),  3.18(466),  3.14(416),  3.04(468),  2.99(474),  2.99(410),  2.65(463),  2.58(471),  2.49(406),  2.43(458),  2.38(482),  2.33(476),  2.27(401),  2.21(403),  2.20(473),  2.05(459),  2.01(442),  1.73(415),  1.70(402),  1.67(450),  1.54(454),  1.54(443),  1.44(479),  1.44(409),  1.24(413),  1.17(440),  1.16(404),  1.14(469),  1.05(418),  1.02(467),  0.92(422),  0.91(428),  0.84(462),  0.80(470),  0.77(431),  0.66(405),  0.52(455),  0.48(417),  0.36(445),  0.21(465),  0.07(461), 
Distant of points(mm) belongs the plane 1 (12 points): 
16.44(378), 11.85(374), 11.67(384),  8.07(377),  6.31(383),  4.93(382),  3.95(375),  3.92(379),  3.40(380),  2.98(381),  1.63(376),  1.12(385), 
Distant of points(mm) belongs the plane 2 (15 points): 
10.97(398),  6.07(388),  5.65(393),  5.59(394),  4.48(392),  4.22(390),  3.89(391),  3.58(396),  3.56(395),  2.59(387),  1.56(389),  1.50(386),  1.19(400),  0.86(399),  0.78(397), 
Distant of points(mm) belongs the plane 3 (58 points): 
19.06(16), 18.29(15),  9.85(60),  9.51(44),  8.32(56),  8.08(27),  7.94(26),  7.72(40),  7.51(45),  6.70(61),  6.08(57),  6.03(25),  5.86(58),  5.41(43),  5.40(47),  5.26(41),  5.14(36),  5.03(32),  4.59(35),  4.52(31),  4.32(20),  4.28(33),  4.07(29),  3.98(11),  3.62(37),  3.60(53),  3.20(46),  3.07(24),  2.81(19),  2.79(65),  2.78(30),  2.54(28),  2.46(54),  2.37(50),  2.34(8),  2.19(62),  2.16(38),  2.07(18),  1.72(14),  1.35(64),  1.19(63),  1.15(9),  1.10(17),  1.07(49),  0.95(52),  0.88(42),  0.81(34),  0.76(51),  0.70(23),  0.67(12),  0.67(21),  0.65(48),  0.61(22),  0.25(10),  0.21(39),  0.14(55),  0.04(13),  0.03(59), 
Distant of points(mm) belongs the plane 4 (41 points): 
21.47(70), 18.40(71), 14.25(102), 11.30(82), 11.25(97),  9.94(98),  9.62(101),  9.40(106),  8.71(84),  7.79(103),  7.18(75),  6.97(74),  6.55(66),  6.31(67),  6.18(86),  5.69(73),  5.22(105),  5.06(76),  4.57(81),  4.26(90),  3.61(68),  3.53(72),  3.42(99),  3.13(78),  2.86(92),  2.73(96),  2.57(79),  2.48(80),  2.35(93),  2.23(83),  2.07(94),  1.90(69),  1.61(87),  1.59(85),  1.56(100),  1.43(104),  0.97(89),  0.52(77),  0.41(91),  0.39(88),  0.14(95), 
Distant of points(mm) belongs the plane 5 (40 points): 
16.56(250), 13.75(237), 12.21(262), 11.96(240), 11.53(251), 10.78(253),  9.97(259),  9.82(248),  9.51(263),  7.80(239),  7.51(258),  7.50(245),  7.29(252),  6.79(243),  6.61(265),  6.13(249),  5.30(256),  4.68(271),  4.65(261),  4.63(272),  3.95(235),  3.82(254),  3.75(274),  3.72(236),  3.57(267),  3.46(273),  2.86(247),  2.80(246),  2.77(268),  2.69(275),  2.67(264),  2.52(260),  2.45(242),  2.00(269),  1.61(266),  1.42(255),  1.28(270),  0.95(257),  0.65(238),  0.24(244), 
Distant of points(mm) belongs the plane 6 (39 points): 
30.06(298), 27.15(281), 20.23(280), 13.06(299), 10.31(290),  9.82(285),  9.31(276),  9.25(300),  8.23(289),  8.15(287),  7.59(293),  7.35(291),  7.33(302),  6.95(292),  6.37(315),  5.69(288),  5.51(301),  5.43(308),  5.15(278),  4.62(305),  4.35(282),  4.21(294),  4.16(277),  3.76(284),  3.51(286),  3.40(297),  3.12(309),  3.05(304),  2.24(314),  2.09(310),  2.06(283),  1.98(296),  1.82(312),  1.73(313),  1.24(307),  0.72(303),  0.50(295),  0.15(306),  0.07(311), 
Distant of points(mm) belongs the plane 7 (10 points): 
 2.58(109),  1.34(107),  1.27(108),  0.80(114),  0.77(116),  0.74(112),  0.52(117),  0.38(111),  0.34(110),  0.30(113), 
Distant of points(mm) belongs the plane 8 (51 points): 
13.86(130), 11.82(123),  9.88(129),  8.80(155),  8.30(150),  7.95(144),  7.65(142),  7.30(145),  7.27(121),  7.03(127),  7.01(125),  6.78(163),  6.58(154),  6.47(128),  6.45(119),  6.28(162),  4.94(158),  4.82(151),  4.66(118),  4.39(136),  4.34(164),  4.33(146),  4.07(168),  3.23(156),  3.17(167),  3.13(137),  3.06(120),  2.79(141),  2.66(126),  2.58(165),  2.56(124),  2.55(149),  2.28(139),  2.23(131),  1.64(153),  1.59(166),  1.50(157),  1.45(135),  1.38(138),  1.22(132),  1.06(160),  0.77(143),  0.57(161),  0.56(148),  0.54(147),  0.48(122),  0.41(152),  0.36(133),  0.35(134),  0.17(159),  0.12(140), 
Distant of points(mm) belongs the plane 9 (6 points): 
 5.49(173),  3.05(172),  2.64(174),  0.58(171),  0.56(169),  0.22(170), 
Distant of points(mm) belongs the plane 10 (58 points): 
19.39(206), 13.64(177), 13.13(221), 11.88(210), 10.71(229),  9.54(181),  9.50(208),  8.34(209),  7.93(202),  7.82(207),  7.75(230),  7.07(193),  6.95(212),  6.73(201),  6.69(196),  6.67(190),  6.38(232),  6.36(231),  6.27(182),  5.83(228),  5.66(218),  5.40(203),  5.17(213),  4.77(176),  4.72(223),  4.60(185),  4.39(198),  3.84(205),  3.78(224),  3.63(194),  3.55(183),  3.43(225),  3.35(179),  3.33(180),  3.21(217),  3.13(178),  3.02(192),  2.95(204),  2.84(214),  2.77(184),  2.63(215),  2.25(226),  2.20(216),  2.07(222),  2.02(199),  1.94(220),  1.84(189),  1.84(234),  1.56(219),  1.54(233),  1.51(200),  1.38(187),  1.37(188),  0.83(175),  0.44(227),  0.37(186),  0.33(195),  0.07(191), 
Distant of points(mm) belongs the plane 11 (11 points): 
10.45(317),  8.46(316),  6.96(326),  4.73(318),  3.76(321),  3.08(324),  2.57(323),  2.23(325),  2.08(322),  1.57(320),  0.24(319), 
Distant of points(mm) belongs the plane 12 (25 points): 
14.56(332), 11.49(351), 11.11(329), 10.72(328),  8.42(327),  5.59(331),  5.58(338),  5.29(346),  4.99(334),  4.90(333),  4.45(344),  4.08(341),  2.82(342),  2.57(348),  2.10(337),  1.75(350),  1.73(340),  1.62(347),  1.57(335),  1.49(345),  1.42(339),  1.40(349),  0.17(336),  0.13(343),  0.01(330), 
Distant of points(mm) belongs the plane 13 (10 points): 
 9.32(353),  7.65(357),  7.52(356),  5.40(361),  2.89(358),  2.82(359),  2.23(360),  1.73(352),  0.36(354),  0.35(355), 
Distant of points(mm) belongs the plane 14 (10 points): 
 5.57(365),  5.00(372),  3.86(367),  3.71(371),  3.09(373),  2.09(368),  1.99(369),  1.72(366),  1.59(370),  0.07(364), 
