CHECKING DISTANT FROM POINTS TO AVERAGE PLANE TO REMOVE INCORRECT POINT. 

Distant of points(mm) belongs the plane 0 (59 points): 
13.91(681), 12.89(680),  9.90(660),  9.53(688),  8.61(646),  8.32(676),  8.17(685),  8.05(630),  7.94(659),  7.89(631),  7.46(689),  7.45(687),  7.35(669),  7.13(640),  7.11(666),  6.84(645),  6.71(674),  6.55(664),  5.96(675),  5.82(671),  5.58(652),  5.32(663),  5.26(644),  4.89(636),  4.86(658),  4.76(643),  4.74(677),  4.43(661),  4.43(679),  4.36(654),  3.97(639),  3.88(673),  3.28(662),  3.16(628),  3.15(635),  3.07(684),  2.90(653),  2.86(627),  2.77(634),  2.59(672),  2.56(682),  2.46(641),  2.03(656),  1.95(665),  1.74(655),  1.60(686),  1.56(629),  1.52(638),  1.38(642),  1.28(667),  1.25(683),  1.24(648),  1.19(668),  0.93(647),  0.59(626),  0.58(657),  0.49(632),  0.16(678),  0.01(637), 
Distant of points(mm) belongs the plane 1 (49 points): 
23.24(590), 18.46(602), 12.73(597),  9.03(596),  8.45(604),  8.41(608),  7.91(595),  7.49(599),  7.46(605),  7.40(616),  6.81(617),  5.88(589),  5.77(586),  5.55(619),  5.17(583),  3.99(607),  3.85(578),  3.83(614),  3.82(581),  3.74(579),  3.68(587),  3.67(624),  3.38(584),  3.31(606),  3.11(601),  3.02(577),  2.94(615),  2.83(575),  2.77(621),  2.64(622),  2.64(592),  2.47(600),  2.40(574),  2.34(582),  2.20(618),  1.71(611),  1.70(594),  1.67(623),  1.57(609),  1.54(585),  1.34(598),  1.26(613),  1.25(620),  1.12(588),  1.04(593),  0.96(591),  0.75(603),  0.66(612),  0.14(610), 
Distant of points(mm) belongs the plane 2 (44 points): 
15.51(5), 14.64(40), 12.60(28), 11.95(45), 10.14(13),  9.84(10),  9.41(21),  9.12(50),  8.99(41),  8.13(11),  6.94(9),  6.93(8),  6.83(47),  6.16(48),  6.14(14),  5.51(42),  5.49(37),  5.34(27),  5.21(19),  4.56(43),  4.45(30),  4.42(34),  4.37(33),  4.34(31),  3.95(18),  3.82(7),  3.55(12),  3.49(29),  3.46(36),  3.41(24),  3.19(17),  2.90(22),  2.79(26),  2.59(15),  2.44(49),  1.98(23),  1.98(6),  1.79(16),  1.38(35),  1.32(44),  1.06(32),  0.80(46),  0.61(25),  0.20(39), 
Distant of points(mm) belongs the plane 3 (45 points): 
22.21(61), 15.28(65), 13.07(56),  9.39(85),  8.97(64),  6.89(60),  6.72(88),  6.48(66),  6.37(74),  6.28(62),  6.15(90),  5.96(96),  5.90(93),  5.85(52),  5.84(59),  5.74(91),  5.72(78),  5.36(54),  4.66(80),  4.64(84),  4.63(77),  4.59(68),  3.73(76),  3.66(72),  3.60(79),  3.57(58),  3.17(83),  3.15(87),  3.13(82),  3.12(73),  2.99(89),  2.87(95),  2.61(75),  2.40(81),  2.40(70),  2.30(86),  1.73(55),  1.69(57),  1.53(71),  1.48(92),  1.25(51),  0.72(69),  0.71(94),  0.64(67),  0.60(53), 
Distant of points(mm) belongs the plane 4 (49 points): 
15.96(371), 12.39(340), 11.98(377), 10.63(345),  9.98(370),  9.37(347),  8.43(355),  8.15(368),  8.02(354),  8.02(380),  7.78(373),  7.77(335),  7.75(344),  7.38(343),  6.77(346),  6.52(352),  6.25(353),  5.72(338),  5.27(341),  5.16(376),  5.13(382),  4.96(366),  3.84(383),  3.83(359),  3.56(372),  3.18(378),  2.39(363),  2.15(362),  2.12(349),  1.97(361),  1.78(357),  1.71(379),  1.66(356),  1.63(364),  1.59(336),  1.39(339),  1.32(350),  0.94(358),  0.85(348),  0.75(367),  0.72(381),  0.67(365),  0.54(360),  0.52(342),  0.27(337),  0.26(374),  0.17(369),  0.02(351),  0.00(375), 
Distant of points(mm) belongs the plane 5 (44 points): 
18.46(391), 16.02(385), 12.15(395), 11.18(389), 10.49(397),  9.46(426),  9.36(423),  8.81(405),  8.66(392),  8.22(419),  6.91(424),  6.25(414),  5.86(394),  5.72(399),  5.50(386),  5.48(427),  5.35(393),  5.27(384),  4.23(396),  4.10(416),  3.87(408),  3.86(412),  3.71(400),  3.68(390),  3.42(413),  3.38(417),  3.26(398),  3.16(422),  3.15(421),  2.66(420),  2.55(404),  2.37(410),  2.06(403),  2.02(425),  1.80(415),  1.73(418),  1.30(411),  1.04(402),  1.01(388),  0.57(406),  0.49(401),  0.43(409),  0.26(387),  0.17(407), 
Distant of points(mm) belongs the plane 6 (89 points): 
27.35(510), 18.65(437), 18.05(512), 17.42(515), 13.46(500), 12.15(435), 11.84(470), 11.73(508), 11.49(461), 11.34(466), 11.01(472), 10.73(517), 10.68(483), 10.60(462),  9.41(430),  9.35(444),  9.32(432),  9.26(509),  8.67(440),  8.65(505),  8.43(460),  8.24(428),  8.06(499),  8.04(503),  7.71(431),  7.63(468),  7.14(429),  6.89(486),  6.89(433),  6.84(434),  6.79(491),  6.67(471),  6.52(446),  6.47(464),  6.14(438),  5.96(439),  5.93(442),  5.86(459),  5.66(436),  5.66(445),  5.62(504),  5.61(489),  5.44(482),  5.31(484),  5.26(454),  5.07(451),  5.00(450),  4.90(474),  4.83(485),  4.79(511),  4.59(513),  4.31(501),  4.29(506),  3.88(458),  3.54(443),  3.33(494),  3.19(492),  3.11(473),  3.08(481),  3.03(448),  3.02(502),  2.99(463),  2.57(498),  2.51(452),  2.50(495),  2.39(449),  2.25(447),  2.15(465),  1.98(507),  1.91(441),  1.77(476),  1.76(467),  1.76(497),  1.71(457),  1.63(480),  1.32(487),  1.08(516),  0.79(475),  0.67(490),  0.59(493),  0.58(488),  0.56(478),  0.51(496),  0.38(469),  0.29(477),  0.23(453),  0.18(479),  0.15(456),  0.15(455), 
Distant of points(mm) belongs the plane 7 (56 points): 
14.90(553), 11.17(566),  6.46(531),  6.43(537),  5.49(541),  5.09(526),  5.00(543),  4.76(562),  4.70(564),  4.45(556),  4.10(521),  3.99(549),  3.87(532),  3.85(567),  3.84(533),  3.75(529),  3.74(534),  3.52(528),  3.45(558),  3.22(522),  3.20(542),  3.17(555),  3.02(545),  2.95(552),  2.64(571),  2.55(536),  2.53(548),  2.33(519),  2.25(535),  2.07(563),  2.00(554),  1.93(559),  1.85(539),  1.73(523),  1.63(530),  1.63(569),  1.40(525),  1.37(520),  1.24(568),  1.23(551),  1.21(546),  1.13(573),  1.06(557),  1.00(547),  0.83(538),  0.75(560),  0.74(524),  0.69(572),  0.69(544),  0.61(527),  0.58(518),  0.45(540),  0.22(561),  0.07(550),  0.06(570),  0.04(565), 
Distant of points(mm) belongs the plane 8 (23 points): 
 9.26(112),  9.10(103),  8.24(110),  7.09(106),  7.05(111),  7.05(101),  5.49(118),  5.47(109),  5.47(104),  5.18(98),  4.79(102),  4.63(97),  4.46(105),  4.38(114),  4.29(117),  3.06(115),  3.04(119),  3.02(99),  1.17(100),  1.09(108),  1.06(116),  0.69(107),  0.03(113), 
Distant of points(mm) belongs the plane 9 (22 points): 
10.96(129),  9.89(121),  9.30(136),  8.37(135),  7.24(126),  6.96(128),  6.85(125),  6.28(142),  5.84(130),  5.75(123),  5.29(141),  5.24(127),  5.22(132),  4.07(133),  3.93(137),  3.45(140),  3.36(131),  3.19(138),  3.05(134),  1.94(122),  1.30(120),  0.89(124), 
Distant of points(mm) belongs the plane 10 (19 points): 
27.20(158), 12.45(155),  9.86(157),  7.15(143),  6.77(161),  6.77(145),  4.01(152),  3.25(150),  3.04(160),  2.50(147),  2.27(159),  2.18(151),  1.26(149),  1.20(146),  1.18(148),  1.15(154),  0.63(153),  0.63(156),  0.40(144), 
Distant of points(mm) belongs the plane 11 (18 points): 
22.89(169),  8.39(179),  6.84(177),  6.72(162),  6.19(178),  5.67(168),  4.89(173),  4.49(164),  3.93(176),  3.79(166),  3.24(167),  2.69(171),  1.96(170),  1.78(174),  1.30(163),  0.93(172),  0.48(165),  0.15(175), 
Distant of points(mm) belongs the plane 12 (75 points): 
11.79(244), 11.74(223), 11.43(181), 11.00(222), 10.92(193), 10.80(256), 10.78(203), 10.38(245),  9.86(246),  9.27(220),  9.26(198),  9.25(224),  9.08(230),  9.04(197),  8.01(227),  7.55(255),  7.38(238),  7.28(182),  7.03(184),  7.00(214),  6.92(229),  6.88(190),  6.80(200),  6.73(196),  6.26(202),  6.14(185),  5.92(186),  5.27(232),  5.16(221),  5.03(250),  4.95(252),  4.80(242),  4.76(233),  4.50(207),  4.44(226),  4.35(180),  4.18(211),  4.03(253),  3.87(199),  3.74(191),  3.73(187),  3.52(204),  3.37(243),  3.28(248),  3.03(237),  2.82(201),  2.39(195),  2.39(249),  2.28(188),  2.18(209),  2.17(205),  1.96(192),  1.92(210),  1.78(189),  1.67(251),  1.65(213),  1.64(225),  1.61(183),  1.55(241),  1.51(208),  1.50(206),  1.49(215),  1.43(218),  1.38(247),  1.34(212),  1.29(228),  1.12(231),  1.08(217),  0.78(236),  0.68(234),  0.59(194),  0.57(239),  0.47(240),  0.29(254),  0.01(235), 
Distant of points(mm) belongs the plane 13 (21 points): 
 7.04(269),  4.66(272),  4.35(264),  4.30(275),  4.01(276),  3.93(271),  3.27(273),  2.61(267),  2.50(270),  2.39(266),  2.21(279),  2.03(263),  1.47(274),  1.37(265),  1.21(260),  0.89(261),  0.58(262),  0.46(268),  0.34(277),  0.26(278),  0.11(259), 
Distant of points(mm) belongs the plane 14 (26 points): 
 7.27(300),  5.51(280),  5.39(290),  5.30(289),  4.96(291),  4.74(301),  3.41(293),  2.89(283),  2.79(298),  2.75(305),  2.24(296),  2.16(295),  2.12(285),  2.06(299),  1.98(282),  1.65(284),  1.64(281),  1.29(303),  0.79(304),  0.74(287),  0.58(297),  0.52(288),  0.44(286),  0.40(302),  0.38(292),  0.08(294), 
Distant of points(mm) belongs the plane 15 (28 points): 
14.39(308), 13.96(318),  7.07(332),  5.76(307),  5.53(331),  5.20(321),  4.93(311),  4.79(310),  4.72(330),  4.72(315),  4.62(323),  4.44(333),  4.16(316),  4.13(312),  3.78(328),  3.75(322),  3.46(314),  3.45(326),  2.91(325),  2.60(319),  2.54(329),  2.43(334),  1.92(320),  1.45(324),  1.15(327),  0.70(313),  0.49(317),  0.22(309), 
