CHECKING DISTANT FROM POINTS TO AVERAGE PLANE TO REMOVE INCORRECT POINT. 

Distant of points(mm) belongs the plane 0 (67 points): 
 8.88(672),  7.79(705),  7.60(733),  7.13(668),  6.81(730),  6.00(686),  5.66(685),  5.65(731),  5.48(732),  5.46(729),  5.41(678),  5.29(724),  5.14(720),  4.98(702),  4.74(673),  4.62(703),  4.56(722),  4.32(667),  4.08(699),  4.00(669),  3.91(723),  3.70(692),  3.50(709),  3.44(674),  3.41(728),  3.34(694),  3.26(693),  3.21(683),  2.92(682),  2.86(716),  2.82(721),  2.62(681),  2.62(676),  2.52(697),  2.49(704),  2.47(684),  2.38(712),  2.34(719),  2.25(707),  2.17(711),  2.14(675),  1.93(690),  1.88(710),  1.76(689),  1.62(708),  1.62(670),  1.54(688),  1.46(713),  1.45(726),  1.43(718),  1.32(680),  1.32(717),  1.13(698),  1.01(691),  0.98(696),  0.92(671),  0.92(706),  0.86(727),  0.80(687),  0.71(714),  0.70(701),  0.54(695),  0.39(700),  0.35(725),  0.35(679),  0.12(677),  0.03(715), 
Distant of points(mm) belongs the plane 1 (63 points): 
16.21(618), 13.00(619), 11.83(622), 11.08(608), 10.35(609), 10.31(616),  9.97(659),  9.38(617),  9.15(634),  8.98(637),  8.01(607),  7.50(633),  7.15(649),  6.74(615),  6.51(644),  6.33(614),  6.15(605),  5.68(645),  5.33(654),  5.08(655),  5.01(652),  4.87(661),  4.86(620),  4.85(656),  4.72(610),  4.40(606),  4.37(611),  4.24(643),  4.00(623),  3.98(647),  3.68(657),  3.68(621),  3.56(629),  3.52(628),  3.49(664),  3.05(658),  3.00(635),  2.92(613),  2.88(638),  2.53(636),  2.35(604),  1.98(650),  1.86(665),  1.68(639),  1.62(612),  1.48(660),  1.07(640),  0.99(642),  0.98(624),  0.91(653),  0.90(630),  0.88(626),  0.81(651),  0.69(662),  0.66(627),  0.52(666),  0.43(663),  0.41(632),  0.35(641),  0.28(648),  0.27(646),  0.14(625),  0.07(631), 
Distant of points(mm) belongs the plane 2 (55 points): 
19.30(48), 14.54(59), 13.87(49), 13.35(47), 11.92(55), 11.82(54), 11.73(40), 10.80(33),  9.44(57),  8.77(56),  7.88(38),  7.86(39),  7.84(34),  7.46(12),  7.39(13),  6.57(6),  6.52(7),  6.42(58),  5.99(14),  5.61(8),  5.08(41),  4.23(10),  4.13(42),  4.07(43),  4.00(32),  3.95(17),  3.95(37),  3.30(11),  3.27(53),  3.12(35),  3.02(25),  2.93(44),  2.72(9),  2.72(18),  2.72(28),  2.66(50),  2.47(27),  2.11(26),  2.03(5),  1.77(19),  1.69(46),  1.67(20),  1.60(36),  1.52(52),  1.32(22),  1.23(16),  1.20(24),  1.16(30),  1.13(23),  1.05(31),  0.97(29),  0.66(51),  0.61(15),  0.52(21),  0.19(45), 
Distant of points(mm) belongs the plane 3 (48 points): 
17.91(66), 15.75(74), 14.58(60), 14.49(65), 12.26(61), 10.26(75), 10.17(64),  9.53(76),  9.07(72),  8.70(71),  8.11(77),  7.76(62),  7.55(106),  7.50(101),  7.24(63),  6.98(89),  6.65(78),  6.41(104),  6.33(96),  6.27(70),  5.95(105),  5.73(88),  5.70(103),  5.33(68),  5.15(107),  5.14(79),  5.13(102),  4.93(67),  4.83(69),  4.81(80),  4.25(87),  4.02(82),  3.91(97),  3.31(85),  3.22(81),  2.48(73),  2.37(83),  1.90(84),  1.44(91),  1.18(86),  1.11(93),  1.05(95),  0.75(100),  0.73(92),  0.42(94),  0.31(98),  0.25(99),  0.12(90), 
Distant of points(mm) belongs the plane 4 (103 points): 
16.49(432), 14.99(431), 14.11(450), 14.04(433), 11.50(430), 10.89(437), 10.62(442),  9.58(451),  8.90(429),  8.77(449),  8.41(436),  8.16(443),  8.08(444),  7.95(428),  7.77(424),  7.60(445),  7.38(490),  6.93(491),  6.65(425),  6.63(457),  6.57(458),  5.98(446),  5.95(459),  5.91(479),  5.86(448),  5.75(452),  5.55(427),  5.19(493),  5.17(498),  5.04(469),  4.58(503),  4.50(456),  4.50(489),  3.84(447),  3.79(506),  3.67(492),  3.60(501),  3.57(441),  3.51(486),  3.41(504),  3.04(520),  2.92(512),  2.90(455),  2.89(476),  2.82(500),  2.81(483),  2.79(453),  2.76(478),  2.75(509),  2.74(426),  2.67(470),  2.55(481),  2.53(495),  2.52(484),  2.44(488),  2.41(467),  2.37(525),  2.36(508),  2.36(511),  2.27(468),  2.27(524),  2.24(440),  2.15(438),  2.10(510),  1.96(464),  1.96(435),  1.94(494),  1.94(516),  1.88(517),  1.80(487),  1.74(480),  1.67(502),  1.63(482),  1.42(505),  1.40(454),  1.37(523),  1.35(499),  1.33(485),  1.29(507),  1.27(460),  1.21(474),  1.14(515),  1.11(519),  1.03(522),  0.98(439),  0.97(463),  0.96(477),  0.87(526),  0.85(497),  0.81(466),  0.75(475),  0.71(472),  0.60(473),  0.51(521),  0.38(471),  0.31(514),  0.31(462),  0.26(518),  0.26(434),  0.18(496),  0.08(513),  0.07(461),  0.04(465), 
Distant of points(mm) belongs the plane 5 (77 points): 
 9.35(586),  7.92(541),  7.92(599),  7.36(603),  7.36(584),  6.65(536),  6.53(540),  6.36(537),  6.32(592),  6.12(559),  5.86(585),  5.50(564),  5.27(595),  5.07(562),  4.63(596),  4.50(563),  4.40(598),  4.17(597),  4.03(591),  3.86(587),  3.76(552),  3.70(576),  3.67(554),  3.58(527),  3.58(555),  3.56(535),  3.56(565),  3.34(530),  3.27(544),  3.19(538),  3.18(528),  3.14(545),  3.03(529),  3.01(551),  2.71(588),  2.64(579),  2.57(532),  2.55(531),  2.54(575),  2.44(548),  2.36(550),  2.30(539),  2.24(590),  2.22(568),  2.15(560),  2.11(593),  2.10(582),  2.02(600),  1.98(583),  1.95(553),  1.91(556),  1.84(546),  1.84(581),  1.78(558),  1.73(578),  1.41(547),  1.39(567),  1.32(542),  1.11(571),  1.00(602),  0.93(569),  0.86(573),  0.70(601),  0.62(534),  0.48(589),  0.44(549),  0.41(580),  0.29(533),  0.28(574),  0.22(566),  0.19(557),  0.19(594),  0.18(570),  0.14(572),  0.14(577),  0.07(543),  0.04(561), 
Distant of points(mm) belongs the plane 6 (63 points): 
20.88(313), 17.32(314),  9.31(361),  8.19(360),  7.73(342),  7.71(336),  7.44(326),  7.42(341),  7.18(324),  6.48(340),  6.24(367),  6.22(365),  6.18(366),  6.15(325),  5.45(337),  5.33(323),  5.31(332),  5.16(364),  5.13(368),  4.94(363),  4.83(352),  4.31(309),  4.30(331),  4.05(306),  3.58(316),  3.49(343),  3.40(344),  3.34(318),  3.34(328),  3.32(310),  3.30(317),  3.18(333),  2.76(351),  2.63(356),  2.53(339),  2.49(338),  2.42(355),  2.33(322),  2.26(334),  2.22(358),  2.21(319),  2.03(359),  1.56(347),  1.52(362),  1.41(315),  1.32(330),  1.15(308),  1.12(354),  1.07(335),  1.04(346),  1.04(320),  1.02(348),  0.90(350),  0.88(307),  0.88(327),  0.81(353),  0.81(357),  0.72(345),  0.33(311),  0.18(321),  0.17(349),  0.04(312),  0.02(329), 
Distant of points(mm) belongs the plane 7 (55 points): 
16.29(382), 14.91(392), 14.08(423), 11.85(422),  8.69(421),  7.49(415),  7.37(394),  7.30(384),  7.07(395),  6.63(405),  6.50(420),  6.30(416),  6.11(376),  5.89(404),  5.85(414),  5.33(375),  5.21(393),  5.11(385),  4.19(383),  3.90(386),  3.72(369),  3.62(401),  3.23(403),  2.92(379),  2.89(370),  2.79(400),  2.79(396),  2.70(380),  2.51(381),  2.44(402),  2.32(406),  2.30(408),  2.28(419),  2.20(372),  2.11(417),  2.09(418),  2.04(371),  1.97(399),  1.83(377),  1.80(390),  1.76(389),  1.50(412),  1.49(397),  1.37(391),  1.34(373),  1.28(411),  1.20(413),  1.12(378),  1.08(407),  0.70(409),  0.50(388),  0.48(374),  0.31(387),  0.18(398),  0.04(410), 
Distant of points(mm) belongs the plane 8 (14 points): 
11.18(114), 11.07(121), 10.54(112), 10.20(109), 10.11(108),  7.74(111),  6.71(119),  6.19(113),  5.47(110),  3.67(116),  3.44(120),  3.12(117),  2.52(115),  2.05(118), 
Distant of points(mm) belongs the plane 9 (39 points): 
26.44(127), 23.47(129), 19.41(126), 16.85(132), 16.43(124), 16.29(156), 15.53(131), 15.49(125), 14.89(130), 12.60(128), 12.49(122), 11.35(146),  9.71(149),  9.71(155),  9.58(133),  9.48(158),  9.09(141),  8.96(142),  8.26(143),  7.64(148),  7.31(152),  7.29(147),  6.86(151),  6.77(160),  6.76(140),  6.37(138),  5.93(144),  5.55(123),  5.40(139),  4.37(137),  3.77(153),  3.34(154),  3.14(150),  2.90(157),  2.68(159),  0.66(134),  0.49(145),  0.41(135),  0.36(136), 
Distant of points(mm) belongs the plane 10 (4 points): 
 2.18(174),  1.39(175),  1.34(176),  0.56(177), 
Distant of points(mm) belongs the plane 11 (45 points): 
13.06(217), 12.51(197), 10.06(205),  9.40(185),  8.41(204),  8.31(193),  8.23(183),  6.93(207),  6.46(195),  6.23(186),  5.66(210),  4.94(206),  4.88(194),  4.72(202),  4.60(187),  4.50(180),  4.43(190),  4.43(209),  4.24(203),  4.19(213),  4.11(199),  3.89(211),  3.55(212),  3.01(220),  2.79(188),  2.76(198),  2.46(192),  2.25(200),  2.16(181),  1.89(221),  1.86(215),  1.71(219),  1.66(182),  1.46(189),  1.45(216),  1.14(222),  1.11(218),  1.11(184),  0.71(201),  0.65(191),  0.54(214),  0.53(196),  0.50(179),  0.44(208),  0.10(178), 
Distant of points(mm) belongs the plane 12 (5 points): 
 1.84(225),  1.62(223),  0.27(227),  0.25(224),  0.19(226), 
Distant of points(mm) belongs the plane 13 (19 points): 
 6.39(238),  5.42(245),  4.76(242),  4.69(230),  4.34(237),  4.32(246),  3.06(236),  2.93(229),  2.77(239),  2.70(235),  2.46(232),  1.75(234),  1.38(233),  1.25(244),  0.55(228),  0.49(240),  0.15(243),  0.09(231),  0.05(241), 
Distant of points(mm) belongs the plane 14 (29 points): 
14.13(249),  6.71(272),  6.19(250),  5.92(264),  5.84(251),  5.71(254),  5.28(256),  4.63(271),  4.58(258),  3.75(253),  3.53(260),  3.49(270),  3.45(267),  3.04(259),  2.67(262),  2.61(275),  2.31(269),  2.15(257),  2.03(248),  1.84(263),  1.82(247),  1.39(255),  1.19(274),  1.00(268),  0.77(252),  0.73(273),  0.47(266),  0.44(261),  0.03(265), 
Distant of points(mm) belongs the plane 15 (30 points): 
 4.98(283),  4.71(278),  4.01(298),  3.93(276),  3.40(286),  3.15(303),  2.91(300),  2.88(282),  2.87(277),  2.85(295),  2.75(281),  2.53(287),  2.36(305),  2.15(285),  2.02(304),  2.01(284),  1.89(296),  1.67(290),  1.51(291),  1.38(293),  1.29(289),  0.99(299),  0.67(288),  0.53(279),  0.45(301),  0.38(280),  0.34(292),  0.30(294),  0.28(302),  0.06(297), 
Distant of points(mm) belongs the plane 16 (13 points): 
 2.83(170),  2.62(162),  2.46(166),  1.95(168),  1.25(169),  1.10(164),  0.78(163),  0.57(167),  0.53(171),  0.52(173),  0.26(165),  0.23(172),  0.11(161), 
