CHECKING DISTANT FROM POINTS TO AVERAGE PLANE TO REMOVE INCORRECT POINT. 

Distant of points(mm) belongs the plane 0 (54 points): 
16.84(498), 16.38(480), 13.31(525), 12.22(502), 11.69(501), 11.30(492), 10.87(477), 10.55(503), 10.45(497),  9.68(479),  9.59(526),  9.38(499),  9.20(487),  8.44(527),  8.01(507),  7.82(494),  7.72(504),  7.30(512),  7.16(481),  6.98(491),  6.98(524),  6.92(517),  6.91(489),  6.91(488),  6.82(528),  6.22(500),  6.19(482),  5.30(478),  5.18(484),  5.13(485),  5.05(510),  5.02(520),  4.88(505),  4.67(521),  4.52(508),  4.19(483),  4.11(522),  3.57(506),  3.49(493),  3.49(511),  3.39(509),  2.96(486),  2.94(490),  2.72(519),  2.62(513),  2.46(514),  2.42(496),  1.86(529),  1.66(516),  1.30(518),  0.87(523),  0.35(495),  0.15(515),  0.01(530), 
Distant of points(mm) belongs the plane 1 (10 points): 
 6.45(430),  5.08(433),  4.98(429),  3.94(431),  3.50(434),  3.27(428),  3.09(437),  2.28(436),  1.71(432),  0.69(435), 
Distant of points(mm) belongs the plane 2 (39 points): 
10.13(472),  8.65(464),  8.23(469),  6.70(451),  5.76(450),  5.76(444),  5.42(457),  5.22(475),  5.14(455),  4.90(452),  4.32(438),  4.31(462),  4.18(470),  3.91(471),  3.68(447),  3.68(468),  3.63(445),  3.56(461),  3.38(443),  3.12(456),  2.94(463),  2.94(467),  2.86(465),  2.20(458),  2.18(449),  2.16(476),  2.16(466),  2.14(454),  2.07(473),  1.93(440),  1.75(460),  1.73(453),  1.54(439),  1.35(474),  1.08(441),  0.50(459),  0.44(442),  0.11(448),  0.07(446), 
Distant of points(mm) belongs the plane 3 (44 points): 
13.66(18), 12.33(20),  9.86(54),  9.71(21),  8.90(41),  8.84(53),  8.83(15),  8.66(17),  6.69(14),  6.49(36),  6.10(51),  5.00(46),  4.56(52),  4.55(45),  4.44(49),  4.07(42),  4.00(22),  3.91(30),  3.71(12),  3.64(32),  3.62(33),  3.59(55),  3.28(34),  3.27(40),  3.04(29),  2.67(37),  2.56(31),  2.39(27),  2.06(13),  2.04(48),  1.94(19),  1.78(16),  1.56(23),  1.52(35),  1.49(26),  1.35(44),  1.28(24),  1.24(38),  1.18(43),  1.15(39),  1.12(50),  0.92(25),  0.89(47),  0.05(28), 
Distant of points(mm) belongs the plane 4 (46 points): 
15.48(96), 15.37(84), 10.38(92), 10.38(83),  9.15(93),  7.99(72),  7.80(66),  7.18(98),  7.08(91),  6.20(97),  6.07(89),  5.93(70),  5.92(80),  5.79(86),  5.59(81),  5.45(67),  5.26(82),  4.92(94),  4.25(60),  4.11(59),  4.04(56),  3.88(101),  3.79(61),  3.69(73),  3.66(76),  3.52(90),  3.30(95),  3.15(57),  3.05(99),  2.65(69),  2.24(87),  1.98(88),  1.88(71),  1.87(100),  1.84(64),  1.19(78),  1.18(85),  1.13(74),  1.09(58),  1.06(63),  1.05(75),  0.82(62),  0.41(65),  0.27(79),  0.20(68),  0.03(77), 
Distant of points(mm) belongs the plane 5 (46 points): 
20.60(268), 17.42(260), 15.70(299), 15.52(298), 12.98(303), 11.84(275), 11.31(297), 10.73(276), 10.48(302),  9.28(261),  8.09(274),  7.69(301),  6.85(259),  4.31(273),  4.23(290),  4.05(258),  4.00(277),  3.99(282),  3.93(267),  3.76(279),  3.59(295),  3.10(280),  3.06(262),  3.05(294),  2.87(296),  2.86(288),  2.77(272),  2.73(269),  2.63(287),  2.62(300),  2.53(292),  2.38(293),  2.14(283),  2.09(291),  1.95(289),  1.67(263),  1.65(281),  1.37(264),  1.28(265),  1.18(271),  0.87(285),  0.72(278),  0.57(286),  0.53(284),  0.33(266),  0.32(270), 
Distant of points(mm) belongs the plane 6 (45 points): 
11.54(304), 11.09(325), 10.87(308), 10.05(326),  8.28(331),  7.34(340),  6.64(318),  6.20(342),  6.01(333),  5.84(309),  5.84(313),  5.60(334),  5.57(339),  5.30(328),  5.07(305),  4.55(327),  4.45(330),  4.22(336),  4.08(319),  3.87(312),  3.61(335),  3.41(341),  3.27(337),  3.13(338),  2.98(307),  2.94(310),  2.87(329),  2.79(306),  2.49(317),  2.46(345),  2.26(320),  2.04(314),  2.04(323),  1.76(347),  1.64(346),  0.98(321),  0.98(311),  0.96(344),  0.82(324),  0.65(343),  0.56(315),  0.46(332),  0.41(316),  0.33(348),  0.29(322), 
Distant of points(mm) belongs the plane 7 (12 points): 
 2.38(105),  2.06(102),  1.71(104),  1.39(106),  0.76(108),  0.60(107),  0.51(112),  0.21(109),  0.16(111),  0.13(103),  0.13(110),  0.00(113), 
Distant of points(mm) belongs the plane 8 (54 points): 
 8.64(167),  8.62(132),  7.95(131),  7.83(162),  6.88(122),  6.80(166),  6.67(121),  5.94(165),  5.34(116),  4.78(115),  4.63(140),  4.58(120),  4.43(125),  4.35(158),  4.01(154),  3.87(126),  3.81(143),  3.78(133),  3.75(164),  3.46(145),  3.38(141),  3.36(119),  3.22(150),  3.20(156),  3.19(157),  3.02(163),  2.70(127),  2.23(148),  2.21(142),  2.10(114),  2.09(138),  1.97(149),  1.96(123),  1.81(124),  1.78(118),  1.75(136),  1.75(130),  1.73(137),  1.69(117),  1.67(129),  1.62(146),  1.49(147),  1.36(155),  1.29(161),  1.14(134),  1.08(139),  1.05(144),  0.81(153),  0.75(128),  0.68(152),  0.57(135),  0.50(159),  0.42(151),  0.07(160), 
Distant of points(mm) belongs the plane 9 (78 points): 
12.16(241), 10.12(224),  9.99(168),  9.10(240),  8.92(233),  8.60(242),  8.11(223),  8.07(170),  7.99(243),  7.76(169),  7.58(198),  7.37(225),  7.17(220),  7.15(182),  6.67(183),  6.64(206),  6.13(171),  6.11(232),  5.93(205),  5.88(186),  5.77(207),  5.67(197),  5.46(172),  5.30(216),  5.30(222),  5.29(238),  5.26(185),  5.16(228),  5.04(219),  5.03(177),  4.99(237),  4.66(244),  4.53(199),  4.52(208),  4.39(210),  4.24(196),  4.02(221),  3.93(212),  3.64(194),  3.26(211),  3.18(189),  3.12(173),  3.01(176),  2.98(217),  2.95(191),  2.92(226),  2.54(213),  2.51(234),  2.38(178),  2.23(203),  2.16(231),  2.13(218),  2.11(201),  2.02(202),  2.01(229),  1.96(245),  1.55(215),  1.54(230),  1.47(200),  1.40(209),  1.37(204),  1.34(239),  1.32(214),  1.28(188),  1.22(184),  1.17(193),  1.11(236),  1.05(190),  0.95(181),  0.90(227),  0.90(175),  0.87(235),  0.63(187),  0.50(180),  0.32(179),  0.32(195),  0.25(192),  0.04(174), 
Distant of points(mm) belongs the plane 10 (12 points): 
24.56(251),  9.75(246),  9.55(255),  8.98(257),  7.15(254),  7.03(248),  6.84(249),  6.07(250),  5.22(253),  1.69(247),  0.96(256),  0.71(252), 
Distant of points(mm) belongs the plane 11 (16 points): 
13.62(362),  7.80(359),  5.71(356),  5.53(360),  4.16(358),  3.26(354),  2.79(363),  2.51(351),  2.38(349),  1.90(355),  1.37(353),  1.01(364),  0.73(361),  0.71(357),  0.64(350),  0.26(352), 
Distant of points(mm) belongs the plane 12 (33 points): 
22.51(377), 12.87(378), 11.55(383), 10.33(369),  9.77(389),  8.80(384),  6.83(390),  6.74(373),  5.86(382),  5.61(394),  4.91(380),  4.67(388),  4.41(386),  4.29(395),  4.17(392),  3.41(375),  3.00(393),  2.92(397),  2.72(376),  2.35(385),  2.22(387),  2.21(374),  2.13(391),  2.00(367),  1.75(368),  1.66(371),  1.57(381),  1.41(372),  1.21(379),  1.13(396),  1.01(370),  0.85(366),  0.15(365), 
Distant of points(mm) belongs the plane 13 (14 points): 
13.83(407), 12.75(411), 10.46(406),  8.10(404),  7.39(403),  7.11(402),  5.98(408),  4.16(410),  4.11(401),  3.38(405),  1.73(398),  1.31(409),  0.20(399),  0.11(400), 
Distant of points(mm) belongs the plane 14 (16 points): 
 7.36(419),  5.59(417),  5.43(413),  4.75(424),  3.86(426),  3.50(416),  3.48(425),  2.44(423),  2.05(415),  1.49(418),  1.05(427),  1.01(420),  0.86(412),  0.74(421),  0.37(422),  0.13(414), 
