Point Id	Easting	Northing	Elevation	Code	
DEFAULT22					
1	-0.0000	8.3178	1.3018		
2	0.8668	2.2359	0.0086		
3	0.8716	2.2485	0.0096		
4	0.8730	2.2442	0.0123		
5	0.7960	2.2371	-0.0044		
6	0.8773	2.1489	-0.0041		
7	0.9822	2.2259	-0.0016		
8	1.0442	2.3673	9.0687		
9	0.8412	2.4466	9.0681		
10	0.8881	2.2622	9.0711		
11	-2.9651	8.9904	0.1234		
12	-3.1678	8.9986	2.4224		
13	-3.1219	9.0080	4.7207		
14	-3.1253	9.0180	6.4972		
15	-2.9635	9.0355	7.4942		
16	-2.6046	9.0481	7.4579		
17	-2.5946	9.0135	5.6451		
18	-2.5912	9.0022	3.3412		
19	-2.5897	8.9971	1.6850		
20	-2.5882	8.9928	0.3041		
21	-1.2397	9.0052	0.1461		
22	-1.2415	9.0169	3.1567		
23	-1.2423	9.0224	5.1673		
24	-1.2425	9.0232	6.7524		
25	-0.9004	9.0399	8.8845		
26	-0.7223	9.0444	8.8742		
27	-0.7270	9.1026	6.8464		
28	-0.7215	9.0379	3.9917		
29	-0.7205	9.0245	1.8280		
30	-0.7199	9.0198	0.1342		
31	0.6745	9.0384	0.1285		
32	0.6750	9.0450	2.6511		
33	0.6720	9.0040	4.9638		
34	0.6752	9.0511	7.2553		
35	0.6761	9.0642	8.5405		
36	1.0062	9.0958	8.5446		
37	1.0021	9.0581	6.2311		
38	1.0014	9.0527	3.9223		
39	1.0019	9.0442	2.1027		
40	1.0006	9.0411	0.3073		
41	2.6071	9.0555	0.2734		
42	2.6087	9.0619	2.8911		
43	2.6106	9.0687	5.3708		
44	2.6138	9.0797	7.4249		
45	2.6168	9.0909	8.8967		
46	3.0904	9.0883	8.9523		
47	3.0870	9.0776	6.5860		
48	3.0859	9.0745	4.2652		
49	3.0853	9.0725	1.9313		
50	3.0859	9.0740	0.2690		
51	-2.2014	8.2754	0.2232		
52	-2.2039	8.2842	1.9280		
53	-2.2068	8.2955	4.1396		
54	-2.2099	8.3068	6.2473		
55	-2.2165	8.3310	7.3913		
56	-1.7517	8.3581	7.2704		
57	-1.7408	8.3056	5.6209		
58	-1.7397	8.3015	3.7826		
59	-1.7380	8.2939	1.7615		
60	-1.7364	8.2859	0.2176		
61	-0.3340	8.3094	0.3152		
62	-0.3346	8.3203	2.7211		
63	-0.3348	8.3280	5.0404		
64	-0.3351	8.3340	7.1534		
65	-0.3348	8.3343	8.7415		
66	0.2200	8.3763	8.7122		
67	0.2194	8.3435	6.1578		
68	0.2191	8.3324	3.4804		
69	0.2185	8.3219	1.6357		
70	0.2184	8.3124	0.2196		
71	1.6539	8.3374	0.3338		
72	1.6557	8.3469	2.7894		
73	1.6680	8.3538	5.1557		
74	1.6817	8.3658	7.2117		
75	1.7119	8.3822	8.9755		
76	2.0877	8.3863	8.9488		
77	2.0592	8.3643	6.7879		
78	2.1491	8.3535	4.8367		
79	2.1453	8.3384	2.0149		
80	2.1442	8.3326	0.4138		
81	3.5114	8.3714	0.3611		
82	3.5119	8.3729	2.7202		
83	3.5129	8.3753	5.4436		
84	3.5140	8.3782	7.5616		
85	3.5162	8.3835	8.9129		
86	3.9179	8.3972	8.9708		
87	3.9083	8.3762	6.2982		
88	3.9049	8.3695	4.4059		
89	3.9058	8.3711	2.7803		
90	3.9073	8.3740	2.0010		
91	3.7361	7.6831	1.9233		
92	3.7416	7.6942	3.3445		
93	3.7433	7.6979	5.1393		
94	3.7401	7.6915	7.0682		
95	3.7308	7.6724	8.5887		
96	3.7216	7.1757	8.5600		
97	3.7330	7.1975	6.2334		
98	3.7377	7.2061	4.6640		
99	3.7414	7.2124	2.9227		
100	3.7363	7.2034	1.9469		
101	3.7523	5.7824	0.2148		
102	3.7527	5.7837	2.5881		
103	3.7480	5.7764	4.5064		
104	3.7397	5.7636	6.6544		
105	3.7535	5.7566	8.6367		
106	3.7449	5.2899	8.7384		
107	3.7498	5.2968	6.4418		
108	3.7564	5.3058	4.3908		
109	3.7594	5.3099	2.2553		
110	3.7581	5.2620	0.1912		
111	3.7926	3.8814	0.1822		
112	3.7894	3.8780	2.5408		
113	3.7816	3.8702	4.7899		
114	3.7727	3.8613	6.6142		
115	3.7630	3.8511	8.7598		
116	3.7753	3.4211	8.7464		
117	3.7737	3.4195	6.2425		
118	3.7868	3.4312	4.1858		
119	3.7895	3.4333	2.3652		
120	3.7949	3.4383	0.2133		
121	3.8128	2.0006	0.1601		
122	3.8071	1.9978	2.3353		
123	3.7959	1.9919	4.7034		
124	3.7924	1.9901	6.8601		
125	3.7904	1.9890	8.5946		
126	3.7850	1.5351	8.6086		
127	3.7951	1.5391	6.8118		
128	3.8042	1.5427	4.2167		
129	3.8111	1.5453	2.2517		
130	3.8198	1.5488	0.7722		
131	3.8403	0.1366	0.2083		
132	3.8258	0.1361	3.0770		
133	3.5884	0.1277	5.5989		
134	3.8096	0.1357	7.1796		
135	3.8124	0.1355	8.8141		
136	3.9814	-0.4167	8.7559		
137	3.9256	-0.4108	6.3680		
138	3.8359	-0.4016	4.4555		
139	3.8688	-0.4055	2.4908		
140	3.8413	-0.4024	0.2204		
141	3.8597	-1.7704	0.1593		
142	3.8514	-1.7666	2.3981		
143	3.8436	-1.7631	4.2873		
144	3.8370	-1.7600	6.4320		
145	3.8292	-1.7564	8.8857		
146	3.8935	-2.2810	8.8108		
147	3.8469	-2.2540	6.7211		
148	3.8519	-2.2570	4.4170		
149	3.8609	-2.2623	2.3983		
150	3.8682	-2.2669	0.1846		
151	3.8850	-3.7932	0.2405		
152	3.8871	-3.7953	2.3272		
153	3.8811	-3.6891	4.3259		
154	3.8765	-3.6845	6.3359		
155	3.8647	-3.6733	8.8425		
156	3.8748	-4.0961	8.8149		
157	3.8877	-4.1099	6.4231		
158	3.8871	-4.1094	3.9736		
159	3.8917	-4.1149	2.0775		
160	3.8913	-4.1140	0.1756		
161	4.4885	4.8982	0.1652		
162	4.4835	4.8928	2.7970		
163	4.4777	4.8865	5.5234		
164	4.4693	4.8775	7.5922		
165	4.4646	4.8724	8.9790		
166	4.4642	4.8175	8.9318		
167	4.4718	4.8258	6.7165		
168	4.4806	4.8351	4.3306		
169	4.4837	4.8384	2.3317		
170	4.4882	4.8246	0.1996		
171	4.5161	2.9746	0.0694		
172	4.5049	2.9674	2.7570		
173	4.4948	2.9608	4.8610		
174	4.4919	2.9589	6.9247		
175	4.4929	2.9594	8.8932		
176	4.5101	2.5724	8.9057		
177	4.4976	2.5653	6.8718		
178	4.4992	2.5661	4.2903		
179	4.5099	2.5712	2.3099		
180	4.5169	2.5758	0.1172		
181	4.5360	1.0943	0.1343		
182	4.5198	1.0904	2.4266		
183	4.5205	1.0908	4.6618		
184	4.5109	1.0886	6.4172		
185	4.5108	1.0886	8.8349		
186	4.5188	0.6013	8.9339		
187	4.5155	0.6008	6.4457		
188	4.5267	0.6022	3.8029		
189	4.5352	0.6031	1.9996		
190	4.5431	0.6041	0.1212		
191	4.5603	-0.8215	0.1565		
192	4.5513	-0.8199	2.5161		
193	4.5013	-0.8109	4.5512		
194	4.5375	-0.8172	6.9911		
195	4.5307	-0.8159	8.8634		
196	4.5370	-1.2698	8.9632		
197	4.5762	-1.2808	6.5532		
198	4.5697	-1.2791	4.1655		
199	4.5567	-1.2756	2.2479		
200	4.5638	-1.2778	0.0943		
201	4.5815	-2.9128	0.1271		
202	4.5751	-2.9089	2.6353		
203	4.5673	-2.9038	4.8027		
204	4.5596	-2.8987	6.7873		
205	4.5547	-2.8961	8.8019		
206	4.5625	-3.2145	8.7181		
207	4.5636	-3.2154	6.2118		
208	4.5748	-3.2234	4.0880		
209	4.5812	-3.2281	2.0676		
210	4.5828	-3.1365	0.1669		
211	4.2354	-4.7248	1.6567		
212	4.2347	-4.7239	3.7560		
213	4.2301	-4.7186	5.8321		
214	4.2283	-4.7165	7.4207		
215	4.2181	-4.7051	8.9856		
216	4.2178	-4.8171	9.0009		
217	4.2321	-4.8336	7.0057		
218	4.2371	-4.8393	4.8978		
219	4.2333	-4.8351	3.3165		
220	4.2333	-4.8353	1.6513		
221	4.0666	-4.9104	0.1884		
222	4.1522	-4.9007	3.1799		
223	4.1450	-4.8921	5.5263		
224	4.1395	-4.8857	7.7025		
225	4.1396	-4.8854	8.8831		
226	3.9657	-4.8909	8.9289		
227	3.9665	-4.8921	6.8585		
228	4.0012	-4.9353	4.9202		
229	3.9714	-4.8986	2.9380		
230	3.9804	-4.9100	0.1570		
231	2.3196	-4.9340	0.1129		
232	2.3126	-4.9188	3.0915		
233	2.3063	-4.9052	5.3060		
234	2.3036	-4.8991	7.0358		
235	2.3046	-4.9013	8.8633		
236	1.7735	-4.9079	8.8814		
237	1.7850	-4.9393	6.9453		
238	1.7797	-4.9247	3.8632		
239	1.7812	-4.9294	2.0879		
240	1.9152	-4.9352	0.1010		
241	0.3435	-4.9511	0.1161		
242	0.3430	-4.9436	2.7313		
243	0.3424	-4.9329	4.9739		
244	0.3414	-4.9186	6.9267		
245	0.3384	-4.9103	8.7615		
246	-0.0603	-4.9217	8.8614		
247	-0.0604	-4.9259	6.9451		
248	-0.0606	-4.9350	4.9360		
249	-0.0608	-4.9479	2.2876		
250	-0.0612	-4.9616	0.1560		
251	-1.5279	-4.9638	0.5043		
252	-1.5266	-4.9606	2.2664		
253	-1.5260	-4.9586	4.4054		
254	-1.5262	-4.9592	7.0189		
255	-1.5244	-4.9528	7.4531		
256	-1.9322	-4.9580	7.5646		
257	-1.9356	-4.9667	6.9660		
258	-1.9361	-4.9674	3.4388		
259	-1.9304	-4.9562	1.1980		
260	-1.5405	-4.9636	0.4491		
261	3.2511	-4.2047	0.1100		
262	3.2452	-4.1969	3.0075		
263	3.2357	-4.1844	5.6331		
264	3.2414	-4.1919	7.6965		
265	3.2425	-4.1956	8.9243		
266	2.7469	-4.1998	8.7338		
267	2.7403	-4.1899	6.4534		
268	2.7448	-4.1967	4.2545		
269	2.7470	-4.2005	2.4921		
270	2.7512	-4.2070	0.1773		
271	1.1620	-4.2264	0.2731		
272	1.3879	-4.2132	3.3570		
273	1.3860	-4.2072	4.7951		
274	1.3854	-4.2051	6.9253		
275	1.3828	-4.1976	8.7842		
276	0.7991	-4.1960	8.5331		
277	0.8016	-4.2095	6.3352		
278	0.8031	-4.2182	4.5876		
279	0.8047	-4.2270	2.4668		
280	0.8055	-4.2319	0.1828		
281	-0.5178	-4.2578	0.1888		
282	-0.5156	-4.2411	2.4747		
283	-0.4771	-4.2258	4.8139		
284	-0.4847	-4.2156	6.7630		
285	-0.4841	-4.2108	8.9140		
286	-0.6882	-4.2199	8.9793		
287	-1.0884	-4.2283	6.7220		
288	-0.9387	-4.2384	4.7199		
289	-1.0902	-4.2539	1.7402		
290	-1.0915	-4.2588	0.2040		
291	-2.3959	-4.2520	1.3623		
292	-2.4023	-4.2635	3.4441		
293	-2.3974	-4.2615	5.5849		
294	-2.4000	-4.2660	6.1105		
295	-2.3886	-4.2460	7.5406		
296	-2.7810	-4.2505	7.5827		
297	-2.9432	-4.2577	6.6597		
298	-2.9323	-4.2538	5.2907		
299	-2.9012	-4.2635	3.3613		
300	-2.3724	-4.2514	1.3815		
301	-2.9136	6.8976	0.0534		
302	-2.8890	5.6477	0.1523		
303	-2.8358	5.6247	0.0805		
304	-2.8200	4.1225	0.2225		
305	-2.7221	4.0951	0.0917		
306	-2.7459	2.1024	0.3686		
307	-2.5545	1.9788	0.1316		
308	-2.6876	0.4032	0.4574		
309	-2.3803	0.3571	0.0515		
310	-2.7127	0.2560	0.4992		
311	-2.7273	0.2584	0.5448		
312	-2.9738	0.3014	1.5280		
313	-3.0799	0.3290	1.9675		
314	-3.1008	2.0157	1.7058		
315	-2.9208	2.1235	0.9892		
316	-2.7763	2.0184	0.4379		
317	-3.1295	3.8060	1.4484		
318	-2.9868	3.7993	0.8731		
319	-2.8541	3.7869	0.3370		
320	-3.1559	5.8969	1.1362		
321	-3.0387	6.1242	0.5926		
322	-2.9572	6.2856	0.2116		
323	-3.1942	8.8273	0.7397		
324	-3.1203	8.8327	0.4601		
325	-3.0412	8.8135	0.1512		
326	-3.0784	0.2806	1.9823		
327	-2.8456	0.2371	1.0215		
328	-2.7270	0.2159	0.5470		
329	-3.0688	-0.9357	2.4591		
330	-2.8297	-0.8626	1.4353		
331	-2.6600	-0.8108	0.7199		
332	-3.0625	-2.3108	2.9982		
333	-2.8409	-1.7129	1.7997		
334	-2.5751	-2.2338	0.9749		
335	-3.0351	-4.2193	3.7476		
336	-2.7936	-4.1999	2.7384		
337	-2.4373	-4.1909	1.2950		
338	-2.7104	0.2139	0.5034		
339	-2.5709	0.2232	0.3259		
340	-2.3462	0.1814	0.0292		
341	-2.6397	-0.7979	0.6688		
342	-2.0655	-1.1450	0.0244		
343	-2.5690	-1.7998	0.8261		
344	-1.8487	-2.2430	0.0435		
345	-2.3984	-4.1098	1.1966		
346	-2.1487	-3.3774	0.7002		
347	-1.7309	-3.2011	0.1247		
348	-1.3785	-4.6735	0.0823		
349	-1.9533	-4.8836	0.8492		
350	-2.2301	-4.5372	1.0977		
351	-3.0403	-4.0863	5.0253		
352	-3.0322	-4.1998	6.5970		
353	-3.0553	-2.9502	6.6599		
354	-3.0608	-2.9555	4.9936		
355	-3.0611	-2.9540	3.3687		
356	-3.0839	-0.0434	2.1699		
357	-3.0892	-0.0435	3.6495		
358	-3.0920	-0.0444	4.9586		
359	-3.0922	-0.2531	6.6334		
360	-3.1110	2.1619	1.7418		
361	-3.1179	2.1666	3.6020		
362	-3.1125	2.1627	4.5170		
363	-3.1202	2.1681	6.7377		
364	-3.1447	4.2416	1.4675		
365	-3.1367	4.2306	2.7262		
366	-3.1423	4.2379	3.9211		
367	-3.1466	4.2435	4.9556		
368	-3.1522	4.2511	6.7061		
369	-3.1747	6.4247	1.1378		
370	-3.1810	6.4372	2.4422		
371	-3.1822	6.4396	3.6775		
372	-3.1859	6.4469	4.9127		
373	-3.1827	6.4404	6.6651		
374	-3.2081	8.8766	0.9275		
375	-3.2141	8.8932	2.4341		
376	-3.2145	8.7927	3.9335		
377	-3.2187	8.8037	4.9295		
378	-3.2176	8.8006	6.6164		
379	-3.1911	8.5586	6.8717		
380	-3.1030	8.3222	7.2218		
381	-3.0539	5.7502	7.2792		
382	-3.1465	5.9243	6.8990		
383	-3.1256	3.4475	6.8548		
384	-2.9954	3.3039	7.3676		
385	-3.0873	1.1396	6.8468		
386	-2.9499	1.0889	7.4223		
387	-3.0507	-1.2656	6.8769		
388	-2.9199	-1.2114	7.4196		
389	-2.8816	-3.9578	7.3995		
390	-3.0075	-4.1302	6.8643		
391	-0.7640	-3.8682	7.8991		
392	-0.7622	-3.8583	8.9083		
393	-0.7820	-2.2040	7.9248		
394	-0.7849	-1.7355	8.8647		
395	-0.8059	-0.0274	8.0127		
396	-0.8054	-0.0273	8.7383		
397	-0.8390	1.8655	7.9927		
398	-0.8322	1.7820	8.8090		
399	-0.8576	3.5624	8.8260		
400	-0.8622	3.5814	7.9345		
401	-0.8714	4.8341	7.8177		
402	-0.8709	4.8317	8.6339		
403	-0.8891	6.1876	8.4481		
404	-0.8968	6.4085	7.9448		
405	-0.9305	8.4447	8.6268		
406	-0.9323	8.6611	8.0470		
407	-2.7868	8.4549	7.5853		
408	-1.8679	8.1876	7.6112		
409	-1.7896	6.6154	7.6146		
410	-2.7613	6.6080	7.5926		
411	-2.8806	4.2891	7.5986		
412	-2.8139	1.1595	7.5991		
413	-1.7715	1.1649	7.6204		
414	-2.7159	-1.8229	7.6055		
415	-1.5457	-1.8221	7.5137		
416	-2.5275	-4.0626	7.6091		
417	-1.6992	-4.3343	7.6318		
418	-0.4687	-3.9610	9.0888		
419	0.3606	-3.9912	9.0877		
420	1.4364	-3.9215	9.0901		
421	2.3799	-3.8166	9.0945		
422	3.1730	-3.8371	9.0969		
423	3.2774	-2.7282	9.0852		
424	2.2582	-2.8044	9.0852		
425	0.9753	-2.9786	9.0856		
426	-0.3098	-3.1686	9.0848		
427	-0.3523	-1.9015	9.0830		
428	1.1923	-1.7002	9.0793		
429	2.2737	-1.7704	9.0779		
430	3.2554	-1.6774	9.0776		
431	4.0852	0.6210	9.0767		
432	2.5490	0.3875	9.0765		
433	0.6897	0.3637	9.0746		
434	-0.5565	0.4716	9.0747		
435	-0.6896	2.1187	9.0688		
436	0.6420	2.1707	9.0683		
437	1.8047	2.1629	9.0658		
438	2.8681	2.3220	9.0689		
439	3.9704	2.5861	9.0722		
440	3.8603	4.4785	9.0737		
441	2.6370	4.4945	9.0676		
442	0.6164	4.4811	9.0604		
443	-0.5865	4.3175	9.0644		
444	-0.1073	6.2373	9.0618		
445	1.1863	6.2118	9.0637		
446	2.6898	6.3286	9.0646		
447	3.9309	6.6000	9.0697		
448	2.6721	8.4326	9.0588		
449	1.4155	8.1608	9.0567		
450	0.5737	8.5367	9.0571		
451	-0.6444	8.3461	9.0580		
452	-2.5696	7.9069	-0.0073		
453	-1.6847	7.2782	-0.0135		
454	-0.6061	7.0355	-0.0174		
455	0.6262	7.4091	-0.0127		
456	2.1404	7.7004	-0.0119		
457	3.1576	7.4543	-0.0044		
458	3.3077	5.7609	0.0031		
459	2.3952	5.8879	-0.0001		
460	1.2952	5.7531	-0.0003		
461	-0.3343	5.5188	-0.0091		
462	-1.1139	5.4263	-0.0129		
463	-2.1658	5.5751	-0.0123		
464	-2.4280	3.4596	-0.0054		
465	-1.5796	3.3254	-0.0006		
466	-0.5571	3.2341	-0.0049		
467	0.6937	3.1038	0.0037		
468	2.3115	3.0000	0.0007		
469	3.8183	2.9659	0.0022		
470	3.4092	1.2100	0.0014		
471	2.3183	1.1195	-0.0035		
472	1.3130	1.1202	0.0013		
473	-0.5507	1.4379	-0.0072		
474	-1.4482	1.2078	-0.0091		
475	-2.0955	1.2073	-0.0132		
476	-1.8450	-0.5331	-0.0032		
477	-0.8136	-0.6832	0.0020		
478	0.1696	-0.8964	0.0004		
479	1.3964	-0.8773	-0.0012		
480	2.8483	-0.9915	0.0052		
481	3.9148	-1.1202	0.0108		
482	3.3963	-2.1876	0.0107		
483	2.4259	-2.1720	-0.0038		
484	1.4324	-1.9424	0.0001		
485	0.6320	-1.7436	0.0033		
486	-0.4144	-1.7545	-0.0019		
487	-1.3843	-2.0003	0.0056		
488	-1.3152	-3.5481	0.0038		
489	-0.4081	-3.9852	-0.0070		
490	1.8306	-4.3945	-0.0102		
491	2.8339	-3.6058	-0.0038		
492	3.8266	-3.3525	0.0081		
493	1.5768	8.1051	9.0559		
494	-0.0004	8.3177	1.3026		
495	1.4238	8.1150	0.1770		
496	-2.4104	8.0411	0.1850		
497	-2.1623	0.3649	0.2070		
498	-1.7923	7.7043	0.1896		
499	-1.1246	-3.6249	0.2169		
500	0.6511	-2.5435	0.2056		
UR	0.0000	0.0000	0.0000		
