CHECKING DISTANT FROM POINTS TO AVERAGE PLANE TO REMOVE INCORRECT POINT. 

Distant of points(mm) belongs the plane 0 (75 points): 
12.96(714), 12.79(711),  9.90(753),  8.82(744),  8.76(718),  8.59(781),  8.06(717),  7.54(778),  7.36(719),  7.17(727),  6.50(771),  6.45(760),  6.03(740),  6.01(774),  5.52(726),  5.32(758),  5.18(769),  5.10(715),  5.02(783),  4.90(733),  4.62(749),  4.49(716),  4.33(754),  4.13(752),  4.03(712),  3.86(785),  3.84(770),  3.84(775),  3.66(751),  3.61(776),  3.44(747),  3.43(743),  3.27(741),  3.09(777),  3.07(732),  3.04(757),  3.00(765),  3.00(763),  2.97(713),  2.80(725),  2.71(746),  2.61(731),  2.55(768),  2.52(734),  2.42(762),  2.40(722),  2.25(773),  2.22(772),  2.13(745),  2.04(755),  1.91(738),  1.88(723),  1.78(720),  1.64(756),  1.61(784),  1.59(739),  1.44(724),  1.39(729),  1.29(735),  1.17(750),  1.13(721),  1.09(780),  1.09(748),  1.07(767),  1.04(761),  0.99(742),  0.95(730),  0.79(736),  0.51(737),  0.39(728),  0.35(764),  0.34(782),  0.28(766),  0.21(759),  0.20(779), 
Distant of points(mm) belongs the plane 1 (51 points): 
 9.87(688),  9.20(689),  8.74(665),  8.62(687),  8.18(703),  8.14(690),  8.03(684),  7.84(681),  7.54(686),  7.48(670),  7.23(704),  6.88(710),  6.63(678),  6.50(685),  6.40(706),  6.11(661),  6.08(664),  5.72(662),  5.64(671),  5.54(677),  5.05(680),  5.02(702),  4.98(691),  4.98(669),  4.89(697),  4.57(708),  4.51(679),  3.90(668),  3.70(694),  3.39(663),  3.10(701),  2.87(698),  2.86(660),  2.59(676),  2.44(709),  2.37(672),  2.27(707),  1.96(699),  1.95(705),  1.80(682),  1.73(674),  1.32(696),  1.25(700),  0.88(667),  0.85(666),  0.84(675),  0.68(693),  0.62(673),  0.58(695),  0.24(683),  0.21(692), 
Distant of points(mm) belongs the plane 2 (63 points): 
10.39(61),  8.07(55),  7.94(24),  7.72(62),  7.60(18),  7.59(58),  6.61(56),  6.45(27),  6.25(23),  5.97(17),  5.77(67),  5.65(60),  5.37(29),  5.29(16),  5.27(59),  5.06(57),  5.00(43),  4.97(66),  4.75(63),  4.71(36),  4.59(47),  4.40(19),  4.24(14),  4.20(48),  4.18(35),  4.04(33),  3.94(20),  3.87(54),  3.86(28),  3.86(41),  3.73(15),  3.56(34),  3.53(38),  3.50(44),  3.44(30),  3.34(31),  3.27(26),  3.21(40),  3.16(46),  2.85(12),  2.72(22),  2.66(32),  2.65(64),  2.62(42),  2.61(10),  2.45(11),  2.30(21),  2.30(39),  2.26(9),  2.11(53),  2.07(13),  1.66(37),  1.55(49),  1.40(6),  1.39(65),  1.37(45),  1.12(52),  1.00(7),  0.85(50),  0.79(25),  0.73(5),  0.45(51),  0.44(8), 
Distant of points(mm) belongs the plane 3 (65 points): 
11.76(78), 11.14(72), 10.30(92), 10.17(95),  9.93(79),  9.88(73),  9.02(80),  7.92(90),  7.76(109),  7.49(89),  6.91(96),  6.80(71),  6.44(128),  6.13(103),  5.90(84),  5.65(70),  5.54(81),  5.36(97),  5.33(123),  5.31(127),  5.25(68),  5.06(104),  4.89(93),  4.88(101),  4.83(75),  4.81(122),  4.64(124),  4.50(132),  4.49(116),  4.47(102),  4.47(130),  4.44(105),  4.38(115),  4.31(83),  4.22(99),  4.14(106),  4.12(114),  4.11(126),  3.88(113),  3.87(88),  3.80(98),  3.76(131),  3.74(100),  3.48(107),  3.46(85),  3.17(108),  2.89(119),  2.85(76),  2.82(77),  2.44(117),  2.40(118),  2.34(82),  2.19(129),  2.17(87),  2.04(120),  1.75(125),  1.68(110),  1.67(94),  1.61(91),  0.82(69),  0.64(121),  0.55(74),  0.29(112),  0.25(86),  0.08(111), 
Distant of points(mm) belongs the plane 4 (107 points): 
15.14(561), 14.02(568), 12.35(577), 12.30(562), 11.35(560), 10.90(519), 10.56(485), 10.54(578), 10.12(582),  9.38(538),  9.33(541),  9.14(563),  9.14(486),  9.05(574),  8.79(518),  8.60(569),  8.44(525),  8.23(524),  8.12(537),  7.89(567),  7.61(539),  7.51(576),  7.36(575),  7.22(564),  7.07(579),  6.75(476),  6.56(520),  6.12(572),  5.88(517),  5.79(500),  5.67(559),  5.54(495),  5.44(504),  5.43(526),  5.40(508),  5.23(494),  5.21(501),  5.21(477),  5.19(484),  5.18(502),  5.05(535),  4.67(536),  4.66(506),  4.60(499),  4.60(523),  4.58(550),  4.19(496),  4.13(480),  4.12(557),  3.94(570),  3.79(479),  3.73(527),  3.70(516),  3.53(481),  3.42(507),  3.25(478),  3.12(515),  3.09(543),  2.99(558),  2.83(512),  2.76(488),  2.44(509),  2.37(487),  2.29(534),  2.18(482),  2.00(551),  1.97(581),  1.93(489),  1.91(521),  1.83(490),  1.79(540),  1.75(531),  1.55(544),  1.54(503),  1.38(580),  1.38(533),  1.36(483),  1.27(513),  1.22(505),  1.17(497),  1.17(554),  1.13(555),  1.12(545),  1.07(529),  1.04(528),  0.87(553),  0.86(514),  0.86(566),  0.86(548),  0.81(498),  0.78(510),  0.73(547),  0.64(491),  0.61(511),  0.51(542),  0.50(565),  0.43(493),  0.37(522),  0.34(556),  0.27(549),  0.17(492),  0.14(530),  0.13(532),  0.13(571),  0.12(573),  0.12(552),  0.08(546), 
Distant of points(mm) belongs the plane 5 (77 points): 
11.02(659), 10.59(622), 10.51(593),  8.94(657),  8.36(623),  7.84(638),  7.80(658),  7.78(592),  7.41(656),  7.17(620),  6.87(612),  6.83(606),  6.70(601),  6.23(619),  6.11(621),  5.93(629),  5.93(646),  5.91(618),  5.65(611),  5.58(643),  5.51(637),  5.48(583),  5.27(584),  5.20(605),  5.17(609),  5.12(624),  5.02(591),  4.88(588),  4.74(585),  4.73(650),  4.72(628),  4.70(649),  4.61(626),  4.34(586),  4.26(647),  4.24(613),  4.14(655),  4.06(639),  3.92(636),  3.92(633),  3.89(640),  3.89(608),  3.85(589),  3.82(627),  3.63(614),  3.61(641),  3.54(604),  3.39(603),  3.37(594),  3.35(648),  3.35(617),  3.07(615),  2.97(630),  2.83(645),  2.34(651),  2.21(610),  2.08(625),  2.02(587),  1.91(607),  1.91(642),  1.58(596),  1.48(616),  1.48(631),  1.35(632),  1.31(590),  1.28(595),  1.18(599),  1.10(598),  0.86(654),  0.85(634),  0.79(635),  0.78(600),  0.74(602),  0.73(652),  0.72(644),  0.48(653),  0.09(597), 
Distant of points(mm) belongs the plane 6 (70 points): 
13.76(342), 11.81(397), 11.10(345), 10.11(360),  9.85(379),  9.69(399),  9.67(400),  8.54(339),  8.36(341),  8.16(373),  7.71(398),  7.51(338),  7.22(371),  7.06(346),  6.98(388),  6.45(336),  6.14(344),  5.96(389),  5.91(378),  5.60(401),  5.48(337),  5.19(372),  5.03(347),  4.85(396),  4.69(365),  4.67(387),  4.63(394),  4.61(384),  4.46(380),  4.42(402),  4.17(391),  4.00(348),  3.81(392),  3.72(366),  3.65(386),  3.63(385),  3.45(361),  3.42(335),  3.16(359),  2.87(395),  2.76(367),  2.67(333),  2.59(340),  2.58(383),  2.54(382),  2.51(381),  2.41(362),  2.38(363),  1.86(370),  1.82(369),  1.81(343),  1.81(358),  1.79(368),  1.78(393),  1.43(351),  1.41(352),  1.38(334),  1.22(357),  1.07(350),  1.05(349),  0.99(376),  0.95(377),  0.90(375),  0.67(355),  0.65(354),  0.38(353),  0.36(364),  0.26(356),  0.15(390),  0.13(374), 
Distant of points(mm) belongs the plane 7 (73 points): 
17.96(468), 15.90(450), 10.52(469), 10.39(467),  9.78(449),  9.30(465),  7.84(464),  7.67(453),  7.32(463),  7.09(421),  6.86(462),  6.76(470),  6.40(431),  6.37(451),  6.27(446),  6.21(454),  5.85(445),  5.70(422),  5.41(444),  5.27(428),  5.04(459),  4.86(403),  4.77(429),  4.57(432),  4.34(423),  4.25(448),  4.13(440),  4.07(405),  4.03(471),  4.03(412),  3.97(443),  3.92(411),  3.80(458),  3.70(410),  3.68(409),  3.57(474),  3.47(442),  3.47(427),  3.44(404),  3.13(433),  3.11(441),  3.10(466),  3.09(437),  2.77(406),  2.69(413),  2.68(455),  2.36(461),  2.29(473),  1.99(426),  1.81(417),  1.60(419),  1.57(436),  1.49(438),  1.44(475),  1.37(407),  1.36(416),  1.34(472),  1.32(457),  1.19(447),  1.15(418),  1.08(452),  1.01(460),  0.99(415),  0.98(435),  0.98(420),  0.93(424),  0.66(414),  0.50(425),  0.47(434),  0.36(430),  0.28(456),  0.10(439),  0.10(408), 
Distant of points(mm) belongs the plane 8 (27 points): 
15.57(150),  9.93(152),  9.60(153),  8.47(151),  7.60(133),  6.37(143),  5.85(154),  4.23(138),  4.11(147),  3.42(135),  3.09(155),  2.39(145),  2.29(156),  2.21(158),  2.21(139),  2.07(159),  1.64(142),  1.44(140),  1.39(137),  1.18(136),  1.16(141),  0.87(134),  0.74(148),  0.48(149),  0.35(146),  0.04(157),  0.02(144), 
Distant of points(mm) belongs the plane 9 (76 points): 
12.58(233),  9.83(232),  9.53(182),  9.17(197),  9.13(235),  9.05(181),  8.65(231),  7.48(203),  7.38(195),  6.97(198),  6.17(234),  5.22(207),  5.02(229),  4.96(202),  4.84(160),  4.82(199),  4.70(184),  4.47(194),  4.28(209),  4.16(183),  4.15(196),  3.97(221),  3.53(230),  3.46(162),  3.45(201),  3.45(226),  3.39(222),  3.17(200),  3.12(188),  3.12(187),  2.95(215),  2.86(175),  2.78(174),  2.57(210),  2.55(216),  2.42(180),  2.40(225),  2.36(193),  2.25(208),  2.05(189),  2.04(192),  2.03(166),  1.91(179),  1.84(204),  1.75(227),  1.58(205),  1.51(214),  1.42(217),  1.34(178),  1.27(177),  1.19(220),  1.19(206),  1.13(224),  1.02(213),  1.01(185),  0.91(223),  0.88(219),  0.84(228),  0.80(161),  0.78(190),  0.77(176),  0.73(218),  0.66(173),  0.66(211),  0.60(165),  0.44(191),  0.36(168),  0.31(167),  0.30(163),  0.28(164),  0.24(212),  0.11(169),  0.08(170),  0.05(172),  0.02(186),  0.02(171), 
Distant of points(mm) belongs the plane 10 (28 points): 
11.19(250), 10.64(238),  9.66(246),  6.99(242),  6.61(254),  6.14(244),  5.50(249),  5.49(256),  4.30(262),  4.27(258),  4.04(241),  3.42(260),  3.25(243),  3.19(236),  3.08(239),  2.86(245),  2.50(263),  2.44(248),  1.99(259),  1.83(257),  1.29(253),  1.19(261),  1.14(252),  1.10(251),  0.91(255),  0.53(240),  0.49(247),  0.08(237), 
Distant of points(mm) belongs the plane 11 (33 points): 
16.80(294),  9.23(273),  7.75(269),  6.28(267),  6.05(295),  5.98(293),  5.55(285),  5.47(265),  4.93(290),  4.89(281),  4.76(288),  4.59(296),  4.47(266),  4.44(278),  4.29(268),  4.28(279),  4.09(289),  3.77(274),  3.61(275),  3.51(264),  3.46(284),  3.43(282),  2.80(286),  2.62(271),  2.07(272),  2.05(280),  1.96(276),  1.94(287),  1.54(283),  1.13(292),  0.80(277),  0.79(291),  0.50(270), 
Distant of points(mm) belongs the plane 12 (36 points): 
 7.81(319),  6.65(330),  6.26(299),  5.66(321),  4.80(300),  4.69(317),  4.45(315),  4.01(326),  3.51(331),  3.43(303),  3.12(306),  3.05(298),  2.50(322),  2.47(307),  2.41(297),  2.07(320),  1.65(313),  1.58(309),  1.51(304),  1.45(316),  1.41(301),  1.33(308),  1.24(328),  1.14(310),  1.01(327),  1.00(318),  0.94(325),  0.87(312),  0.87(314),  0.72(329),  0.27(305),  0.19(323),  0.16(311),  0.15(302),  0.15(324),  0.00(332), 
