CHECKING DISTANT FROM POINTS TO AVERAGE PLANE TO REMOVE INCORRECT POINT. 

Distant of points(mm) belongs the plane 0 (59 points): 
25.44(618), 14.29(593), 12.16(645), 10.47(594), 10.28(607),  9.75(591),  8.83(615),  8.50(644),  8.32(646),  8.31(613),  7.20(641),  6.26(612),  6.19(625),  6.18(604),  5.89(623),  5.26(606),  5.16(603),  4.42(643),  4.28(630),  4.26(647),  4.18(642),  4.13(638),  4.13(627),  4.06(614),  3.90(605),  3.84(599),  3.79(597),  3.72(634),  3.66(631),  3.22(626),  3.18(633),  3.17(600),  3.09(632),  2.82(590),  2.81(635),  2.67(596),  2.42(598),  2.37(636),  2.26(637),  2.22(592),  2.04(611),  1.79(601),  1.70(608),  1.51(587),  1.45(617),  1.22(610),  1.08(602),  1.07(619),  0.96(622),  0.66(639),  0.66(588),  0.62(628),  0.52(620),  0.42(640),  0.39(629),  0.25(616),  0.22(589),  0.13(648),  0.07(609), 
Distant of points(mm) belongs the plane 1 (23 points): 
 6.02(259),  5.67(263),  5.47(260),  5.26(245),  5.10(247),  4.57(254),  3.94(261),  3.66(252),  2.88(264),  2.80(242),  2.78(262),  2.67(250),  2.55(248),  1.87(246),  1.75(251),  1.70(258),  1.23(255),  1.05(257),  0.94(256),  0.54(243),  0.48(244),  0.24(249),  0.05(253), 
Distant of points(mm) belongs the plane 2 (42 points): 
30.51(583), 14.61(555), 13.52(554), 12.67(549),  9.92(541),  9.59(550),  9.44(538),  9.41(560),  8.96(540),  8.57(569),  8.46(542),  8.36(543),  8.30(539),  7.58(556),  7.06(570),  6.90(562),  6.24(586),  6.16(578),  6.09(565),  5.57(557),  5.40(547),  5.19(551),  4.86(574),  4.38(548),  4.28(579),  3.88(544),  3.66(567),  2.89(552),  2.74(572),  2.67(558),  2.63(576),  2.43(559),  2.12(561),  1.99(566),  1.95(563),  1.80(546),  1.59(577),  1.40(568),  1.06(545),  0.97(564),  0.71(582),  0.53(553), 
Distant of points(mm) belongs the plane 6 (16 points): 
22.86(118), 16.81(117), 16.51(103), 10.73(112),  9.07(113),  8.23(111),  7.30(110),  6.53(106),  5.23(115),  5.17(114),  5.01(109),  3.96(104),  3.65(116),  2.85(102),  2.54(108),  0.48(107), 
Distant of points(mm) belongs the plane 7 (17 points): 
19.17(128), 15.29(131), 13.51(130), 11.84(137), 11.75(129), 11.55(121), 10.94(127), 10.78(126),  9.75(119),  9.73(134),  8.10(122),  7.39(120),  3.98(124),  2.45(136),  2.05(138),  2.04(125),  1.88(123), 
Distant of points(mm) belongs the plane 8 (14 points): 
 6.34(158),  4.90(160),  4.63(153),  4.47(159),  4.28(155),  3.85(156),  3.43(165),  3.17(157),  2.89(154),  2.10(163),  1.92(166),  1.80(162),  0.41(164),  0.22(161), 
Distant of points(mm) belongs the plane 9 (14 points): 
20.77(148), 14.90(149),  6.37(152),  5.68(147),  4.82(146),  4.13(150),  3.94(143),  3.84(139),  3.45(140),  1.86(141),  1.75(142),  0.61(151),  0.09(145),  0.05(144), 
Distant of points(mm) belongs the plane 10 (51 points): 
19.18(189), 10.21(169),  9.12(200),  7.70(171),  7.29(203),  7.20(218),  6.27(197),  6.18(190),  5.75(198),  5.49(217),  5.42(212),  5.36(174),  5.22(214),  5.13(202),  4.81(216),  4.79(173),  4.79(196),  4.61(199),  4.45(168),  4.02(183),  3.88(209),  3.45(204),  3.28(179),  3.25(206),  3.14(191),  2.97(170),  2.83(167),  2.62(176),  2.55(205),  2.49(185),  2.36(207),  2.21(210),  2.05(172),  1.93(184),  1.66(187),  1.53(213),  1.50(195),  1.40(180),  1.05(193),  1.04(175),  0.77(181),  0.68(201),  0.66(211),  0.55(177),  0.50(215),  0.45(188),  0.33(186),  0.26(182),  0.21(192),  0.11(178),  0.04(208), 
Distant of points(mm) belongs the plane 11 (23 points): 
 7.24(222),  7.01(220),  6.75(236),  6.41(239),  6.21(235),  5.88(221),  5.80(234),  5.19(223),  5.13(233),  4.35(219),  4.33(232),  4.32(231),  2.98(226),  2.65(224),  2.60(241),  2.55(225),  2.40(229),  2.06(230),  1.52(238),  1.20(240),  1.04(228),  0.40(237),  0.39(227), 
Distant of points(mm) belongs the plane 12 (28 points): 
15.40(276),  9.65(273),  9.13(293),  8.82(275),  7.99(277),  7.58(265),  7.53(282),  7.10(271),  6.81(287),  6.27(267),  4.37(291),  4.34(279),  4.18(285),  3.04(274),  2.82(289),  2.71(288),  2.64(294),  2.62(283),  2.56(278),  2.39(270),  2.19(272),  2.17(266),  1.92(284),  1.24(281),  0.87(292),  0.51(290),  0.20(268),  0.17(269), 
