Point ID     ,  Hz.(º ' "),  V.(º ' "),Slope Dist.(m),Refl.Ht.(m),Inst.Ht.(m),Easting(m),  Northing(m),  Height(m)
 7777            ,    0 00 03 ,   88 19 34,          0,      0.000,      1.400,            0,            0,          0
2   ,  236 06 23 ,  119 35 54,      2.876,      0.000,      0.000,   2.67929,	   7.47623,	  -0.00750
3   ,  236 06 23 ,  119 35 54,      2.876,      0.000,      0.000,  -2.90749,	   7.46360,	  -0.01253
4   ,  236 06 23 ,  119 35 54,      2.876,      0.000,      0.000,  -2.82989,	  -4.39695,	  -0.00426
5   ,  236 06 23 ,  119 35 54,      2.876,      0.000,      0.000,   4.24284,	  -4.37920,	   0.00212
6   ,  236 06 23 ,  119 35 54,      2.876,      0.000,      0.000,   4.21947,	  -0.89116,	  -0.00032
7   ,  236 06 23 ,  119 35 54,      2.876,      0.000,      0.000,   2.67929,	   7.47623,	  -0.00750
8   ,  236 06 23 ,  119 35 54,      2.876,      0.000,      0.000,   2.05965,	   7.48585,	   9.06649
9   ,  236 06 23 ,  119 35 54,      2.876,      0.000,      0.000,   3.58277,	   7.48929,	   9.06406
10   ,  236 06 23 ,  119 35 54,      2.876,      0.000,      0.000,   3.78847,	   5.96732,	   9.06265
11   ,  236 06 23 ,  119 35 54,      2.876,      0.000,      0.000,   3.86870,	  -4.38014,	   9.05522
12   ,  236 06 23 ,  119 35 54,      2.876,      0.000,      0.000,   2.11948,	  -4.38453,	   9.05801
13   ,  236 06 23 ,  119 35 54,      2.876,      0.000,      0.000,   2.05965,	   7.48585,	   9.06649
14   ,  236 06 23 ,  119 35 54,      2.876,      0.000,      0.000,  -2.90755,	   7.47300,	   7.72720
15   ,  236 06 23 ,  119 35 54,      2.876,      0.000,      0.000,   2.07723,	   7.48416,	   7.64435
16   ,  236 06 23 ,  119 35 54,      2.876,      0.000,      0.000,   2.13737,	  -4.38449,	   7.61101
17   ,  236 06 23 ,  119 35 54,      2.876,      0.000,      0.000,  -2.82989,	  -4.39695,	   7.69356
18   ,  236 06 23 ,  119 35 54,      2.876,      0.000,      0.000,  -2.90755,	   7.47300,	   7.72720
19   ,  236 06 23 ,  119 35 54,      2.876,      0.000,      0.000,   2.67929,	   7.47623,	  -0.00750
20   ,  236 06 23 ,  119 35 54,      2.876,      0.000,      0.000,  -2.90749,	   7.46360,	  -0.01253
21   ,  236 06 23 ,  119 35 54,      2.876,      0.000,      0.000,  -2.90755,	   7.47300,	   7.72720
22   ,  236 06 23 ,  119 35 54,      2.876,      0.000,      0.000,   2.07723,	   7.48416,	   7.64435
23   ,  236 06 23 ,  119 35 54,      2.876,      0.000,      0.000,   2.05965,	   7.48585,	   9.06649
24   ,  236 06 23 ,  119 35 54,      2.876,      0.000,      0.000,   3.58277,	   7.48929,	   9.06406
25   ,  236 06 23 ,  119 35 54,      2.876,      0.000,      0.000,   4.15397,	   7.48775,	   6.73645
26   ,  236 06 23 ,  119 35 54,      2.876,      0.000,      0.000,   4.16695,	   7.48538,	   4.76183
27   ,  236 06 23 ,  119 35 54,      2.876,      0.000,      0.000,   3.21153,	   7.47848,	   0.85209
28   ,  236 06 23 ,  119 35 54,      2.876,      0.000,      0.000,   2.67929,	   7.47623,	  -0.00750
29   ,  236 06 23 ,  119 35 54,      2.876,      0.000,      0.000,   4.24284,	  -4.37920,	   0.00212
30   ,  236 06 23 ,  119 35 54,      2.876,      0.000,      0.000,  -2.82989,	  -4.39695,	  -0.00426
31   ,  236 06 23 ,  119 35 54,      2.876,      0.000,      0.000,  -2.82989,	  -4.39695,	   7.69356
32   ,  236 06 23 ,  119 35 54,      2.876,      0.000,      0.000,   2.13737,	  -4.38449,	   7.61101
33   ,  236 06 23 ,  119 35 54,      2.876,      0.000,      0.000,   2.11948,	  -4.38453,	   9.05801
34   ,  236 06 23 ,  119 35 54,      2.876,      0.000,      0.000,   3.86870,	  -4.38014,	   9.05522
35   ,  236 06 23 ,  119 35 54,      2.876,      0.000,      0.000,   4.43418,	  -4.37872,	   6.77991
36   ,  236 06 23 ,  119 35 54,      2.876,      0.000,      0.000,   4.45158,	  -4.37868,	   0.82838
37   ,  236 06 23 ,  119 35 54,      2.876,      0.000,      0.000,   4.24284,	  -4.37920,	   0.00212
38   ,  236 06 23 ,  119 35 54,      2.876,      0.000,      0.000,  -2.90749,	   7.46360,	  -0.01253
39   ,  236 06 23 ,  119 35 54,      2.876,      0.000,      0.000,  -2.82989,	  -4.39695,	  -0.00426
40   ,  236 06 23 ,  119 35 54,      2.876,      0.000,      0.000,  -2.82989,	  -4.39695,	   7.69356
41   ,  236 06 23 ,  119 35 54,      2.876,      0.000,      0.000,  -2.90755,	   7.47300,	   7.72720
42   ,  236 06 23 ,  119 35 54,      2.876,      0.000,      0.000,  -2.90749,	   7.46360,	  -0.01253
43   ,  236 06 23 ,  119 35 54,      2.876,      0.000,      0.000,   2.67929,	   7.47623,	  -0.00750
44   ,  236 06 23 ,  119 35 54,      2.876,      0.000,      0.000,   4.22092,	  -0.89904,	  -0.00031
45   ,  236 06 23 ,  119 35 54,      2.876,      0.000,      0.000,   3.21153,	   7.47848,	   0.85209
46   ,  236 06 23 ,  119 35 54,      2.876,      0.000,      0.000,   2.67929,	   7.47623,	  -0.00750
47   ,  236 06 23 ,  119 35 54,      2.876,      0.000,      0.000,   3.21153,	   7.47848,	   0.85209
48   ,  236 06 23 ,  119 35 54,      2.876,      0.000,      0.000,   4.21971,	  -0.88904,	   0.00071
49   ,  236 06 23 ,  119 35 54,      2.876,      0.000,      0.000,   4.43417,	  -0.93797,	   0.84833
50   ,  236 06 23 ,  119 35 54,      2.876,      0.000,      0.000,   4.38872,	   5.84434,	   4.69316
51   ,  236 06 23 ,  119 35 54,      2.876,      0.000,      0.000,   4.16695,	   7.48538,	   4.76183
52   ,  236 06 23 ,  119 35 54,      2.876,      0.000,      0.000,   3.21153,	   7.47848,	   0.85209
53   ,  236 06 23 ,  119 35 54,      2.876,      0.000,      0.000,   4.16695,	   7.48538,	   4.76183
54   ,  236 06 23 ,  119 35 54,      2.876,      0.000,      0.000,   4.38872,	   5.84434,	   4.69316
55   ,  236 06 23 ,  119 35 54,      2.876,      0.000,      0.000,   4.38302,	   5.78947,	   6.73686
56   ,  236 06 23 ,  119 35 54,      2.876,      0.000,      0.000,   4.15397,	   7.48775,	   6.73645
57   ,  236 06 23 ,  119 35 54,      2.876,      0.000,      0.000,   4.16695,	   7.48538,	   4.76183
58   ,  236 06 23 ,  119 35 54,      2.876,      0.000,      0.000,   4.15397,	   7.48775,	   6.73645
59   ,  236 06 23 ,  119 35 54,      2.876,      0.000,      0.000,   4.36696,	   5.90854,	   6.73683
60   ,  236 06 23 ,  119 35 54,      2.876,      0.000,      0.000,   3.78847,	   5.96732,	   9.06265
61   ,  236 06 23 ,  119 35 54,      2.876,      0.000,      0.000,   3.58277,	   7.48929,	   9.06406
62   ,  236 06 23 ,  119 35 54,      2.876,      0.000,      0.000,   4.15397,	   7.48775,	   6.73645
63   ,  236 06 23 ,  119 35 54,      2.876,      0.000,      0.000,   3.78847,	   5.96732,	   9.06265
64   ,  236 06 23 ,  119 35 54,      2.876,      0.000,      0.000,   4.38262,	   5.90695,	   6.67391
65   ,  236 06 23 ,  119 35 54,      2.876,      0.000,      0.000,   4.43418,	  -4.37872,	   6.77991
66   ,  236 06 23 ,  119 35 54,      2.876,      0.000,      0.000,   3.86870,	  -4.38014,	   9.05522
67   ,  236 06 23 ,  119 35 54,      2.876,      0.000,      0.000,   3.78847,	   5.96732,	   9.06265
68   ,  236 06 23 ,  119 35 54,      2.876,      0.000,      0.000,   4.38872,	   5.84434,	   4.69316
69   ,  236 06 23 ,  119 35 54,      2.876,      0.000,      0.000,   4.43417,	  -0.93797,	   0.84833
70   ,  236 06 23 ,  119 35 54,      2.876,      0.000,      0.000,   4.45158,	  -4.37868,	   0.82838
71   ,  236 06 23 ,  119 35 54,      2.876,      0.000,      0.000,   4.43418,	  -4.37872,	   6.77991
72   ,  236 06 23 ,  119 35 54,      2.876,      0.000,      0.000,   4.38320,	   5.79113,	   6.67510
73   ,  236 06 23 ,  119 35 54,      2.876,      0.000,      0.000,   4.38872,	   5.84434,	   4.69316
74   ,  236 06 23 ,  119 35 54,      2.876,      0.000,      0.000,   4.24284,	  -4.37920,	   0.00212
75   ,  236 06 23 ,  119 35 54,      2.876,      0.000,      0.000,   4.21945,	  -0.88898,	  -0.00032
76   ,  236 06 23 ,  119 35 54,      2.876,      0.000,      0.000,   4.43417,	  -0.93797,	   0.84833
77   ,  236 06 23 ,  119 35 54,      2.876,      0.000,      0.000,   4.45158,	  -4.37868,	   0.82838
78   ,  236 06 23 ,  119 35 54,      2.876,      0.000,      0.000,   4.24284,	  -4.37920,	   0.00212
79   ,  236 06 23 ,  119 35 54,      2.876,      0.000,      0.000,   2.07723,	   7.48416,	   7.64435
80   ,  236 06 23 ,  119 35 54,      2.876,      0.000,      0.000,   2.05965,	   7.48585,	   9.06649
81   ,  236 06 23 ,  119 35 54,      2.876,      0.000,      0.000,   2.11948,	  -4.38453,	   9.05801
82   ,  236 06 23 ,  119 35 54,      2.876,      0.000,      0.000,   2.13737,	  -4.38449,	   7.61101
83   ,  236 06 23 ,  119 35 54,      2.876,      0.000,      0.000,   2.07723,	   7.48416,	   7.64435
