#OKS At   -10 : After 4 points 
3.578960, -6.868096, -0.015000 
3.344177, 5.720187, -0.015000 
2.431557, 5.705195, -0.015000 
-2.277182, -6.972028, -0.015000 
#OKS At    -5 : After 5 points 
3.578960, -6.868096, -0.010000 
3.344177, 5.720182, -0.010000 
-3.689295, 5.604641, -0.010000 
-3.708492, 5.552959, -0.010000 
-3.494549, -6.993633, -0.010000 
#OKS At     0 : After 4 points 
3.578960, -6.868096, -0.005000 
3.344177, 5.720177, -0.005000 
-3.710667, 5.604285, -0.005000 
-3.495849, -6.993657, -0.005000 
#OKS At   100 : After 4 points 
3.578960, -6.868096, 0.095000 
3.344179, 5.720077, 0.095000 
-3.736663, 5.603758, 0.095000 
-3.521846, -6.994118, 0.095000 
#OKS At   200 : After 4 points 
3.578960, -6.868096, 0.195000 
3.344180, 5.719978, 0.195000 
-3.762660, 5.603231, 0.195000 
-3.547843, -6.994579, 0.195000 
#OKS At   300 : After 4 points 
3.578960, -6.868096, 0.295000 
3.344182, 5.719878, 0.295000 
-3.788656, 5.602704, 0.295000 
-3.573841, -6.995041, 0.295000 
#OKS At   400 : After 4 points 
3.578960, -6.868096, 0.395000 
3.344184, 5.719778, 0.395000 
-3.814652, 5.602177, 0.395000 
-3.599838, -6.995502, 0.395000 
#OKS At   500 : After 4 points 
3.578960, -6.868096, 0.495000 
3.344186, 5.719678, 0.495000 
-3.840649, 5.601650, 0.495000 
-3.625836, -6.995964, 0.495000 
#OKS At   600 : After 4 points 
3.578960, -6.868096, 0.595000 
3.344188, 5.719578, 0.595000 
-3.866645, 5.601123, 0.595000 
-3.651833, -6.996425, 0.595000 
#OKS At   700 : After 4 points 
3.578960, -6.868096, 0.695000 
3.344190, 5.719478, 0.695000 
-3.892641, 5.600596, 0.695000 
-3.677831, -6.996886, 0.695000 
#OKS At   800 : After 4 points 
3.578960, -6.868096, 0.795000 
3.344192, 5.719378, 0.795000 
-3.908065, 5.600242, 0.795000 
-3.697943, -6.997243, 0.795000 
#OKS At   900 : After 4 points 
3.578960, -6.868096, 0.895000 
3.344193, 5.719278, 0.895000 
-3.907806, 5.600147, 0.895000 
-3.697686, -6.997239, 0.895000 
#OKS At  1000 : After 4 points 
3.578960, -6.868096, 0.995000 
3.344195, 5.719178, 0.995000 
-3.907548, 5.600051, 0.995000 
-3.697429, -6.997234, 0.995000 
#OKS At  1100 : After 4 points 
3.578960, -6.868096, 1.095000 
3.344197, 5.719078, 1.095000 
-3.907289, 5.599955, 1.095000 
-3.697171, -6.997230, 1.095000 
#OKS At  1200 : After 4 points 
3.578960, -6.868096, 1.195000 
3.344199, 5.718978, 1.195000 
-3.907030, 5.599860, 1.195000 
-3.696914, -6.997225, 1.195000 
#OKS At  1300 : After 4 points 
3.578960, -6.868096, 1.295000 
3.344201, 5.718878, 1.295000 
-3.906771, 5.599764, 1.295000 
-3.696657, -6.997220, 1.295000 
#OKS At  1400 : After 4 points 
3.578960, -6.868096, 1.395000 
3.344203, 5.718778, 1.395000 
-3.906512, 5.599668, 1.395000 
-3.696400, -6.997216, 1.395000 
#OKS At  1500 : After 4 points 
3.578960, -6.868096, 1.495000 
3.344205, 5.718679, 1.495000 
-3.906254, 5.599573, 1.495000 
-3.696143, -6.997211, 1.495000 
#OKS At  1600 : After 4 points 
3.578960, -6.868096, 1.595000 
3.344207, 5.718579, 1.595000 
-3.905995, 5.599477, 1.595000 
-3.695886, -6.997207, 1.595000 
#OKS At  1700 : After 4 points 
3.578960, -6.868096, 1.695000 
3.344208, 5.718479, 1.695000 
-3.905736, 5.599381, 1.695000 
-3.695629, -6.997202, 1.695000 
#OKS At  1800 : After 4 points 
3.578960, -6.868096, 1.795000 
3.344210, 5.718379, 1.795000 
-3.905477, 5.599285, 1.795000 
-3.695372, -6.997198, 1.795000 
#OKS At  1900 : After 4 points 
3.578960, -6.868096, 1.895000 
3.344212, 5.718279, 1.895000 
-3.905218, 5.599190, 1.895000 
-3.695115, -6.997193, 1.895000 
#OKS At  2000 : After 4 points 
3.578960, -6.868096, 1.995000 
3.344214, 5.718179, 1.995000 
-3.904960, 5.599094, 1.995000 
-3.694857, -6.997189, 1.995000 
#OKS At  2100 : After 4 points 
3.578960, -6.868096, 2.095000 
3.344216, 5.718079, 2.095000 
-3.904701, 5.598998, 2.095000 
-3.694600, -6.997184, 2.095000 
#OKS At  2200 : After 4 points 
3.578960, -6.868096, 2.195000 
3.344218, 5.717979, 2.195000 
-3.904442, 5.598903, 2.195000 
-3.694343, -6.997179, 2.195000 
#OKS At  2300 : After 4 points 
3.578960, -6.868096, 2.295000 
3.344220, 5.717879, 2.295000 
-3.904183, 5.598807, 2.295000 
-3.694086, -6.997175, 2.295000 
#OKS At  2400 : After 4 points 
3.578960, -6.868096, 2.395000 
3.344221, 5.717779, 2.395000 
-3.903925, 5.598711, 2.395000 
-3.693829, -6.997170, 2.395000 
#OKS At  2500 : After 4 points 
3.578960, -6.868096, 2.495000 
3.344223, 5.717679, 2.495000 
-3.903666, 5.598616, 2.495000 
-3.693572, -6.997166, 2.495000 
#OKS At  2600 : After 4 points 
3.578960, -6.868096, 2.595000 
3.344225, 5.717579, 2.595000 
-3.903407, 5.598520, 2.595000 
-3.693315, -6.997161, 2.595000 
#OKS At  2700 : After 4 points 
3.578960, -6.868096, 2.695000 
3.344227, 5.717480, 2.695000 
-3.903148, 5.598424, 2.695000 
-3.693058, -6.997157, 2.695000 
#OKS At  2800 : After 4 points 
3.578960, -6.868096, 2.795000 
3.344229, 5.717380, 2.795000 
-3.902889, 5.598328, 2.795000 
-3.692801, -6.997152, 2.795000 
#OKS At  2900 : After 4 points 
3.578960, -6.868096, 2.895000 
3.344231, 5.717280, 2.895000 
-3.902631, 5.598233, 2.895000 
-3.692543, -6.997147, 2.895000 
#OKS At  3000 : After 4 points 
3.578960, -6.868096, 2.995000 
3.344233, 5.717180, 2.995000 
-3.902372, 5.598137, 2.995000 
-3.692286, -6.997143, 2.995000 
#OKS At  3100 : After 4 points 
3.578960, -6.868096, 3.095000 
3.344234, 5.717080, 3.095000 
-3.902113, 5.598041, 3.095000 
-3.692029, -6.997138, 3.095000 
#OKS At  3200 : After 4 points 
3.578960, -6.868096, 3.195000 
3.344236, 5.716980, 3.195000 
-3.901854, 5.597946, 3.195000 
-3.691772, -6.997134, 3.195000 
#OKS At  3300 : After 4 points 
3.578960, -6.868096, 3.295000 
3.344238, 5.716880, 3.295000 
-3.901595, 5.597850, 3.295000 
-3.691515, -6.997129, 3.295000 
#OKS At  3400 : After 4 points 
3.578960, -6.868096, 3.395000 
3.344240, 5.716780, 3.395000 
-3.901337, 5.597754, 3.395000 
-3.691258, -6.997125, 3.395000 
#OKS At  3500 : After 4 points 
3.578960, -6.868096, 3.495000 
3.344242, 5.716680, 3.495000 
-3.901078, 5.597659, 3.495000 
-3.691001, -6.997120, 3.495000 
#OKS At  3600 : After 4 points 
3.578960, -6.868096, 3.595000 
3.344244, 5.716580, 3.595000 
-3.900819, 5.597563, 3.595000 
-3.690744, -6.997115, 3.595000 
#OKS At  3700 : After 4 points 
3.578960, -6.868096, 3.695000 
3.344246, 5.716480, 3.695000 
-3.900560, 5.597467, 3.695000 
-3.690487, -6.997111, 3.695000 
#OKS At  3800 : After 4 points 
3.578960, -6.868096, 3.795000 
3.344248, 5.716380, 3.795000 
-3.900302, 5.597372, 3.795000 
-3.690229, -6.997106, 3.795000 
#OKS At  3900 : After 4 points 
3.578960, -6.868096, 3.895000 
3.344249, 5.716281, 3.895000 
-3.900043, 5.597276, 3.895000 
-3.689972, -6.997102, 3.895000 
#OKS At  4000 : After 4 points 
3.578960, -6.868096, 3.995000 
3.344251, 5.716181, 3.995000 
-3.899784, 5.597180, 3.995000 
-3.689715, -6.997097, 3.995000 
#OKS At  4100 : After 4 points 
3.578960, -6.868096, 4.095000 
3.344253, 5.716081, 4.095000 
-3.899525, 5.597084, 4.095000 
-3.689458, -6.997093, 4.095000 
#OKS At  4200 : After 4 points 
3.578960, -6.868096, 4.195000 
3.344255, 5.715981, 4.195000 
-3.899266, 5.596989, 4.195000 
-3.689201, -6.997088, 4.195000 
#OKS At  4300 : After 4 points 
3.578960, -6.868096, 4.295000 
3.344257, 5.715881, 4.295000 
-3.899008, 5.596893, 4.295000 
-3.688944, -6.997084, 4.295000 
#OKS At  4400 : After 4 points 
3.578960, -6.868096, 4.395000 
3.344259, 5.715781, 4.395000 
-3.898749, 5.596797, 4.395000 
-3.688687, -6.997079, 4.395000 
#OKS At  4500 : After 4 points 
3.578960, -6.868096, 4.495000 
3.344261, 5.715681, 4.495000 
-3.898490, 5.596702, 4.495000 
-3.688430, -6.997074, 4.495000 
#OKS At  4600 : After 4 points 
3.578960, -6.868096, 4.595000 
3.344262, 5.715581, 4.595000 
-3.898231, 5.596606, 4.595000 
-3.688173, -6.997070, 4.595000 
#OKS At  4700 : After 4 points 
3.578960, -6.868096, 4.695000 
3.344264, 5.715481, 4.695000 
-3.897973, 5.596510, 4.695000 
-3.687915, -6.997065, 4.695000 
#OKS At  4800 : After 4 points 
3.578960, -6.868096, 4.795000 
3.344266, 5.715381, 4.795000 
-3.897714, 5.596415, 4.795000 
-3.687658, -6.997061, 4.795000 
#OKS At  4900 : After 4 points 
3.578960, -6.868096, 4.895000 
3.344268, 5.715281, 4.895000 
-3.897455, 5.596319, 4.895000 
-3.687401, -6.997056, 4.895000 
#OKS At  5000 : After 4 points 
3.578960, -6.868096, 4.995000 
3.344270, 5.715181, 4.995000 
-3.897196, 5.596223, 4.995000 
-3.687144, -6.997052, 4.995000 
#OKS At  5100 : After 4 points 
3.578960, -6.868096, 5.095000 
3.344272, 5.715082, 5.095000 
-3.896937, 5.596127, 5.095000 
-3.686887, -6.997047, 5.095000 
#OKS At  5200 : After 4 points 
3.578960, -6.868096, 5.195000 
3.344274, 5.714982, 5.195000 
-3.896679, 5.596032, 5.195000 
-3.686630, -6.997042, 5.195000 
#OKS At  5300 : After 4 points 
3.578960, -6.868096, 5.295000 
3.344275, 5.714882, 5.295000 
-3.896420, 5.595936, 5.295000 
-3.686373, -6.997038, 5.295000 
#OKS At  5400 : After 4 points 
3.578960, -6.868096, 5.395000 
3.344277, 5.714782, 5.395000 
-3.896161, 5.595840, 5.395000 
-3.686116, -6.997033, 5.395000 
#OKS At  5500 : After 4 points 
3.578960, -6.868096, 5.495000 
3.344279, 5.714682, 5.495000 
-3.895902, 5.595745, 5.495000 
-3.685859, -6.997029, 5.495000 
#OKS At  5600 : After 4 points 
3.578960, -6.868096, 5.595000 
3.344281, 5.714582, 5.595000 
-3.895643, 5.595649, 5.595000 
-3.685601, -6.997024, 5.595000 
#OKS At  5700 : After 4 points 
3.578960, -6.868096, 5.695000 
3.344283, 5.714482, 5.695000 
-3.895385, 5.595553, 5.695000 
-3.685344, -6.997020, 5.695000 
#OKS At  5800 : After 4 points 
3.578960, -6.868096, 5.795000 
3.344285, 5.714382, 5.795000 
-3.895126, 5.595458, 5.795000 
-3.685087, -6.997015, 5.795000 
#OKS At  5900 : After 4 points 
3.578960, -6.868096, 5.895000 
3.344287, 5.714282, 5.895000 
-3.894867, 5.595362, 5.895000 
-3.684830, -6.997010, 5.895000 
#OKS At  6000 : After 4 points 
3.578960, -6.868096, 5.995000 
3.344289, 5.714182, 5.995000 
-3.894608, 5.595266, 5.995000 
-3.684573, -6.997006, 5.995000 
#OKS At  6100 : After 4 points 
3.578960, -6.868096, 6.095000 
3.344290, 5.714082, 6.095000 
-3.894350, 5.595170, 6.095000 
-3.684316, -6.997001, 6.095000 
#OKS At  6200 : After 4 points 
3.578960, -6.868096, 6.195000 
3.344292, 5.713982, 6.195000 
-3.894091, 5.595075, 6.195000 
-3.684059, -6.996997, 6.195000 
#OKS At  6300 : After 4 points 
3.578960, -6.868096, 6.295000 
3.344294, 5.713882, 6.295000 
-3.893832, 5.594979, 6.295000 
-3.683802, -6.996992, 6.295000 
#OKS At  6400 : After 4 points 
3.578960, -6.868096, 6.395000 
3.344296, 5.713783, 6.395000 
-3.893573, 5.594883, 6.395000 
-3.683545, -6.996988, 6.395000 
#OKS At  6500 : After 4 points 
3.578960, -6.868096, 6.495000 
3.344298, 5.713683, 6.495000 
-3.893314, 5.594788, 6.495000 
-3.683287, -6.996983, 6.495000 
#OKS At  6600 : After 4 points 
3.578960, -6.868096, 6.595000 
3.344300, 5.713583, 6.595000 
-3.893056, 5.594692, 6.595000 
-3.683030, -6.996979, 6.595000 
#OKS At  6700 : After 4 points 
3.578960, -6.868096, 6.695000 
3.344302, 5.713483, 6.695000 
-3.892797, 5.594596, 6.695000 
-3.682773, -6.996974, 6.695000 
#OKS At  6800 : After 4 points 
3.578960, -6.868096, 6.795000 
3.344303, 5.713383, 6.795000 
-3.874764, 5.594793, 6.795000 
-3.679356, -6.996913, 6.795000 
#OKS At  6900 : After 4 points 
3.578960, -6.868096, 6.895000 
3.344305, 5.713283, 6.895000 
-3.850113, 5.595098, 6.895000 
-3.654707, -6.996476, 6.895000 
#OKS At  7000 : After 4 points 
3.578960, -6.868096, 6.995000 
3.344307, 5.713183, 6.995000 
-3.825461, 5.595403, 6.995000 
-3.630058, -6.996038, 6.995000 
#OKS At  7100 : After 4 points 
3.578960, -6.868096, 7.095000 
3.344309, 5.713083, 7.095000 
-3.800810, 5.595708, 7.095000 
-3.605408, -6.995601, 7.095000 
#OKS At  7200 : After 4 points 
3.578960, -6.868096, 7.195000 
3.344311, 5.712983, 7.195000 
-3.776159, 5.596013, 7.195000 
-3.580759, -6.995164, 7.195000 
#OKS At  7300 : After 4 points 
3.578960, -6.868096, 7.295000 
3.344313, 5.712883, 7.295000 
-3.751508, 5.596318, 7.295000 
-3.556110, -6.994726, 7.295000 
#OKS At  7400 : After 4 points 
3.578960, -6.868096, 7.395000 
3.344315, 5.712783, 7.395000 
-3.726856, 5.596623, 7.395000 
-3.531461, -6.994289, 7.395000 
#OKS At  7500 : After 4 points 
3.578960, -6.868096, 7.495000 
3.344316, 5.712683, 7.495000 
-3.702205, 5.596928, 7.495000 
-3.506811, -6.993851, 7.495000 
#OKS At  7600 : After 5 points 
3.578960, -6.868096, 7.595000 
3.344318, 5.712584, 7.595000 
-2.448957, 5.617415, 7.595000 
-3.581242, -0.608939, 7.595000 
-3.482162, -6.993414, 7.595000 
#OKS At  7700 : After 4 points 
3.578960, -6.868096, 7.695000 
3.344320, 5.712484, 7.695000 
-1.601401, 5.631238, 7.695000 
-1.399769, -6.956456, 7.695000 
#OKS At  7800 : After 4 points 
3.578960, -6.868096, 7.795000 
3.344322, 5.712384, 7.795000 
-1.600820, 5.631148, 7.795000 
-1.399189, -6.956446, 7.795000 
#OKS At  7900 : After 4 points 
3.578960, -6.868096, 7.895000 
3.344324, 5.712284, 7.895000 
-1.600238, 5.631058, 7.895000 
-1.398609, -6.956436, 7.895000 
#OKS At  8000 : After 4 points 
3.578960, -6.868096, 7.995000 
3.344326, 5.712184, 7.995000 
-1.599657, 5.630967, 7.995000 
-1.398029, -6.956425, 7.995000 
#OKS At  8100 : After 4 points 
3.578960, -6.868096, 8.095000 
3.344328, 5.712084, 8.095000 
-1.599075, 5.630877, 8.095000 
-1.397449, -6.956415, 8.095000 
#OKS At  8200 : After 4 points 
3.578960, -6.868096, 8.195000 
3.344330, 5.711984, 8.195000 
-1.598494, 5.630786, 8.195000 
-1.396869, -6.956405, 8.195000 
#OKS At  8300 : After 4 points 
3.578960, -6.868096, 8.295000 
3.344331, 5.711884, 8.295000 
-1.597912, 5.630696, 8.295000 
-1.396289, -6.956395, 8.295000 
#OKS At  8400 : After 4 points 
3.578960, -6.868096, 8.395000 
3.344333, 5.711784, 8.395000 
-1.597331, 5.630606, 8.395000 
-1.395709, -6.956384, 8.395000 
#OKS At  8500 : After 4 points 
3.578960, -6.868096, 8.495000 
3.344335, 5.711684, 8.495000 
-1.596749, 5.630515, 8.495000 
-1.395129, -6.956374, 8.495000 
#OKS At  8600 : After 4 points 
3.578960, -6.868096, 8.595000 
3.344337, 5.711584, 8.595000 
-1.596167, 5.630425, 8.595000 
-1.394549, -6.956364, 8.595000 
#OKS At  8700 : After 4 points 
3.578960, -6.868096, 8.695000 
3.344339, 5.711484, 8.695000 
-1.595586, 5.630334, 8.695000 
-1.393969, -6.956353, 8.695000 
#OKS At  8800 : After 4 points 
3.578960, -6.868096, 8.795000 
3.344341, 5.711385, 8.795000 
-1.595004, 5.630244, 8.795000 
-1.393389, -6.956343, 8.795000 
#OKS At  8900 : After 4 points 
3.578960, -6.868096, 8.895000 
3.344343, 5.711285, 8.895000 
-1.594423, 5.630154, 8.895000 
-1.392809, -6.956333, 8.895000 
#OKS At  9000 : After 4 points 
3.578960, -6.868096, 8.995000 
3.344344, 5.711185, 8.995000 
-1.593841, 5.630063, 8.995000 
-1.392230, -6.956323, 8.995000 
