CHECKING DISTANT FROM POINTS TO AVERAGE PLANE TO REMOVE INCORRECT POINT. 

Distant of points(mm) belongs the plane 0 (56 points): 
11.22(716),  8.15(743),  7.10(719),  6.10(709),  6.07(736),  5.26(720),  4.90(699),  4.84(746),  4.84(715),  4.62(721),  4.59(727),  4.40(724),  4.35(728),  4.10(707),  3.86(747),  3.77(708),  3.71(735),  3.71(695),  3.27(726),  3.05(750),  3.00(742),  2.89(722),  2.83(701),  2.80(723),  2.68(714),  2.41(748),  2.40(698),  2.34(731),  2.19(733),  2.09(696),  2.02(749),  2.02(710),  1.93(732),  1.88(697),  1.59(740),  1.57(734),  1.44(725),  1.40(702),  1.27(717),  1.17(712),  1.16(703),  1.09(730),  0.87(705),  0.82(729),  0.79(741),  0.77(745),  0.66(738),  0.57(713),  0.52(737),  0.41(704),  0.37(700),  0.31(744),  0.11(711),  0.02(739),  0.02(718),  0.00(706), 
Distant of points(mm) belongs the plane 1 (54 points): 
 6.61(693),  5.86(694),  5.48(665),  5.35(641),  5.13(669),  5.01(668),  4.85(676),  4.62(692),  4.52(664),  4.14(686),  3.97(642),  3.74(688),  3.70(643),  3.49(675),  3.40(683),  3.34(663),  3.24(691),  3.21(646),  3.13(670),  3.09(662),  2.88(681),  2.78(654),  2.51(680),  2.47(645),  2.38(667),  2.26(687),  2.21(672),  2.13(682),  2.09(649),  2.03(673),  1.99(671),  1.87(678),  1.84(653),  1.72(685),  1.69(644),  1.64(689),  1.58(656),  1.55(661),  1.41(677),  1.31(657),  1.18(666),  1.16(684),  1.13(648),  0.99(690),  0.98(655),  0.76(652),  0.75(650),  0.72(660),  0.55(679),  0.50(674),  0.48(651),  0.26(647),  0.24(658),  0.23(659), 
Distant of points(mm) belongs the plane 2 (60 points): 
24.52(56), 13.68(43), 13.39(42), 13.12(55), 12.23(5), 11.59(12), 11.26(45), 10.92(14), 10.67(13), 10.56(27), 10.43(6), 10.41(34),  9.85(19),  8.91(11),  8.79(52),  7.77(64),  7.69(39),  6.69(33),  6.66(46),  6.61(24),  6.53(53),  6.46(15),  6.25(51),  6.12(20),  6.06(41),  6.05(32),  5.53(18),  5.26(10),  5.21(60),  5.09(38),  4.94(30),  4.34(21),  4.23(25),  4.05(62),  4.04(28),  3.79(59),  3.76(54),  3.66(61),  3.57(9),  3.55(35),  3.38(58),  3.38(63),  3.34(40),  3.29(48),  3.15(26),  2.78(16),  2.64(50),  2.04(47),  2.02(23),  1.89(8),  1.86(17),  1.82(44),  1.64(29),  1.63(22),  1.46(37),  1.04(49),  0.94(57),  0.51(36),  0.43(31),  0.23(7), 
Distant of points(mm) belongs the plane 3 (54 points): 
21.41(111), 18.69(110), 13.49(81), 13.41(73), 13.25(87), 13.00(67), 10.79(114), 10.53(113), 10.24(83), 10.06(115),  9.64(88),  9.01(80),  7.74(68),  7.67(86),  7.60(74),  7.47(106),  7.45(78),  7.37(116),  7.25(107),  7.22(96),  7.18(89),  6.97(108),  6.36(66),  6.11(95),  6.09(104),  5.74(105),  5.48(90),  5.40(98),  4.57(117),  4.57(70),  4.33(109),  4.20(79),  3.92(85),  3.83(91),  3.44(69),  3.29(102),  3.15(82),  2.84(75),  2.75(94),  2.70(99),  2.58(71),  2.07(76),  1.72(118),  1.68(84),  1.54(93),  1.42(103),  1.14(92),  0.87(65),  0.85(112),  0.71(77),  0.51(101),  0.10(100),  0.10(97),  0.08(72), 
Distant of points(mm) belongs the plane 4 (97 points): 
 9.39(545),  9.37(480),  9.10(541),  8.15(546),  7.70(544),  7.52(479),  7.35(542),  6.74(494),  6.53(484),  6.25(487),  5.76(493),  5.68(483),  5.62(518),  5.62(474),  5.46(519),  5.22(481),  5.00(482),  4.67(478),  4.51(527),  4.31(520),  4.21(553),  4.14(521),  4.07(486),  3.91(495),  3.91(492),  3.72(514),  3.54(556),  3.46(537),  3.45(505),  3.42(524),  3.31(557),  3.24(533),  3.20(497),  3.08(558),  3.05(496),  3.00(512),  2.99(554),  2.98(552),  2.86(513),  2.81(517),  2.78(555),  2.69(528),  2.64(536),  2.56(550),  2.50(488),  2.44(504),  2.39(549),  2.37(498),  2.22(503),  2.19(530),  2.18(490),  2.17(511),  2.05(491),  1.97(547),  1.96(529),  1.96(540),  1.89(501),  1.86(535),  1.82(475),  1.79(477),  1.75(551),  1.74(560),  1.72(526),  1.39(510),  1.38(569),  1.32(538),  1.07(522),  1.03(507),  1.00(516),  0.97(476),  0.83(515),  0.82(539),  0.74(565),  0.70(563),  0.69(523),  0.68(570),  0.57(568),  0.57(509),  0.54(499),  0.50(564),  0.49(561),  0.45(532),  0.37(531),  0.33(489),  0.32(500),  0.26(543),  0.24(567),  0.22(508),  0.21(506),  0.20(548),  0.20(485),  0.08(534),  0.05(566),  0.04(559),  0.03(525),  0.02(502),  0.02(562), 
Distant of points(mm) belongs the plane 5 (70 points): 
 7.40(640),  5.70(585),  5.57(590),  5.35(589),  5.32(603),  5.16(600),  5.03(631),  4.90(595),  4.58(633),  4.25(622),  4.09(588),  3.95(584),  3.93(577),  3.87(630),  3.82(587),  3.75(625),  3.73(572),  3.65(594),  3.47(628),  3.43(624),  3.24(606),  3.24(612),  3.21(598),  2.87(634),  2.84(616),  2.70(596),  2.69(576),  2.69(604),  2.62(621),  2.58(617),  2.54(571),  2.52(582),  2.48(575),  2.46(637),  2.46(601),  2.44(597),  2.38(618),  2.29(611),  2.29(632),  2.26(578),  2.18(602),  2.07(639),  2.06(609),  2.00(626),  1.98(599),  1.97(573),  1.89(592),  1.88(593),  1.88(580),  1.82(608),  1.56(607),  1.50(586),  1.37(581),  1.30(614),  1.26(638),  1.20(574),  1.10(635),  1.09(615),  1.02(605),  0.76(620),  0.69(636),  0.63(579),  0.52(613),  0.29(627),  0.28(610),  0.23(583),  0.16(629),  0.11(623),  0.10(619),  0.03(591), 
Distant of points(mm) belongs the plane 6 (71 points): 
11.73(345),  9.90(346),  9.15(360),  8.91(340),  8.71(400),  7.77(339),  7.54(364),  7.51(357),  7.36(379),  7.30(342),  7.30(351),  7.27(337),  7.24(347),  7.00(338),  6.61(335),  6.13(399),  5.73(361),  5.57(356),  5.39(378),  5.09(352),  5.01(365),  4.81(402),  4.75(401),  4.72(350),  4.46(374),  4.37(348),  4.30(403),  4.19(372),  4.16(396),  3.94(370),  3.78(375),  3.76(404),  3.64(366),  3.63(381),  3.63(384),  3.58(371),  3.56(369),  3.53(367),  3.50(405),  3.39(362),  3.38(383),  3.38(373),  3.21(343),  3.13(385),  2.92(387),  2.87(386),  2.86(382),  2.77(344),  2.52(395),  2.49(363),  2.49(368),  2.29(355),  2.26(358),  2.20(393),  2.02(392),  1.96(353),  1.92(377),  1.36(349),  1.35(388),  1.26(359),  1.15(398),  1.12(391),  1.11(341),  1.10(380),  0.82(376),  0.80(389),  0.78(336),  0.68(390),  0.52(397),  0.18(394),  0.14(354), 
Distant of points(mm) belongs the plane 7 (68 points): 
 9.59(406),  9.54(416),  8.63(415),  8.56(407),  7.59(441),  7.27(453),  6.84(432),  6.81(417),  6.53(431),  6.40(436),  6.26(433),  6.21(449),  6.06(458),  5.74(468),  5.35(450),  5.15(414),  5.08(454),  5.08(451),  4.81(459),  4.77(443),  4.73(435),  4.69(408),  4.68(430),  4.36(423),  4.36(421),  4.22(413),  4.12(465),  4.04(439),  3.87(445),  3.85(437),  3.80(464),  3.73(457),  3.72(422),  3.63(460),  3.62(447),  3.60(442),  3.52(434),  3.33(411),  3.27(412),  3.19(440),  2.97(444),  2.79(455),  2.78(419),  2.70(409),  2.67(448),  2.61(456),  2.60(461),  2.52(469),  2.51(462),  2.30(438),  2.01(425),  1.94(424),  1.81(466),  1.81(428),  1.78(452),  1.72(420),  1.72(446),  1.70(429),  1.64(463),  1.60(472),  1.41(410),  1.10(418),  1.05(473),  0.84(427),  0.64(471),  0.36(467),  0.19(426),  0.01(470), 
Distant of points(mm) belongs the plane 8 (18 points): 
11.82(121),  9.86(127),  9.82(132),  8.62(124),  8.07(119),  8.01(136),  7.80(120),  6.95(126),  6.82(123),  6.38(131),  6.23(128),  5.85(134),  5.72(130),  5.62(133),  5.51(135),  5.33(129),  5.00(122),  0.05(125), 
Distant of points(mm) belongs the plane 9 (36 points): 
18.19(137), 18.05(169), 15.28(172), 14.84(152), 14.24(164), 14.19(139), 13.97(151), 13.79(142), 13.06(141), 12.33(138), 12.25(140), 11.58(171), 11.56(153), 11.43(156), 11.38(157), 11.08(155), 10.86(170), 10.57(150), 10.56(163), 10.24(162), 10.12(143),  9.61(146),  9.28(158),  9.15(154),  9.02(161),  8.80(168),  8.33(166),  6.69(147),  6.61(148),  5.83(167),  5.37(159),  4.52(165),  1.75(160),  1.57(149),  1.01(144),  0.76(145), 
Distant of points(mm) belongs the plane 10 (7 points): 
 4.06(185),  3.60(189),  3.24(188),  2.56(184),  0.95(186),  0.69(183),  0.50(187), 
Distant of points(mm) belongs the plane 11 (59 points): 
19.26(190), 17.78(194), 17.65(193), 14.25(191), 13.28(195), 10.18(202),  9.75(209),  9.75(201),  9.16(192),  9.00(221),  8.96(234),  6.84(239),  6.72(206),  6.52(200),  6.49(212),  6.39(222),  6.14(210),  6.01(219),  5.76(233),  5.55(241),  4.92(205),  4.81(216),  4.74(207),  4.71(197),  4.51(228),  4.44(235),  4.18(246),  4.10(249),  3.85(217),  3.51(220),  3.51(248),  3.33(224),  3.24(227),  3.18(204),  3.04(242),  2.95(245),  2.91(247),  2.76(218),  2.56(238),  2.34(240),  2.07(243),  2.04(211),  1.94(208),  1.76(232),  1.51(214),  1.49(198),  1.43(203),  1.29(229),  0.83(244),  0.77(226),  0.77(236),  0.72(223),  0.71(231),  0.48(225),  0.47(230),  0.28(199),  0.27(196),  0.25(213),  0.01(237), 
Distant of points(mm) belongs the plane 12 (5 points): 
 1.55(252),  1.28(250),  0.75(253),  0.50(254),  0.02(251), 
Distant of points(mm) belongs the plane 13 (24 points): 
11.59(255),  7.42(259),  7.20(260),  6.95(256),  6.93(269),  6.30(262),  6.21(261),  5.37(270),  4.44(276),  3.17(267),  2.96(271),  2.68(266),  2.43(265),  2.27(263),  2.23(268),  2.22(257),  2.05(272),  1.39(273),  1.30(264),  0.81(274),  0.73(258),  0.48(277),  0.35(278),  0.08(275), 
Distant of points(mm) belongs the plane 14 (25 points): 
11.70(288), 10.70(289),  9.50(281),  9.15(290),  9.02(283),  8.87(291),  7.92(280),  7.56(300),  6.38(302),  6.22(292),  5.62(303),  5.19(279),  4.63(287),  4.17(297),  4.12(301),  3.35(285),  3.35(284),  2.71(293),  2.54(304),  2.35(298),  1.48(299),  1.32(295),  0.38(296),  0.38(294),  0.05(286), 
Distant of points(mm) belongs the plane 15 (30 points): 
 5.26(334),  5.24(329),  4.73(314),  3.72(322),  3.24(311),  3.14(313),  2.87(324),  2.50(317),  2.35(328),  2.17(309),  2.17(332),  2.17(327),  2.04(315),  1.92(321),  1.68(316),  1.61(308),  1.52(326),  1.47(310),  1.40(319),  1.21(307),  1.20(333),  0.97(330),  0.82(305),  0.80(325),  0.73(331),  0.72(306),  0.50(323),  0.46(318),  0.30(312),  0.23(320), 
Distant of points(mm) belongs the plane 16 (10 points): 
 3.05(180),  2.97(176),  1.74(175),  1.66(178),  1.61(174),  1.46(182),  1.31(179),  0.84(173),  0.48(177),  0.44(181), 
