#Plane 0. 
-1733.9506013070,7023.1402162887,   1.4708055189 
3793.7753802590,6976.8155341832,  -4.1973518578 
-3314.1390018825,-1517.2510470353,   5.7289508697 
-3338.7630660035,-4808.5512121724,   6.7692517491 
3729.4153959988,-4878.5188990389,  -0.4751831610 
#ERRORs at Segment 1: 
,-1733.9506013085,7023.1402162881,   1.4708055189 
 -3314.1390018825,-1517.2510470353,   5.7289508697 
#Plane 0. 
-1733.9506013070,7023.1402162887,   1.4708055189 
3793.7753802590,6976.8155341832,  -4.1973518578 
-3314.1390018825,-1517.2510470353,   5.7289508697 
-3338.7630660035,-4808.5512121724,   6.7692517491 
3729.4153959988,-4878.5188990389,  -0.4751831610 
#ERRORs at Segment 2: 
,-3338.7630660035,-4808.5512121724,   6.7692517491 
 -3314.1390018824,-1517.2510470330,   5.7289508697 
#Plane 6. 
-1733.9506013085,7023.1402162881,   1.4708055189 
-3360.8544779068,-1769.7326138883,   5.8548354079 
-2268.8922317185,7028.3244391437, 840.9095230668 
#ERRORs at Segment 0: 
,-1733.9506013085,7023.1402162881,   1.4708055189 
 -3360.8544779068,-1769.7326138883,   5.8548354079 
#Plane 6. 
-1733.9506013085,7023.1402162881,   1.4708055189 
-3360.8544779068,-1769.7326138883,   5.8548354079 
-2268.8922317185,7028.3244391437, 840.9095230668 
#ERRORs at Segment 2: 
,-2268.8922317212,7028.3244391436, 840.9095230673 
 -3360.8544779046,-1769.7326138781,   5.8548354079 
#Plane 7. 
-2268.8922317212,7028.3244391436, 840.9095230673 
-3321.4760265324,-1452.4562034129,  35.9686607952 
-3224.8932879712,7039.6037441033,4751.2213776125 
-3448.8809446025,5414.0567901619,4687.7223993174 
-3522.8012457475,-1527.8048496543, 812.6791402743 
#ERRORs at Segment 0: 
,-2268.8922317212,7028.3244391436, 840.9095230673 
 -3321.4760265324,-1452.4562034129,  35.9686607952 
#Plane 7. 
-2268.8922317212,7028.3244391436, 840.9095230673 
-3321.4760265324,-1452.4562034129,  35.9686607952 
-3224.8932879712,7039.6037441033,4751.2213776125 
-3448.8809446025,5414.0567901619,4687.7223993174 
-3522.8012457475,-1527.8048496543, 812.6791402743 
#ERRORs at Segment 4: 
,-3522.8012457465,-1527.8048496625, 812.6791402750 
 -3321.4760265324,-1452.4562034091,  35.9686607955 
#Plane 8. 
-3224.8932879750,7039.6037441053,4751.2213776036 
-3448.8809446025,5414.0567901619,4687.7223993174 
-3208.0702043630,7041.1384912572,6756.0295110345 
-3436.4487762119,5377.5885551988,6793.0958646438 
#ERRORs at Segment 2: 
,-3208.0702043511,7041.1384912584,6756.0295110212 
 -3436.4487762119,5377.5885551988,6793.0958646438 
#Plane 8. 
-3224.8932879750,7039.6037441053,4751.2213776036 
-3448.8809446025,5414.0567901619,4687.7223993174 
-3208.0702043630,7041.1384912572,6756.0295110345 
-3436.4487762119,5377.5885551988,6793.0958646438 
#ERRORs at Segment 3: 
,-3448.8809446073,5414.0567901523,4687.7223993533 
 -3436.4487762186,5377.5885552997,6793.0958646008 
#Plane 9. 
-3208.0702043511,7041.1384912584,6756.0295110212 
-3428.6247376402,5434.5802368597,6791.8260056631 
-3009.1218759931,7040.1993693432,7626.9745491096 
-3225.3697725094,5532.9441887246,7619.7586743469 
#ERRORs at Segment 0: 
,-3208.0702043511,7041.1384912584,6756.0295110212 
 -3428.6247376402,5434.5802368597,6791.8260056631 
#Plane 9. 
-3208.0702043511,7041.1384912584,6756.0295110212 
-3428.6247376402,5434.5802368597,6791.8260056631 
-3009.1218759931,7040.1993693432,7626.9745491096 
-3225.3697725094,5532.9441887246,7619.7586743469 
#ERRORs at Segment 3: 
,-3225.3697725229,5532.9441887140,7619.7586743464 
 -3428.6247376402,5434.5802369330,6791.8260057096 
#Plane 10. 
-3225.3697725229,5532.9441887140,7619.7586743464 
-3436.2557939751,5430.8872355987,6760.7418900900 
-3309.0646435403,-4808.8451959666,7600.5346742005 
-3510.7130968211,-4806.8490839707,6776.0360834390 
#ERRORs at Segment 0: 
,-3225.3697725229,5532.9441887140,7619.7586743464 
 -3436.2557939751,5430.8872355987,6760.7418900900 
#Plane 10. 
-3225.3697725229,5532.9441887140,7619.7586743464 
-3436.2557939751,5430.8872355987,6760.7418900900 
-3309.0646435403,-4808.8451959666,7600.5346742005 
-3510.7130968211,-4806.8490839707,6776.0360834390 
#ERRORs at Segment 3: 
,-3510.7130968206,-4806.8490839680,6776.0360834412 
 -3436.2557939759,5430.8872356012,6760.7418900435 
#Plane 11. 
-3448.8809445986,5414.0567901666,4687.7223993440 
-3522.8012457475,-1527.8048496543, 812.6791402743 
-3436.6393602466,5378.1476100739,6760.8206779385 
-3510.7130968206,-4806.8490839680,6776.0360834412 
-3546.6849465766,-4806.4929997048, 811.2162502756 
#ERRORs at Segment 1: 
,-3448.8809446073,5414.0567901523,4687.7223993533 
 -3436.6393602466,5378.1476100739,6760.8206779385 
#Plane 11. 
-3448.8809445986,5414.0567901666,4687.7223993440 
-3522.8012457475,-1527.8048496543, 812.6791402743 
-3436.6393602466,5378.1476100739,6760.8206779385 
-3510.7130968206,-4806.8490839680,6776.0360834412 
-3546.6849465766,-4806.4929997048, 811.2162502756 
#ERRORs at Segment 2: 
,-3510.7130968206,-4806.8490839680,6776.0360834412 
 -3436.6393602399,5378.1476100487,6760.8206779716 
#Plane 12. 
-3338.7630660035,-4808.5512121724,   6.7692517491 
-3313.6322721914,-1449.5205738165,   5.7075428949 
-3522.8012457465,-1527.8048496625, 812.6791402750 
-3546.6849465780,-4806.4929997049, 811.2162502766 
#ERRORs at Segment 0: 
,-3338.7630660035,-4808.5512121724,   6.7692517491 
 -3313.6322721914,-1449.5205738165,   5.7075428949 
#Plane 12. 
-3338.7630660035,-4808.5512121724,   6.7692517491 
-3313.6322721914,-1449.5205738165,   5.7075428949 
-3522.8012457465,-1527.8048496625, 812.6791402750 
-3546.6849465780,-4806.4929997049, 811.2162502766 
#ERRORs at Segment 1: 
,-3522.8012457465,-1527.8048496625, 812.6791402750 
 -3313.6322721915,-1449.5205738171,   5.7075428949 
