#Plane 0. 
2679.2907377684,7476.2324988553,  -7.4974113877 
-2907.4904795253,7463.6008888560, -12.5335038972 
4219.4650207416,-891.1629461014,  -0.3188227789 
4242.8395816577,-4379.2038680258,   2.1150009993 
-2829.8889266505,-4396.9488120015,  -4.2593560526 
#ERRORs at Segment 1: 
,2679.2907377702,7476.2324988547,  -7.4974113877 
 4219.4650207416,-891.1629461014,  -0.3188227789 
#Plane 0. 
2679.2907377684,7476.2324988553,  -7.4974113877 
-2907.4904795253,7463.6008888560, -12.5335038972 
4219.4650207416,-891.1629461014,  -0.3188227789 
4242.8395816577,-4379.2038680258,   2.1150009993 
-2829.8889266505,-4396.9488120015,  -4.2593560526 
#ERRORs at Segment 2: 
,4242.8395816577,-4379.2038680258,   2.1150009993 
 4219.4650207417,-891.1629461009,  -0.3188227789 
#Plane 6. 
2679.2907377702,7476.2324988547,  -7.4974113877 
4220.9156666435,-899.0439554430,  -0.3120614726 
3211.5342023572,7478.4788836339, 852.0896998039 
#ERRORs at Segment 0: 
,2679.2907377702,7476.2324988547,  -7.4974113877 
 4220.9156666435,-899.0439554430,  -0.3120614726 
#Plane 6. 
2679.2907377702,7476.2324988547,  -7.4974113877 
4220.9156666435,-899.0439554430,  -0.3120614726 
3211.5342023572,7478.4788836339, 852.0896998039 
#ERRORs at Segment 2: 
,3211.5342023466,7478.4788836341, 852.0896998038 
 4220.9156666439,-899.0439554372,  -0.3120614726 
#Plane 7. 
3211.5342023466,7478.4788836341, 852.0896998038 
4219.7100751818,-889.0379563517,   0.7060355721 
4166.9505124843,7485.3846057158,4761.8311882218 
4388.7231800055,5844.3411756883,4693.1648074555 
4434.1721958936,-937.9653407240, 848.3269092020 
#ERRORs at Segment 0: 
,3211.5342023466,7478.4788836341, 852.0896998038 
 4219.7100751818,-889.0379563517,   0.7060355721 
#Plane 7. 
3211.5342023466,7478.4788836341, 852.0896998038 
4219.7100751818,-889.0379563517,   0.7060355721 
4166.9505124843,7485.3846057158,4761.8311882218 
4388.7231800055,5844.3411756883,4693.1648074555 
4434.1721958936,-937.9653407240, 848.3269092020 
#ERRORs at Segment 4: 
,4434.1721958938,-937.9653407223, 848.3269092112 
 4219.7100751816,-889.0379563607,   0.7060355712 
#Plane 8. 
4166.9505124768,7485.3846057160,4761.8311882086 
4388.7231800055,5844.3411756883,4693.1648074555 
4153.9739084918,7487.7525462700,6736.4473628748 
4383.0236436684,5789.4710889832,6736.8607254255 
#ERRORs at Segment 2: 
,4153.9739084987,7487.7525462715,6736.4473628740 
 4383.0236436684,5789.4710889832,6736.8607254255 
#Plane 8. 
4166.9505124768,7485.3846057160,4761.8311882086 
4388.7231800055,5844.3411756883,4693.1648074555 
4153.9739084918,7487.7525462700,6736.4473628748 
4383.0236436684,5789.4710889832,6736.8607254255 
#ERRORs at Segment 3: 
,4388.7231800216,5844.3411757174,4693.1648075237 
 4383.0236436925,5789.4710889126,6736.8607253440 
#Plane 9. 
4153.9739084987,7487.7525462715,6736.4473628740 
4366.9648683902,5908.5383311327,6736.8317443995 
3938.7625713862,7488.3308638431,7613.4114833852 
4150.8696333195,5930.4959278074,7605.6397157975 
#ERRORs at Segment 0: 
,4153.9739084987,7487.7525462715,6736.4473628740 
 4366.9648683902,5908.5383311327,6736.8317443995 
#Plane 9. 
4153.9739084987,7487.7525462715,6736.4473628740 
4366.9648683902,5908.5383311327,6736.8317443995 
3938.7625713862,7488.3308638431,7613.4114833852 
4150.8696333195,5930.4959278074,7605.6397157975 
#ERRORs at Segment 3: 
,4150.8696333244,5930.4959277712,7605.6397157989 
 4366.9648683915,5908.5383310720,6736.8317444139 
#Plane 10. 
4150.8696333244,5930.4959277712,7605.6397157989 
4382.6152466723,5906.9480845570,6673.9096100994 
4236.2965796320,-4379.2202839268,7576.1241072224 
4434.1798597177,-4378.7238096603,6779.9091253486 
#ERRORs at Segment 0: 
,4150.8696333244,5930.4959277712,7605.6397157989 
 4382.6152466723,5906.9480845570,6673.9096100994 
#Plane 10. 
4150.8696333244,5930.4959277712,7605.6397157989 
4382.6152466723,5906.9480845570,6673.9096100994 
4236.2965796320,-4379.2202839268,7576.1241072224 
4434.1798597177,-4378.7238096603,6779.9091253486 
#ERRORs at Segment 3: 
,4434.1798597193,-4378.7238096573,6779.9091253386 
 4382.6152466702,5906.9480845894,6673.9096100820 
#Plane 11. 
4388.7231800069,5844.3411757222,4693.1648074586 
4434.1721958936,-937.9653407240, 848.3269092020 
4383.1958754454,5791.1291836562,6675.1031875653 
4434.1798597193,-4378.7238096573,6779.9091253386 
4451.5833713193,-4378.6801455547, 828.3787603644 
#ERRORs at Segment 1: 
,4388.7231800216,5844.3411757174,4693.1648075237 
 4383.1958754454,5791.1291836562,6675.1031875653 
#Plane 11. 
4388.7231800069,5844.3411757222,4693.1648074586 
4434.1721958936,-937.9653407240, 848.3269092020 
4383.1958754454,5791.1291836562,6675.1031875653 
4434.1798597193,-4378.7238096573,6779.9091253386 
4451.5833713193,-4378.6801455547, 828.3787603644 
#ERRORs at Segment 2: 
,4434.1798597193,-4378.7238096573,6779.9091253386 
 4383.1958754196,5791.1291836903,6675.1031876605 
#Plane 12. 
4242.8395816577,-4379.2038680258,   2.1150009993 
4219.4503834269,-888.9787102892,  -0.3203468565 
4434.1721958938,-937.9653407223, 848.3269092112 
4451.5833713232,-4378.6801455547, 828.3787603626 
#ERRORs at Segment 0: 
,4242.8395816577,-4379.2038680258,   2.1150009993 
 4219.4503834269,-888.9787102892,  -0.3203468565 
#Plane 12. 
4242.8395816577,-4379.2038680258,   2.1150009993 
4219.4503834269,-888.9787102892,  -0.3203468565 
4434.1721958938,-937.9653407223, 848.3269092112 
4451.5833713232,-4378.6801455547, 828.3787603626 
#ERRORs at Segment 1: 
,4434.1721958938,-937.9653407223, 848.3269092112 
 4219.4503834268,-888.9787102884,  -0.3203468565 
