CHECKING DISTANT FROM POINTS TO AVERAGE PLANE TO REMOVE INCORRECT POINT. 

Distant of points(mm) belongs the plane 0 (81 points): 
20.86(650), 14.74(614), 14.45(667), 13.80(597), 13.22(620), 12.82(594), 12.80(668), 12.50(633), 12.16(618), 11.84(607), 11.80(600), 11.77(595), 11.29(619), 11.24(623), 11.01(636), 10.90(622), 10.80(599), 10.80(632), 10.56(621), 10.16(634),  9.05(660),  8.83(635),  8.77(617),  8.61(615),  8.52(601),  8.43(664),  8.16(613),  8.12(629),  8.10(592),  8.07(602),  8.06(631),  8.03(625),  7.93(624),  7.82(596),  7.53(606),  6.87(654),  6.64(610),  6.56(637),  6.49(612),  6.49(593),  6.26(603),  5.94(609),  5.85(630),  5.76(669),  5.66(663),  5.38(589),  5.30(644),  5.28(642),  5.25(591),  5.16(662),  4.31(611),  4.25(639),  4.13(608),  3.95(649),  3.92(645),  3.90(641),  3.87(655),  3.83(590),  3.79(643),  3.39(648),  3.34(658),  3.33(666),  3.07(659),  3.05(598),  2.85(652),  2.63(640),  2.55(665),  2.48(651),  2.33(628),  2.17(626),  2.07(647),  2.07(646),  2.03(656),  1.96(657),  1.69(604),  1.57(605),  1.04(653),  0.88(616),  0.71(661),  0.71(627),  0.26(638), 
Distant of points(mm) belongs the plane 1 (45 points): 
22.50(583), 15.69(582), 14.47(548),  9.55(550),  8.75(568),  8.49(573),  6.83(585),  6.75(554),  6.42(570),  5.91(572),  5.16(553),  4.82(564),  4.80(560),  4.63(539),  4.13(566),  3.60(578),  3.50(549),  3.40(584),  3.34(556),  3.20(567),  3.16(552),  3.01(577),  2.95(576),  2.88(571),  2.85(563),  2.83(587),  2.71(569),  2.45(547),  2.42(551),  2.14(575),  1.90(559),  1.79(557),  1.77(543),  1.69(565),  1.46(586),  1.30(580),  1.16(581),  1.14(555),  1.03(562),  0.97(561),  0.75(544),  0.65(558),  0.51(542),  0.06(546),  0.04(588), 
Distant of points(mm) belongs the plane 5 (23 points): 
14.06(89), 11.95(87),  8.69(98),  7.91(96),  7.51(95),  7.34(91),  7.00(108),  6.73(102),  6.48(94),  6.43(90),  6.28(107),  4.44(99),  3.97(100),  3.83(109),  3.63(93),  2.46(106),  1.86(104),  1.79(92),  1.67(97),  1.07(105),  0.87(110),  0.80(103),  0.66(101), 
Distant of points(mm) belongs the plane 6 (83 points): 
22.00(186), 19.09(168), 16.26(117), 13.04(118), 12.49(185), 12.36(184), 11.82(172), 10.81(182),  9.78(133),  9.75(170),  9.01(144),  8.67(193),  8.65(161),  8.64(171),  8.56(143),  8.51(145),  8.43(147),  8.07(179),  7.63(153),  7.63(174),  7.51(192),  7.42(134),  7.31(129),  7.24(183),  7.04(142),  6.87(187),  6.83(154),  6.82(159),  6.60(166),  6.21(180),  6.06(175),  5.99(188),  5.73(160),  5.71(141),  5.32(169),  5.23(126),  4.83(112),  4.80(122),  4.29(115),  4.26(178),  4.17(131),  4.11(146),  4.07(113),  4.01(151),  3.87(114),  3.83(156),  3.72(177),  3.71(140),  3.59(194),  3.57(137),  3.34(173),  3.27(123),  3.17(157),  3.11(148),  3.00(130),  2.81(155),  2.62(136),  2.40(176),  2.19(190),  2.14(121),  2.10(119),  1.95(189),  1.83(128),  1.72(138),  1.66(152),  1.48(116),  1.13(132),  1.02(165),  1.00(111),  0.96(163),  0.89(191),  0.85(150),  0.77(124),  0.72(127),  0.71(149),  0.66(120),  0.64(181),  0.64(164),  0.51(125),  0.49(162),  0.44(139),  0.33(167),  0.24(135), 
Distant of points(mm) belongs the plane 7 (31 points): 
33.65(206), 33.11(217), 25.60(213), 17.35(201), 17.30(197), 17.24(205), 15.17(204), 15.10(216), 11.86(203), 11.54(198),  9.80(195),  9.41(209),  8.20(211),  7.94(218),  5.93(225),  5.28(223),  5.05(199),  4.85(208),  4.81(224),  3.95(207),  3.56(222),  3.27(196),  2.88(210),  2.83(200),  2.67(219),  2.67(220),  2.32(212),  1.42(214),  1.39(215),  0.85(221),  0.19(202), 
Distant of points(mm) belongs the plane 8 (30 points): 
20.84(238), 16.50(257), 13.42(262), 11.29(239), 10.57(235), 10.20(250),  6.86(252),  6.70(237),  6.30(251),  5.71(261),  5.17(226),  5.15(263),  4.53(241),  4.50(230),  4.23(227),  3.52(232),  3.36(229),  3.31(228),  2.94(264),  2.93(234),  2.47(253),  2.22(236),  2.18(231),  1.97(260),  1.46(258),  1.42(233),  1.40(254),  1.08(243),  1.06(248),  1.00(259), 
Distant of points(mm) belongs the plane 9 (29 points): 
17.74(283), 13.61(272), 10.04(267),  9.59(290),  8.90(285),  6.97(270),  6.30(287),  5.72(292),  5.36(265),  5.14(281),  4.99(294),  4.36(293),  3.44(271),  3.03(284),  2.99(274),  2.97(268),  2.83(277),  2.57(288),  2.50(266),  2.43(291),  2.40(269),  1.90(282),  1.86(279),  1.68(289),  0.93(278),  0.80(273),  0.63(286),  0.18(275),  0.02(280), 
