CHECKING DISTANT FROM POINTS TO AVERAGE PLANE TO REMOVE INCORRECT POINT. 

Distant of points(mm) belongs the plane 0 (50 points): 
18.77(338), 12.71(342), 11.20(373), 11.06(329), 10.44(368),  9.82(327),  9.43(339),  9.10(346),  8.20(343),  8.09(347),  7.59(374),  7.58(352),  7.36(360),  7.27(326),  7.05(355),  6.80(354),  6.78(331),  6.58(353),  6.20(341),  6.03(330),  5.89(350),  5.79(369),  5.41(357),  5.39(351),  5.16(325),  5.10(336),  4.97(337),  4.93(364),  4.80(328),  4.74(365),  4.05(371),  3.47(361),  3.31(348),  3.28(335),  3.12(358),  3.03(356),  2.81(370),  2.75(334),  2.59(345),  2.49(372),  2.05(349),  2.04(340),  1.90(367),  1.53(363),  0.83(333),  0.55(332),  0.48(344),  0.28(366),  0.11(362),  0.11(359), 
Distant of points(mm) belongs the plane 1 (16 points): 
14.69(295),  9.65(301),  9.41(309),  9.03(302),  8.65(297),  8.56(294),  6.59(308),  5.63(296),  5.45(305),  5.03(298),  4.58(300),  3.46(303),  3.45(299),  2.03(304),  2.02(307),  1.43(306), 
Distant of points(mm) belongs the plane 2 (15 points): 
 5.64(315),  4.51(322),  4.29(318),  3.96(321),  3.12(314),  2.27(316),  1.85(317),  1.55(310),  1.32(312),  1.29(324),  0.98(320),  0.87(323),  0.35(319),  0.27(313),  0.25(311), 
Distant of points(mm) belongs the plane 3 (4 points): 
 2.56(289),  1.52(287),  1.03(290),  0.00(288), 
Distant of points(mm) belongs the plane 4 (4 points): 
 0.75(290),  0.68(291),  0.13(292),  0.06(293), 
Distant of points(mm) belongs the plane 5 (21 points): 
 8.14(16),  6.31(18),  5.71(21),  5.64(14),  4.98(28),  4.58(17),  4.34(25),  3.88(24),  3.76(26),  3.73(29),  3.65(23),  3.13(19),  2.93(20),  2.67(27),  2.56(22),  2.15(11),  2.06(13),  1.90(15),  1.63(31),  0.95(30),  0.16(12), 
Distant of points(mm) belongs the plane 6 (39 points): 
21.74(153), 14.65(162), 13.04(164), 12.79(163), 12.64(152), 10.25(148),  9.78(166),  7.49(165),  7.09(154),  6.64(129),  6.60(158),  6.54(149),  6.18(133),  5.13(141),  5.12(157),  4.19(136),  4.03(156),  3.83(142),  3.39(128),  3.28(134),  2.75(131),  2.65(145),  2.55(159),  2.46(140),  2.40(150),  2.14(130),  2.10(135),  2.06(137),  2.06(155),  1.56(143),  1.55(144),  1.50(138),  1.35(147),  0.99(161),  0.83(167),  0.53(146),  0.26(139),  0.16(132),  0.06(160), 
Distant of points(mm) belongs the plane 7 (40 points): 
18.10(192), 15.56(205), 11.94(206), 11.43(197), 11.25(190), 10.52(191), 10.07(198),  9.84(204),  9.02(195),  8.85(203),  8.68(194),  8.50(196),  8.45(172),  8.41(193),  8.37(188),  8.15(189),  8.13(170),  7.50(176),  7.26(207),  7.11(187),  6.43(177),  6.29(169),  6.15(183),  5.38(199),  5.33(171),  5.25(168),  5.18(202),  4.61(200),  4.55(184),  4.37(186),  4.19(185),  4.06(201),  3.61(175),  3.04(173),  2.69(180),  2.64(178),  2.14(179),  1.72(174),  1.62(181),  0.61(182), 
Distant of points(mm) belongs the plane 8 (35 points): 
16.24(32), 15.58(41), 14.72(58), 14.67(62), 12.22(66), 11.00(38),  9.47(57),  8.83(35),  8.12(37),  7.87(40),  7.29(61),  6.55(36),  6.46(46),  6.06(63),  6.03(45),  5.48(47),  5.21(52),  5.18(33),  4.21(53),  3.68(55),  3.65(65),  3.50(56),  3.19(59),  3.03(42),  2.69(60),  2.50(49),  2.34(39),  2.08(43),  1.31(48),  1.23(34),  1.13(54),  1.09(64),  1.06(50),  0.43(51),  0.22(44), 
Distant of points(mm) belongs the plane 9 (50 points): 
16.37(80), 14.86(113), 13.61(72), 13.05(81), 12.43(77), 11.66(76), 11.54(102), 11.22(112), 10.89(67), 10.86(104), 10.83(103), 10.69(68), 10.64(117), 10.50(86), 10.45(83), 10.37(91), 10.28(101), 10.25(108),  8.94(97),  8.47(82),  8.37(73),  6.85(75),  6.82(114),  6.82(109),  6.37(94),  6.36(79),  6.17(116),  5.97(107),  5.94(95),  5.61(110),  5.26(84),  5.06(98),  4.86(78),  4.29(85),  4.13(99),  4.07(69),  4.01(90),  3.87(87),  3.83(96),  3.50(89),  3.48(106),  2.91(71),  2.78(100),  2.49(92),  1.43(74),  1.34(105),  0.96(70),  0.76(111),  0.63(115),  0.22(88), 
Distant of points(mm) belongs the plane 10 (10 points): 
 4.53(127),  3.96(125),  3.56(121),  3.28(120),  2.28(124),  1.48(123),  1.23(122),  0.96(118),  0.36(119),  0.03(126), 
Distant of points(mm) belongs the plane 11 (16 points): 
27.21(208), 25.63(212), 17.48(223), 14.82(210), 13.88(211), 13.88(221), 11.90(213),  8.40(218),  7.25(214),  5.15(209),  4.60(222),  4.14(215),  2.68(219),  2.00(216),  1.01(217),  0.33(220), 
Distant of points(mm) belongs the plane 12 (15 points): 
11.75(233), 10.75(225), 10.39(227),  8.21(237),  7.36(226),  7.10(229),  6.50(224),  4.46(231),  2.87(235),  2.71(230),  2.52(234),  2.40(238),  1.51(236),  0.26(232),  0.21(228), 
Distant of points(mm) belongs the plane 13 (10 points): 
10.89(243), 10.16(240),  8.06(241),  6.42(239),  5.66(246),  5.22(242),  5.01(247),  4.62(248),  2.37(245),  0.24(244), 
Distant of points(mm) belongs the plane 14 (10 points): 
17.86(250), 16.29(258), 13.87(253), 10.31(251),  8.57(256),  6.67(259),  4.54(254),  3.73(255),  3.56(249),  3.35(252), 
Distant of points(mm) belongs the plane 15 (4 points): 
 1.86(275),  1.65(274),  1.39(276),  1.18(273), 
Distant of points(mm) belongs the plane 16 (6 points): 
16.86(268), 14.42(267), 11.92(271),  9.38(272),  4.45(270),  0.54(269), 
Distant of points(mm) belongs the plane 17 (3 points): 
 0.00(12944664),  0.00(12944664),  0.00(12944664), 
Distant of points(mm) belongs the plane 18 (4 points): 
 3.68(262),  3.64(263),  2.78(260),  2.75(261), 
