Point ID     ,  Hz.(º ' "),  V.(º ' "),Slope Dist.(m),Refl.Ht.(m),Inst.Ht.(m),Easting(m),  Northing(m),  Height(m)
 7777            ,    0 00 03 ,   88 19 34,          0,      0.000,      1.400,            0,            0,          0
2	  ,  236 06 23 ,  119 35 54,      2.876,      0.000,      0.000,  -1.12830,	   2.20160,	   0.27610		, //old index 1
3	  ,  236 06 23 ,  119 35 54,      2.876,      0.000,      0.000,  -0.43560,	   2.20760,	   0.68240		, //old index 2
4	  ,  236 06 23 ,  119 35 54,      2.876,      0.000,      0.000,  -0.41850,	   2.22060,	   0.28220		, //old index 3
5	  ,  236 06 23 ,  119 35 54,      2.876,      0.000,      0.000,   0.36310,	   2.19100,	   3.43020		, //old index 4
6	  ,  236 06 23 ,  119 35 54,      2.876,      0.000,      0.000,   0.36510,	   2.20270,	   2.42240		, //old index 5
7	  ,  236 06 23 ,  119 35 54,      2.876,      0.000,      0.000,   0.36740,	   2.21670,	   1.27150		, //old index 6
8	  ,  236 06 23 ,  119 35 54,      2.876,      0.000,      0.000,   0.37080,	   2.23680,	   0.11760		, //old index 7
9	  ,  236 06 23 ,  119 35 54,      2.876,      0.000,      0.000,  -0.40470,	   2.22130,	   0.15940		, //old index 8
10	  ,  236 06 23 ,  119 35 54,      2.876,      0.000,      0.000,  -0.39830,	   2.18560,	   1.39610		, //old index 9
11	  ,  236 06 23 ,  119 35 54,      2.876,      0.000,      0.000,  -0.39630,	   2.17460,	   2.24750		, //old index 10
12	  ,  236 06 23 ,  119 35 54,      2.876,      0.000,      0.000,  -0.39550,	   2.16640,	   3.39990		, //old index 11
13	  ,  236 06 23 ,  119 35 54,      2.876,      0.000,      0.000,  -1.04900,	   2.15790,	   3.45110		, //old index 12
14	  ,  236 06 23 ,  119 35 54,      2.876,      0.000,      0.000,  -1.05220,	   2.16460,	   2.39620		, //old index 13
15	  ,  236 06 23 ,  119 35 54,      2.876,      0.000,      0.000,  -1.05650,	   2.17330,	   1.39800		, //old index 14
16	  ,  236 06 23 ,  119 35 54,      2.876,      0.000,      0.000,  -1.06910,	   2.19850,	   0.22020		, //old index 15
17	  ,  236 06 23 ,  119 35 54,      2.876,      0.000,      0.000,  -1.64080,	   2.16420,	   0.48080		, //old index 16
18	  ,  236 06 23 ,  119 35 54,      2.876,      0.000,      0.000,  -1.94770,	   2.12910,	   1.26790		, //old index 17
19	  ,  236 06 23 ,  119 35 54,      2.876,      0.000,      0.000,  -1.94340,	   2.12350,	   2.32630		, //old index 18
20	  ,  236 06 23 ,  119 35 54,      2.876,      0.000,      0.000,  -2.08390,	   2.11110,	   3.47410		, //old index 19
21	  ,  236 06 23 ,  119 35 54,      2.876,      0.000,      0.000,  -2.41770,	   2.11270,	   3.30950		, //old index 20
22	  ,  236 06 23 ,  119 35 54,      2.876,      0.000,      0.000,  -2.40630,	   2.10240,	   2.53860		, //old index 21
23	  ,  236 06 23 ,  119 35 54,      2.876,      0.000,      0.000,  -2.39560,	   2.09340,	   1.97660		, //old index 22
24	  ,  236 06 23 ,  119 35 54,      2.876,      0.000,      0.000,  -2.87680,	   2.08960,	   3.49480		, //old index 23
25	  ,  236 06 23 ,  119 35 54,      2.876,      0.000,      0.000,   0.64640,	   2.04280,	   3.27810		, //old index 24
26	  ,  236 06 23 ,  119 35 54,      2.876,      0.000,      0.000,   0.64450,	   2.03720,	   2.33260		, //old index 25
27	  ,  236 06 23 ,  119 35 54,      2.876,      0.000,      0.000,   0.64200,	   2.02910,	   1.58740		, //old index 26
28	  ,  236 06 23 ,  119 35 54,      2.876,      0.000,      0.000,   0.62210,	   2.05030,	   0.29270		, //old index 27
29	  ,  236 06 23 ,  119 35 54,      2.876,      0.000,      0.000,   0.68230,	   0.73990,	   3.26730		, //old index 28
30	  ,  236 06 23 ,  119 35 54,      2.876,      0.000,      0.000,   0.71210,	   0.77220,	   2.23480		, //old index 29
31	  ,  236 06 23 ,  119 35 54,      2.876,      0.000,      0.000,   0.66910,	   0.72560,	   1.15590		, //old index 30
32	  ,  236 06 23 ,  119 35 54,      2.876,      0.000,      0.000,   0.65470,	   0.75200,	   0.34770		, //old index 31
33	  ,  236 06 23 ,  119 35 54,      2.876,      0.000,      0.000,   0.70690,	  -0.37800,	   3.27870		, //old index 32
34	  ,  236 06 23 ,  119 35 54,      2.876,      0.000,      0.000,   0.69870,	  -0.37360,	   2.17600		, //old index 33
35	  ,  236 06 23 ,  119 35 54,      2.876,      0.000,      0.000,   0.66980,	  -0.35420,	   1.08230		, //old index 34
36	  ,  236 06 23 ,  119 35 54,      2.876,      0.000,      0.000,   0.67350,	  -0.35620,	   0.19850		, //old index 35
37	  ,  236 06 23 ,  119 35 54,      2.876,      0.000,      0.000,   0.69380,	  -1.13850,	   0.11540		, //old index 36
38	  ,  236 06 23 ,  119 35 54,      2.876,      0.000,      0.000,   0.71000,	  -1.12650,	   1.32030		, //old index 37
39	  ,  236 06 23 ,  119 35 54,      2.876,      0.000,      0.000,   0.71860,	  -1.14000,	   2.28290		, //old index 38
40	  ,  236 06 23 ,  119 35 54,      2.876,      0.000,      0.000,   0.72620,	  -1.09000,	   3.19280		, //old index 39
41	  ,  236 06 23 ,  119 35 54,      2.876,      0.000,      0.000,   0.37940,	  -2.69690,	   3.37370		, //old index 40
42	  ,  236 06 23 ,  119 35 54,      2.876,      0.000,      0.000,   0.37800,	  -2.68840,	   2.51050		, //old index 41
43	  ,  236 06 23 ,  119 35 54,      2.876,      0.000,      0.000,   0.37530,	  -2.66890,	   1.41180		, //old index 42
44	  ,  236 06 23 ,  119 35 54,      2.876,      0.000,      0.000,   0.37350,	  -2.65630,	   0.56020		, //old index 43
45	  ,  236 06 23 ,  119 35 54,      2.876,      0.000,      0.000,  -0.12230,	  -2.66650,	   1.12120		, //old index 44
46	  ,  236 06 23 ,  119 35 54,      2.876,      0.000,      0.000,  -0.12330,	  -2.68870,	   2.06480		, //old index 45
47	  ,  236 06 23 ,  119 35 54,      2.876,      0.000,      0.000,  -0.12360,	  -2.69510,	   2.89970		, //old index 46
48	  ,  236 06 23 ,  119 35 54,      2.876,      0.000,      0.000,  -0.12410,	  -2.70700,	   3.39440		, //old index 47
49	  ,  236 06 23 ,  119 35 54,      2.876,      0.000,      0.000,  -0.87920,	  -2.72620,	   3.37480		, //old index 48
50	  ,  236 06 23 ,  119 35 54,      2.876,      0.000,      0.000,  -0.87830,	  -2.72400,	   2.80960		, //old index 49
51	  ,  236 06 23 ,  119 35 54,      2.876,      0.000,      0.000,  -0.87450,	  -2.71180,	   2.25690		, //old index 50
52	  ,  236 06 23 ,  119 35 54,      2.876,      0.000,      0.000,  -1.20990,	  -2.73350,	   3.38420		, //old index 51
53	  ,  236 06 23 ,  119 35 54,      2.876,      0.000,      0.000,  -1.20910,	  -2.73120,	   2.83410		, //old index 52
54	  ,  236 06 23 ,  119 35 54,      2.876,      0.000,      0.000,  -1.97170,	  -1.18280,	   3.07200		, //old index 53
55	  ,  236 06 23 ,  119 35 54,      2.876,      0.000,      0.000,  -1.63700,	  -0.98200,	   2.40390		, //old index 54
56	  ,  236 06 23 ,  119 35 54,      2.876,      0.000,      0.000,  -1.36550,	  -1.03810,	   1.97390		, //old index 55
57	  ,  236 06 23 ,  119 35 54,      2.876,      0.000,      0.000,  -0.96960,	  -1.01870,	   1.25860		, //old index 56
58	  ,  236 06 23 ,  119 35 54,      2.876,      0.000,      0.000,  -0.69020,	  -1.07070,	   0.82820		, //old index 57
59	  ,  236 06 23 ,  119 35 54,      2.876,      0.000,      0.000,  -0.33590,	  -1.05550,	   0.30420		, //old index 58
60	  ,  236 06 23 ,  119 35 54,      2.876,      0.000,      0.000,  -2.22700,	  -0.45150,	   3.07990		, //old index 59
61	  ,  236 06 23 ,  119 35 54,      2.876,      0.000,      0.000,  -1.83640,	  -0.44880,	   2.39780		, //old index 60
62	  ,  236 06 23 ,  119 35 54,      2.876,      0.000,      0.000,  -1.58430,	  -0.38720,	   1.90890		, //old index 61
63	  ,  236 06 23 ,  119 35 54,      2.876,      0.000,      0.000,  -1.23500,	  -0.35760,	   1.24710		, //old index 62
64	  ,  236 06 23 ,  119 35 54,      2.876,      0.000,      0.000,  -0.98740,	  -0.34610,	   0.81310		, //old index 63
65	  ,  236 06 23 ,  119 35 54,      2.876,      0.000,      0.000,  -0.67620,	  -0.31910,	   0.32240		, //old index 64
66	  ,  236 06 23 ,  119 35 54,      2.876,      0.000,      0.000,  -1.06330,	   0.56550,	   0.35850		, //old index 65
67	  ,  236 06 23 ,  119 35 54,      2.876,      0.000,      0.000,  -1.34570,	   0.57450,	   0.79680		, //old index 66
68	  ,  236 06 23 ,  119 35 54,      2.876,      0.000,      0.000,  -1.61560,	   0.58500,	   1.26150		, //old index 67
69	  ,  236 06 23 ,  119 35 54,      2.876,      0.000,      0.000,  -1.88130,	   0.51020,	   1.83200		, //old index 68
70	  ,  236 06 23 ,  119 35 54,      2.876,      0.000,      0.000,  -2.20070,	   0.54710,	   2.44030		, //old index 69
71	  ,  236 06 23 ,  119 35 54,      2.876,      0.000,      0.000,  -2.51700,	   0.48840,	   3.12100		, //old index 70
72	  ,  236 06 23 ,  119 35 54,      2.876,      0.000,      0.000,  -2.70120,	   1.18150,	   3.13140		, //old index 71
73	  ,  236 06 23 ,  119 35 54,      2.876,      0.000,      0.000,  -2.42100,	   1.22320,	   2.45840		, //old index 72
74	  ,  236 06 23 ,  119 35 54,      2.876,      0.000,      0.000,  -2.12510,	   1.18570,	   1.83960		, //old index 73
75	  ,  236 06 23 ,  119 35 54,      2.876,      0.000,      0.000,  -1.85590,	   1.19750,	   1.29130		, //old index 74
76	  ,  236 06 23 ,  119 35 54,      2.876,      0.000,      0.000,  -1.59490,	   1.22950,	   0.77530		, //old index 75
77	  ,  236 06 23 ,  119 35 54,      2.876,      0.000,      0.000,  -1.37380,	   1.22910,	   0.41550		, //old index 76
78	  ,  236 06 23 ,  119 35 54,      2.876,      0.000,      0.000,  -1.63040,	   1.96270,	   0.39910		, //old index 77
79	  ,  236 06 23 ,  119 35 54,      2.876,      0.000,      0.000,  -1.83120,	   1.96930,	   0.73010		, //old index 78
80	  ,  236 06 23 ,  119 35 54,      2.876,      0.000,      0.000,  -2.12190,	   1.96180,	   1.29270		, //old index 79
81	  ,  236 06 23 ,  119 35 54,      2.876,      0.000,      0.000,  -2.36190,	   1.92940,	   1.84020		, //old index 80
82	  ,  236 06 23 ,  119 35 54,      2.876,      0.000,      0.000,  -2.60230,	   1.89910,	   2.44540		, //old index 81
83	  ,  236 06 23 ,  119 35 54,      2.876,      0.000,      0.000,  -2.86760,	   1.86080,	   3.17200		, //old index 82
84	  ,  236 06 23 ,  119 35 54,      2.876,      0.000,      0.000,  -2.76500,	   1.79500,	   3.58960		, //old index 83
85	  ,  236 06 23 ,  119 35 54,      2.876,      0.000,      0.000,  -1.30380,	   1.91300,	   3.58070		, //old index 84
86	  ,  236 06 23 ,  119 35 54,      2.876,      0.000,      0.000,  -0.30500,	   1.95890,	   3.56150		, //old index 85
87	  ,  236 06 23 ,  119 35 54,      2.876,      0.000,      0.000,   0.35600,	   1.88410,	   3.55170		, //old index 86
88	  ,  236 06 23 ,  119 35 54,      2.876,      0.000,      0.000,   0.35910,	   0.57450,	   3.54040		, //old index 87
89	  ,  236 06 23 ,  119 35 54,      2.876,      0.000,      0.000,  -0.60450,	   0.44510,	   3.54120		, //old index 88
90	  ,  236 06 23 ,  119 35 54,      2.876,      0.000,      0.000,  -1.31430,	   0.36600,	   3.54990		, //old index 89
91	  ,  236 06 23 ,  119 35 54,      2.876,      0.000,      0.000,  -2.58470,	   0.49610,	   3.56580		, //old index 90
92	  ,  236 06 23 ,  119 35 54,      2.876,      0.000,      0.000,  -2.03580,	  -0.98310,	   3.54680		, //old index 91
93	  ,  236 06 23 ,  119 35 54,      2.876,      0.000,      0.000,  -1.03750,	  -1.01080,	   3.53180		, //old index 92
94	  ,  236 06 23 ,  119 35 54,      2.876,      0.000,      0.000,  -0.24040,	  -1.03340,	   3.52750		, //old index 93
95	  ,  236 06 23 ,  119 35 54,      2.876,      0.000,      0.000,   0.32390,	  -1.00930,	   3.52560		, //old index 94
96	  ,  236 06 23 ,  119 35 54,      2.876,      0.000,      0.000,   0.45240,	  -2.36110,	   3.50980		, //old index 95
97	  ,  236 06 23 ,  119 35 54,      2.876,      0.000,      0.000,  -0.10370,	  -2.40990,	   3.51650		, //old index 96
98	  ,  236 06 23 ,  119 35 54,      2.876,      0.000,      0.000,  -0.82910,	  -2.44950,	   3.52190		, //old index 97
99	  ,  236 06 23 ,  119 35 54,      2.876,      0.000,      0.000,  -1.22890,	  -2.55210,	   3.52310		, //old index 98
100	  ,  236 06 23 ,  119 35 54,      2.876,      0.000,      0.000,   0.51280,	  -2.63680,	  -0.00460		, //old index 99
101	  ,  236 06 23 ,  119 35 54,      2.876,      0.000,      0.000,   0.35220,	  -2.13350,	   0.01320		, //old index 100
102	  ,  236 06 23 ,  119 35 54,      2.876,      0.000,      0.000,   0.09550,	  -1.54590,	   0.01920		, //old index 101
103	  ,  236 06 23 ,  119 35 54,      2.876,      0.000,      0.000,   0.53620,	  -1.13380,	   0.02790		, //old index 102
104	  ,  236 06 23 ,  119 35 54,      2.876,      0.000,      0.000,  -0.01680,	  -1.12530,	   0.02760		, //old index 103
105	  ,  236 06 23 ,  119 35 54,      2.876,      0.000,      0.000,   0.64830,	  -0.45300,	   0.03390		, //old index 104
106	  ,  236 06 23 ,  119 35 54,      2.876,      0.000,      0.000,  -0.66700,	   0.47810,	  -0.01960		, //old index 105
107	  ,  236 06 23 ,  119 35 54,      2.876,      0.000,      0.000,   0.44790,	   0.74170,	  -0.03360		, //old index 106
108	  ,  236 06 23 ,  119 35 54,      2.876,      0.000,      0.000,   0.52100,	   1.32520,	  -0.04360		, //old index 107
109	  ,  236 06 23 ,  119 35 54,      2.876,      0.000,      0.000,  -0.06710,	   1.31310,	  -0.04320		, //old index 108
110	  ,  236 06 23 ,  119 35 54,      2.876,      0.000,      0.000,  -0.88700,	   1.26160,	  -0.03980		, //old index 109
111	  ,  236 06 23 ,  119 35 54,      2.876,      0.000,      0.000,  -1.00060,	   1.91520,	  -0.02780		, //old index 110
112	  ,  236 06 23 ,  119 35 54,      2.876,      0.000,      0.000,  -0.30490,	   1.83690,	  -0.03000		, //old index 111
113	  ,  236 06 23 ,  119 35 54,      2.876,      0.000,      0.000,   0.42420,	   1.95990,	  -0.03170		, //old index 112
114	  ,  236 06 23 ,  119 35 54,      2.876,      0.000,      0.000,  -1.29490,	   1.48230,	   0.26140		, //old index 113
115	  ,  236 06 23 ,  119 35 54,      2.876,      0.000,      0.000,  -1.26680,	   1.45010,	   1.99890		, //old index 114
116	  ,  236 06 23 ,  119 35 54,      2.876,      0.000,      0.000,  -1.26550,	   1.44850,	   2.97670		, //old index 115
117	  ,  236 06 23 ,  119 35 54,      2.876,      0.000,      0.000,  -0.53500,	   1.46490,	   3.13110		, //old index 116
118	  ,  236 06 23 ,  119 35 54,      2.876,      0.000,      0.000,  -0.52390,	   1.43430,	   1.97430		, //old index 117
119	  ,  236 06 23 ,  119 35 54,      2.876,      0.000,      0.000,  -0.53030,	   1.45210,	   0.55880		, //old index 118
120	  ,  236 06 23 ,  119 35 54,      2.876,      0.000,      0.000,   0.08850,	   1.43200,	   0.62780		, //old index 119
121	  ,  236 06 23 ,  119 35 54,      2.876,      0.000,      0.000,   0.08730,	   1.41400,	   2.02690		, //old index 120
122	  ,  236 06 23 ,  119 35 54,      2.876,      0.000,      0.000,   0.08660,	   1.39880,	   2.89690		, //old index 121
123	  ,  236 06 23 ,  119 35 54,      2.876,      0.000,      0.000,   0.80090,	   1.39230,	   3.10740		, //old index 122
124	  ,  236 06 23 ,  119 35 54,      2.876,      0.000,      0.000,   0.80170,	   1.39360,	   1.96940		, //old index 123
125	  ,  236 06 23 ,  119 35 54,      2.876,      0.000,      0.000,   0.81870,	   1.42310,	   0.32750		, //old index 124
126	  ,  236 06 23 ,  119 35 54,      2.876,      0.000,      0.000,   1.47840,	   1.41000,	   0.24940		, //old index 125
127	  ,  236 06 23 ,  119 35 54,      2.876,      0.000,      0.000,   1.43800,	   1.37160,	   1.65850		, //old index 126
128	  ,  236 06 23 ,  119 35 54,      2.876,      0.000,      0.000,   1.45080,	   1.38380,	   2.98730		, //old index 127
129	  ,  236 06 23 ,  119 35 54,      2.876,      0.000,      0.000,   2.31080,	   1.34580,	   2.53990		, //old index 128
130	  ,  236 06 23 ,  119 35 54,      2.876,      0.000,      0.000,   2.14050,	   1.36760,	   1.58390		, //old index 129
131	  ,  236 06 23 ,  119 35 54,      2.876,      0.000,      0.000,   2.17470,	   1.38930,	   0.36630		, //old index 130
132	  ,  236 06 23 ,  119 35 54,      2.876,      0.000,      0.000,   2.39970,	   1.03490,	   0.25550		, //old index 131
133	  ,  236 06 23 ,  119 35 54,      2.876,      0.000,      0.000,   2.42510,	   1.04580,	   1.74930		, //old index 132
134	  ,  236 06 23 ,  119 35 54,      2.876,      0.000,      0.000,   2.44910,	   1.05620,	   2.84240		, //old index 133
135	  ,  236 06 23 ,  119 35 54,      2.876,      0.000,      0.000,   2.44340,	   0.29830,	   2.89750		, //old index 134
136	  ,  236 06 23 ,  119 35 54,      2.876,      0.000,      0.000,   2.39690,	   0.29290,	   1.83580		, //old index 135
137	  ,  236 06 23 ,  119 35 54,      2.876,      0.000,      0.000,   2.38380,	   0.29110,	   0.63230		, //old index 136
138	  ,  236 06 23 ,  119 35 54,      2.876,      0.000,      0.000,   2.37100,	  -0.32970,	   0.42720		, //old index 137
139	  ,  236 06 23 ,  119 35 54,      2.876,      0.000,      0.000,   2.36920,	  -0.32940,	   1.82430		, //old index 138
140	  ,  236 06 23 ,  119 35 54,      2.876,      0.000,      0.000,   2.39220,	  -0.33250,	   2.87690		, //old index 139
141	  ,  236 06 23 ,  119 35 54,      2.876,      0.000,      0.000,   2.38100,	  -1.10880,	   2.99720		, //old index 140
142	  ,  236 06 23 ,  119 35 54,      2.876,      0.000,      0.000,   2.36240,	  -1.10010,	   1.66450		, //old index 141
143	  ,  236 06 23 ,  119 35 54,      2.876,      0.000,      0.000,   2.35480,	  -1.09660,	   0.40290		, //old index 142
144	  ,  236 06 23 ,  119 35 54,      2.876,      0.000,      0.000,   2.04400,	  -1.40210,	   0.31060		, //old index 143
145	  ,  236 06 23 ,  119 35 54,      2.876,      0.000,      0.000,   2.04760,	  -1.40440,	   1.45650		, //old index 144
146	  ,  236 06 23 ,  119 35 54,      2.876,      0.000,      0.000,   2.08510,	  -1.43060,	   2.39110		, //old index 145
147	  ,  236 06 23 ,  119 35 54,      2.876,      0.000,      0.000,   1.13890,	  -1.42830,	   3.19800		, //old index 146
148	  ,  236 06 23 ,  119 35 54,      2.876,      0.000,      0.000,   1.11670,	  -1.40050,	   1.79430		, //old index 147
149	  ,  236 06 23 ,  119 35 54,      2.876,      0.000,      0.000,   1.08000,	  -1.35460,	   0.43740		, //old index 148
150	  ,  236 06 23 ,  119 35 54,      2.876,      0.000,      0.000,   0.13140,	  -1.34750,	   0.36940		, //old index 149
151	  ,  236 06 23 ,  119 35 54,      2.876,      0.000,      0.000,   0.13520,	  -1.38590,	   1.66130		, //old index 150
152	  ,  236 06 23 ,  119 35 54,      2.876,      0.000,      0.000,   0.13600,	  -1.39490,	   2.81410		, //old index 151
153	  ,  236 06 23 ,  119 35 54,      2.876,      0.000,      0.000,  -0.69980,	  -1.39040,	   2.91830		, //old index 152
154	  ,  236 06 23 ,  119 35 54,      2.876,      0.000,      0.000,  -0.68630,	  -1.36350,	   1.77500		, //old index 153
155	  ,  236 06 23 ,  119 35 54,      2.876,      0.000,      0.000,  -0.66920,	  -1.32940,	   0.56940		, //old index 154
156	  ,  236 06 23 ,  119 35 54,      2.876,      0.000,      0.000,  -1.30670,	  -1.30230,	   0.50150		, //old index 155
157	  ,  236 06 23 ,  119 35 54,      2.876,      0.000,      0.000,  -1.33160,	  -1.32720,	   1.79370		, //old index 156
158	  ,  236 06 23 ,  119 35 54,      2.876,      0.000,      0.000,  -1.35050,	  -1.34610,	   2.96820		, //old index 157
159	  ,  236 06 23 ,  119 35 54,      2.876,      0.000,      0.000,  -1.70890,	  -1.02780,	   3.15890		, //old index 158
160	  ,  236 06 23 ,  119 35 54,      2.876,      0.000,      0.000,  -1.69550,	  -1.01970,	   2.25640		, //old index 159
161	  ,  236 06 23 ,  119 35 54,      2.876,      0.000,      0.000,  -1.67890,	  -1.00960,	   1.60880		, //old index 160
162	  ,  236 06 23 ,  119 35 54,      2.876,      0.000,      0.000,  -1.64260,	  -0.98790,	   0.79060		, //old index 161
163	  ,  236 06 23 ,  119 35 54,      2.876,      0.000,      0.000,  -1.58420,	  -0.95210,	   0.25500		, //old index 162
164	  ,  236 06 23 ,  119 35 54,      2.876,      0.000,      0.000,  -1.68600,	  -0.24060,	   3.02130		, //old index 163
165	  ,  236 06 23 ,  119 35 54,      2.876,      0.000,      0.000,  -1.67810,	  -0.23940,	   2.20180		, //old index 164
166	  ,  236 06 23 ,  119 35 54,      2.876,      0.000,      0.000,  -1.67410,	  -0.23880,	   1.59540		, //old index 165
167	  ,  236 06 23 ,  119 35 54,      2.876,      0.000,      0.000,  -1.65360,	  -0.23590,	   0.88450		, //old index 166
168	  ,  236 06 23 ,  119 35 54,      2.876,      0.000,      0.000,  -1.61320,	  -0.23010,	   0.31800		, //old index 167
169	  ,  236 06 23 ,  119 35 54,      2.876,      0.000,      0.000,  -1.69820,	   0.46950,	   2.94620		, //old index 168
170	  ,  236 06 23 ,  119 35 54,      2.876,      0.000,      0.000,  -1.66170,	   0.45940,	   2.17580		, //old index 169
171	  ,  236 06 23 ,  119 35 54,      2.876,      0.000,      0.000,  -1.66300,	   0.45990,	   1.62480		, //old index 170
172	  ,  236 06 23 ,  119 35 54,      2.876,      0.000,      0.000,  -1.64610,	   0.45520,	   0.81690		, //old index 171
173	  ,  236 06 23 ,  119 35 54,      2.876,      0.000,      0.000,  -1.61380,	   0.44650,	   0.27630		, //old index 172
174	  ,  236 06 23 ,  119 35 54,      2.876,      0.000,      0.000,  -1.61400,	   1.16690,	   0.35480		, //old index 173
175	  ,  236 06 23 ,  119 35 54,      2.876,      0.000,      0.000,  -1.63200,	   1.18000,	   0.88620		, //old index 174
176	  ,  236 06 23 ,  119 35 54,      2.876,      0.000,      0.000,  -1.63930,	   1.18510,	   1.65470		, //old index 175
177	  ,  236 06 23 ,  119 35 54,      2.876,      0.000,      0.000,  -1.64130,	   1.18650,	   2.33430		, //old index 176
178	  ,  236 06 23 ,  119 35 54,      2.876,      0.000,      0.000,  -1.64220,	   1.18720,	   3.03660		, //old index 177
179	  ,  236 06 23 ,  119 35 54,      2.876,      0.000,      0.000,  -1.35950,	   1.18150,	   3.36760		, //old index 178
180	  ,  236 06 23 ,  119 35 54,      2.876,      0.000,      0.000,  -1.37180,	  -0.22340,	   3.35140		, //old index 179
181	  ,  236 06 23 ,  119 35 54,      2.876,      0.000,      0.000,  -1.36790,	  -1.24910,	   3.33720		, //old index 180
182	  ,  236 06 23 ,  119 35 54,      2.876,      0.000,      0.000,  -0.58780,	  -1.28080,	   3.35250		, //old index 181
183	  ,  236 06 23 ,  119 35 54,      2.876,      0.000,      0.000,  -0.52120,	  -0.36870,	   3.36630		, //old index 182
184	  ,  236 06 23 ,  119 35 54,      2.876,      0.000,      0.000,  -0.50440,	   1.25500,	   3.38780		, //old index 183
185	  ,  236 06 23 ,  119 35 54,      2.876,      0.000,      0.000,   0.62620,	   1.21950,	   3.41470		, //old index 184
186	  ,  236 06 23 ,  119 35 54,      2.876,      0.000,      0.000,   0.61200,	  -0.08280,	   3.39210		, //old index 185
187	  ,  236 06 23 ,  119 35 54,      2.876,      0.000,      0.000,   0.67480,	  -1.28530,	   3.38260		, //old index 186
188	  ,  236 06 23 ,  119 35 54,      2.876,      0.000,      0.000,   1.52660,	  -1.31990,	   3.39820		, //old index 187
189	  ,  236 06 23 ,  119 35 54,      2.876,      0.000,      0.000,   1.57570,	  -0.20400,	   3.41330		, //old index 188
190	  ,  236 06 23 ,  119 35 54,      2.876,      0.000,      0.000,   1.60780,	   1.16820,	   3.43250		, //old index 189
191	  ,  236 06 23 ,  119 35 54,      2.876,      0.000,      0.000,   2.18960,	   1.16680,	   0.04370		, //old index 190
192	  ,  236 06 23 ,  119 35 54,      2.876,      0.000,      0.000,   2.28050,	   0.22750,	   0.03030		, //old index 191
193	  ,  236 06 23 ,  119 35 54,      2.876,      0.000,      0.000,   2.24110,	  -0.51470,	   0.02530		, //old index 192
194	  ,  236 06 23 ,  119 35 54,      2.876,      0.000,      0.000,   2.10320,	  -1.20310,	   0.01890		, //old index 193
195	  ,  236 06 23 ,  119 35 54,      2.876,      0.000,      0.000,   1.28390,	  -1.09020,	   0.02130		, //old index 194
196	  ,  236 06 23 ,  119 35 54,      2.876,      0.000,      0.000,   1.24720,	  -0.30930,	   0.01800		, //old index 195
197	  ,  236 06 23 ,  119 35 54,      2.876,      0.000,      0.000,   1.19260,	   0.50370,	   0.02700		, //old index 196
198	  ,  236 06 23 ,  119 35 54,      2.876,      0.000,      0.000,   1.29310,	   1.19070,	   0.04440		, //old index 197
199	  ,  236 06 23 ,  119 35 54,      2.876,      0.000,      0.000,   0.54810,	   1.25160,	   0.05000		, //old index 198
200	  ,  236 06 23 ,  119 35 54,      2.876,      0.000,      0.000,   0.79310,	   0.03300,	   0.02390		, //old index 199
201	  ,  236 06 23 ,  119 35 54,      2.876,      0.000,      0.000,   0.77930,	  -1.18450,	   0.02650		, //old index 200
202	  ,  236 06 23 ,  119 35 54,      2.876,      0.000,      0.000,  -0.03330,	  -1.23590,	   0.03210		, //old index 201
203	  ,  236 06 23 ,  119 35 54,      2.876,      0.000,      0.000,  -0.37950,	  -0.68200,	   0.02760		, //old index 202
204	  ,  236 06 23 ,  119 35 54,      2.876,      0.000,      0.000,  -0.19660,	   0.74910,	   0.03900		, //old index 203
205	  ,  236 06 23 ,  119 35 54,      2.876,      0.000,      0.000,  -0.18170,	   1.32360,	   0.05810		, //old index 204
206	  ,  236 06 23 ,  119 35 54,      2.876,      0.000,      0.000,  -1.34340,	   1.29670,	   0.07190		, //old index 205
207	  ,  236 06 23 ,  119 35 54,      2.876,      0.000,      0.000,  -1.31820,	   0.55750,	   0.05560		, //old index 206
208	  ,  236 06 23 ,  119 35 54,      2.876,      0.000,      0.000,  -1.40380,	  -0.20360,	   0.04960		, //old index 207
209	  ,  236 06 23 ,  119 35 54,      2.876,      0.000,      0.000,  -1.21650,	  -0.86130,	   0.04190		, //old index 208
210	  ,  236 06 23 ,  119 35 54,      2.876,      0.000,      0.000,  -1.28860,	  -1.06020,	   0.05120		, //old index 209
211	  ,  236 06 23 ,  119 35 54,      2.876,      0.000,      0.000,  -1.36020,	  -1.07630,	   0.44500		, //old index 210
212	  ,  236 06 23 ,  119 35 54,      2.876,      0.000,      0.000,  -1.41220,	  -1.08310,	   0.72690		, //old index 211
213	  ,  236 06 23 ,  119 35 54,      2.876,      0.000,      0.000,  -1.44930,	  -1.08940,	   1.30880		, //old index 212
214	  ,  236 06 23 ,  119 35 54,      2.876,      0.000,      0.000,  -1.48680,	  -1.09580,	   1.95510		, //old index 213
215	  ,  236 06 23 ,  119 35 54,      2.876,      0.000,      0.000,  -1.53200,	  -1.10970,	   2.64710		, //old index 214
216	  ,  236 06 23 ,  119 35 54,      2.876,      0.000,      0.000,  -1.57770,	  -1.11800,	   3.29820		, //old index 215
217	  ,  236 06 23 ,  119 35 54,      2.876,      0.000,      0.000,   2.37480,	  -0.36140,	  -0.32040		, //old index 216
218	  ,  236 06 23 ,  119 35 54,      2.876,      0.000,      0.000,   2.37020,	  -0.29390,	  -0.51000		, //old index 217
219	  ,  236 06 23 ,  119 35 54,      2.876,      0.000,      0.000,   2.36320,	  -0.53490,	  -0.51830		, //old index 218
220	  ,  236 06 23 ,  119 35 54,      2.876,      0.000,      0.000,   0.00000,	   0.00000,	   0.00000		, //old index 0
221	  ,  236 06 23 ,  119 35 54,      2.876,      0.000,      0.000,   0.00000,	   1.30090,	   1.47170		, //old index 219
222	  ,  236 06 23 ,  119 35 54,      2.876,      0.000,      0.000,   1.42420,	  -0.49630,	   3.96630		, //old index 220
223	  ,  236 06 23 ,  119 35 54,      2.876,      0.000,      0.000,   1.42240,	  -0.43340,	   3.77650		, //old index 221
224	  ,  236 06 23 ,  119 35 54,      2.876,      0.000,      0.000,   1.41300,	  -0.67470,	   3.77360		, //old index 222
225	  ,  236 06 23 ,  119 35 54,      2.876,      0.000,      0.000,  -2.37370,	   1.39230,	   4.13440		, //old index 223
226	  ,  236 06 23 ,  119 35 54,      2.876,      0.000,      0.000,  -2.34040,	   1.37310,	   3.45150		, //old index 224
227	  ,  236 06 23 ,  119 35 54,      2.876,      0.000,      0.000,  -2.12660,	   1.34790,	   2.19810		, //old index 225
228	  ,  236 06 23 ,  119 35 54,      2.876,      0.000,      0.000,  -1.66070,	   1.36800,	   4.07800		, //old index 226
229	  ,  236 06 23 ,  119 35 54,      2.876,      0.000,      0.000,  -1.64350,	   1.35380,	   3.24680		, //old index 227
230	  ,  236 06 23 ,  119 35 54,      2.876,      0.000,      0.000,  -1.62050,	   1.33480,	   1.92830		, //old index 228
231	  ,  236 06 23 ,  119 35 54,      2.876,      0.000,      0.000,  -1.62870,	   1.34170,	   0.79900		, //old index 229
232	  ,  236 06 23 ,  119 35 54,      2.876,      0.000,      0.000,  -0.87890,	   1.31550,	   0.60660		, //old index 230
233	  ,  236 06 23 ,  119 35 54,      2.876,      0.000,      0.000,  -0.88610,	   1.32610,	   1.84450		, //old index 231
234	  ,  236 06 23 ,  119 35 54,      2.876,      0.000,      0.000,  -0.89400,	   1.33790,	   3.32430		, //old index 232
235	  ,  236 06 23 ,  119 35 54,      2.876,      0.000,      0.000,  -0.89950,	   1.34610,	   4.04500		, //old index 233
236	  ,  236 06 23 ,  119 35 54,      2.876,      0.000,      0.000,  -0.22850,	   1.32590,	   4.07080		, //old index 234
237	  ,  236 06 23 ,  119 35 54,      2.876,      0.000,      0.000,  -0.22560,	   1.30880,	   3.24180		, //old index 235
238	  ,  236 06 23 ,  119 35 54,      2.876,      0.000,      0.000,  -0.22540,	   1.30770,	   1.80560		, //old index 236
239	  ,  236 06 23 ,  119 35 54,      2.876,      0.000,      0.000,  -0.22310,	   1.29490,	   0.46590		, //old index 237
240	  ,  236 06 23 ,  119 35 54,      2.876,      0.000,      0.000,   0.47420,	   1.27040,	   0.41220		, //old index 238
241	  ,  236 06 23 ,  119 35 54,      2.876,      0.000,      0.000,   0.48100,	   1.28900,	   1.84420		, //old index 239
242	  ,  236 06 23 ,  119 35 54,      2.876,      0.000,      0.000,   0.48220,	   1.29210,	   3.37140		, //old index 240
243	  ,  236 06 23 ,  119 35 54,      2.876,      0.000,      0.000,   0.48480,	   1.29920,	   4.06150		, //old index 241
244	  ,  236 06 23 ,  119 35 54,      2.876,      0.000,      0.000,   1.21480,	   1.27060,	   4.05790		, //old index 242
245	  ,  236 06 23 ,  119 35 54,      2.876,      0.000,      0.000,   1.29770,	   1.24760,	   2.40430		, //old index 243
246	  ,  236 06 23 ,  119 35 54,      2.876,      0.000,      0.000,   1.29330,	   1.24340,	   1.48360		, //old index 244
247	  ,  236 06 23 ,  119 35 54,      2.876,      0.000,      0.000,   1.28470,	   1.23500,	   0.28640		, //old index 245
248	  ,  236 06 23 ,  119 35 54,      2.876,      0.000,      0.000,   1.46040,	   1.01130,	   0.22710		, //old index 246
249	  ,  236 06 23 ,  119 35 54,      2.876,      0.000,      0.000,   1.45420,	   1.00710,	   1.72130		, //old index 247
250	  ,  236 06 23 ,  119 35 54,      2.876,      0.000,      0.000,   1.46840,	   1.01700,	   3.70700		, //old index 248
251	  ,  236 06 23 ,  119 35 54,      2.876,      0.000,      0.000,   1.47140,	   1.01910,	   4.15030		, //old index 249
252	  ,  236 06 23 ,  119 35 54,      2.876,      0.000,      0.000,   1.45030,	   0.13890,	   4.07420		, //old index 250
253	  ,  236 06 23 ,  119 35 54,      2.876,      0.000,      0.000,   1.42690,	  -0.46290,	   4.11040		, //old index 251
254	  ,  236 06 23 ,  119 35 54,      2.876,      0.000,      0.000,   1.41640,	  -0.45950,	   3.34640		, //old index 252
255	  ,  236 06 23 ,  119 35 54,      2.876,      0.000,      0.000,   1.39810,	  -0.45360,	   2.07980		, //old index 253
256	  ,  236 06 23 ,  119 35 54,      2.876,      0.000,      0.000,   1.39120,	  -0.45140,	   0.53080		, //old index 254
257	  ,  236 06 23 ,  119 35 54,      2.876,      0.000,      0.000,   1.36740,	  -1.17320,	   0.31690		, //old index 255
258	  ,  236 06 23 ,  119 35 54,      2.876,      0.000,      0.000,   1.36640,	  -1.17220,	   2.03140		, //old index 256
259	  ,  236 06 23 ,  119 35 54,      2.876,      0.000,      0.000,   1.38790,	  -1.19060,	   3.27020		, //old index 257
260	  ,  236 06 23 ,  119 35 54,      2.876,      0.000,      0.000,   1.39080,	  -1.19310,	   3.99340		, //old index 258
261	  ,  236 06 23 ,  119 35 54,      2.876,      0.000,      0.000,   1.10010,	  -1.52340,	   4.05770		, //old index 259
262	  ,  236 06 23 ,  119 35 54,      2.876,      0.000,      0.000,   1.10820,	  -1.53460,	   3.17070		, //old index 260
263	  ,  236 06 23 ,  119 35 54,      2.876,      0.000,      0.000,   1.11230,	  -1.54040,	   1.72060		, //old index 261
264	  ,  236 06 23 ,  119 35 54,      2.876,      0.000,      0.000,   1.11670,	  -1.54650,	   0.28880		, //old index 262
265	  ,  236 06 23 ,  119 35 54,      2.876,      0.000,      0.000,   0.29000,	  -1.50930,	   0.24120		, //old index 263
266	  ,  236 06 23 ,  119 35 54,      2.876,      0.000,      0.000,   0.29250,	  -1.52170,	   1.42470		, //old index 264
267	  ,  236 06 23 ,  119 35 54,      2.876,      0.000,      0.000,   0.29070,	  -1.51230,	   2.49580		, //old index 265
268	  ,  236 06 23 ,  119 35 54,      2.876,      0.000,      0.000,   0.28790,	  -1.49760,	   3.88620		, //old index 266
269	  ,  236 06 23 ,  119 35 54,      2.876,      0.000,      0.000,  -0.67500,	  -1.44540,	   3.99710		, //old index 267
270	  ,  236 06 23 ,  119 35 54,      2.876,      0.000,      0.000,  -0.67950,	  -1.45510,	   2.83590		, //old index 268
271	  ,  236 06 23 ,  119 35 54,      2.876,      0.000,      0.000,  -0.68700,	  -1.47100,	   1.38820		, //old index 269
272	  ,  236 06 23 ,  119 35 54,      2.876,      0.000,      0.000,  -0.68700,	  -1.47090,	   0.32320		, //old index 270
273	  ,  236 06 23 ,  119 35 54,      2.876,      0.000,      0.000,  -1.32770,	  -1.47520,	   1.33170		, //old index 271
274	  ,  236 06 23 ,  119 35 54,      2.876,      0.000,      0.000,  -1.31500,	  -1.46120,	   2.29740		, //old index 272
275	  ,  236 06 23 ,  119 35 54,      2.876,      0.000,      0.000,  -1.30340,	  -1.44830,	   3.19870		, //old index 273
276	  ,  236 06 23 ,  119 35 54,      2.876,      0.000,      0.000,  -1.29630,	  -1.44040,	   4.09430		, //old index 274
277	  ,  236 06 23 ,  119 35 54,      2.876,      0.000,      0.000,  -1.95030,	  -1.40930,	   4.08430		, //old index 275
278	  ,  236 06 23 ,  119 35 54,      2.876,      0.000,      0.000,  -2.26600,	  -1.39420,	   4.05380		, //old index 276
279	  ,  236 06 23 ,  119 35 54,      2.876,      0.000,      0.000,  -2.00110,	  -1.42640,	   3.24220		, //old index 277
280	  ,  236 06 23 ,  119 35 54,      2.876,      0.000,      0.000,  -1.73700,	  -1.45900,	   2.31370		, //old index 278
281	  ,  236 06 23 ,  119 35 54,      2.876,      0.000,      0.000,  -2.39470,	  -1.08600,	   3.77400		, //old index 279
282	  ,  236 06 23 ,  119 35 54,      2.876,      0.000,      0.000,  -2.02170,	  -1.04590,	   2.49590		, //old index 280
283	  ,  236 06 23 ,  119 35 54,      2.876,      0.000,      0.000,  -1.64110,	  -1.07530,	   1.53350		, //old index 281
284	  ,  236 06 23 ,  119 35 54,      2.876,      0.000,      0.000,  -1.14470,	  -1.08930,	   0.56700		, //old index 282
285	  ,  236 06 23 ,  119 35 54,      2.876,      0.000,      0.000,  -1.34830,	  -0.40320,	   0.58870		, //old index 283
286	  ,  236 06 23 ,  119 35 54,      2.876,      0.000,      0.000,  -1.79730,	  -0.34180,	   1.49880		, //old index 284
287	  ,  236 06 23 ,  119 35 54,      2.876,      0.000,      0.000,  -2.12200,	  -0.32080,	   2.40640		, //old index 285
288	  ,  236 06 23 ,  119 35 54,      2.876,      0.000,      0.000,  -2.47050,	  -0.29570,	   3.86520		, //old index 286
289	  ,  236 06 23 ,  119 35 54,      2.876,      0.000,      0.000,  -2.49640,	   0.46230,	   3.87790		, //old index 287
290	  ,  236 06 23 ,  119 35 54,      2.876,      0.000,      0.000,  -2.22110,	   0.38900,	   2.43880		, //old index 288
291	  ,  236 06 23 ,  119 35 54,      2.876,      0.000,      0.000,  -1.88670,	   0.33050,	   1.40710		, //old index 289
292	  ,  236 06 23 ,  119 35 54,      2.876,      0.000,      0.000,  -1.49920,	   0.32460,	   0.55940		, //old index 290
293	  ,  236 06 23 ,  119 35 54,      2.876,      0.000,      0.000,  -1.66480,	   1.02520,	   0.61290		, //old index 291
294	  ,  236 06 23 ,  119 35 54,      2.876,      0.000,      0.000,  -2.00550,	   1.02140,	   1.45890		, //old index 292
295	  ,  236 06 23 ,  119 35 54,      2.876,      0.000,      0.000,  -2.26990,	   1.09500,	   2.35300		, //old index 293
296	  ,  236 06 23 ,  119 35 54,      2.876,      0.000,      0.000,  -2.49270,	   1.12150,	   3.79610		, //old index 294
297	  ,  236 06 23 ,  119 35 54,      2.876,      0.000,      0.000,  -2.33430,	   1.05020,	   4.29210		, //old index 295
298	  ,  236 06 23 ,  119 35 54,      2.876,      0.000,      0.000,  -1.03950,	   1.05100,	   4.27910		, //old index 296
299	  ,  236 06 23 ,  119 35 54,      2.876,      0.000,      0.000,  -0.05330,	   1.07030,	   4.28460		, //old index 297
300	  ,  236 06 23 ,  119 35 54,      2.876,      0.000,      0.000,   1.00220,	   0.97280,	   4.28900		, //old index 298
301	  ,  236 06 23 ,  119 35 54,      2.876,      0.000,      0.000,   1.26910,	  -0.22950,	   4.30010		, //old index 299
302	  ,  236 06 23 ,  119 35 54,      2.876,      0.000,      0.000,   0.31070,	  -0.20820,	   4.28840		, //old index 300
303	  ,  236 06 23 ,  119 35 54,      2.876,      0.000,      0.000,  -0.97540,	  -0.25370,	   4.27890		, //old index 301
304	  ,  236 06 23 ,  119 35 54,      2.876,      0.000,      0.000,  -2.17810,	  -0.28880,	   4.29030		, //old index 302
305	  ,  236 06 23 ,  119 35 54,      2.876,      0.000,      0.000,  -2.06580,	  -1.00950,	   4.29860		, //old index 303
306	  ,  236 06 23 ,  119 35 54,      2.876,      0.000,      0.000,  -1.09900,	  -1.13450,	   4.29640		, //old index 304
307	  ,  236 06 23 ,  119 35 54,      2.876,      0.000,      0.000,   0.04140,	  -1.19940,	   4.30220		, //old index 305
308	  ,  236 06 23 ,  119 35 54,      2.876,      0.000,      0.000,   0.94830,	  -1.17640,	   4.30520		, //old index 306
309	  ,  236 06 23 ,  119 35 54,      2.876,      0.000,      0.000,   1.05780,	  -1.20130,	   0.01710		, //old index 307
310	  ,  236 06 23 ,  119 35 54,      2.876,      0.000,      0.000,   0.50330,	  -1.17650,	   0.01620		, //old index 308
311	  ,  236 06 23 ,  119 35 54,      2.876,      0.000,      0.000,  -0.10560,	  -1.15790,	   0.02000		, //old index 309
312	  ,  236 06 23 ,  119 35 54,      2.876,      0.000,      0.000,  -0.48230,	  -1.14920,	   0.02220		, //old index 310
313	  ,  236 06 23 ,  119 35 54,      2.876,      0.000,      0.000,  -0.65460,	  -0.46930,	   0.01340		, //old index 311
314	  ,  236 06 23 ,  119 35 54,      2.876,      0.000,      0.000,   0.20020,	  -0.75140,	   0.01330		, //old index 312
315	  ,  236 06 23 ,  119 35 54,      2.876,      0.000,      0.000,   0.75190,	  -0.50240,	   0.01320		, //old index 313
316	  ,  236 06 23 ,  119 35 54,      2.876,      0.000,      0.000,   1.27290,	  -0.52360,	   0.01020		, //old index 314
317	  ,  236 06 23 ,  119 35 54,      2.876,      0.000,      0.000,   1.15870,	   0.23180,	   0.00800		, //old index 315
318	  ,  236 06 23 ,  119 35 54,      2.876,      0.000,      0.000,   0.63270,	   0.44750,	   0.00540		, //old index 316
319	  ,  236 06 23 ,  119 35 54,      2.876,      0.000,      0.000,  -0.38720,	   0.67060,	   0.00650		, //old index 317
320	  ,  236 06 23 ,  119 35 54,      2.876,      0.000,      0.000,  -0.84120,	   0.40230,	   0.00790		, //old index 318
321	  ,  236 06 23 ,  119 35 54,      2.876,      0.000,      0.000,  -1.06970,	   1.05740,	   0.00290		, //old index 319
322	  ,  236 06 23 ,  119 35 54,      2.876,      0.000,      0.000,  -0.31700,	   1.04520,	   0.00340		, //old index 320
323	  ,  236 06 23 ,  119 35 54,      2.876,      0.000,      0.000,   0.52710,	   0.95850,	   0.00140		, //old index 321
324	  ,  236 06 23 ,  119 35 54,      2.876,      0.000,      0.000,   1.13600,	   0.87650,	   0.00220		, //old index 322
325	  ,  236 06 23 ,  119 35 54,      2.876,      0.000,      0.000,  -0.77150,	  -1.02500,	   0.06170		, //old index 323
326	  ,  236 06 23 ,  119 35 54,      2.876,      0.000,      0.000,  -1.04570,	  -1.03910,	   0.62990		, //old index 324
327	  ,  236 06 23 ,  119 35 54,      2.876,      0.000,      0.000,  -1.38270,	  -1.06870,	   1.40950		, //old index 325
328	  ,  236 06 23 ,  119 35 54,      2.876,      0.000,      0.000,  -1.87640,	  -1.10170,	   2.51120		, //old index 326
329	  ,  236 06 23 ,  119 35 54,      2.876,      0.000,      0.000,  -2.06400,	  -1.12470,	   3.36530		, //old index 327
330	  ,  236 06 23 ,  119 35 54,      2.876,      0.000,      0.000,  -2.24190,	  -1.14940,	   4.30020		, //old index 328
331	  ,  236 06 23 ,  119 35 54,      2.876,      0.000,      0.000,  -0.37490,	  -1.49170,	   0.30880		, //old index 329
332	  ,  236 06 23 ,  119 35 54,      2.876,      0.000,      0.000,   0.31320,	  -1.52180,	   0.72020		, //old index 330
333	  ,  236 06 23 ,  119 35 54,      2.876,      0.000,      0.000,   0.33300,	  -1.51880,	   0.32000		, //old index 331
334	  ,  236 06 23 ,  119 35 54,      2.876,      0.000,      0.000,   1.14260,	  -0.44910,	   2.51840		, //old index 332
335	  ,  236 06 23 ,  119 35 54,      2.876,      0.000,      0.000,   0.33560,	  -1.52220,	   1.33430		, //old index 333
336	  ,  236 06 23 ,  119 35 54,      2.876,      0.000,      0.000,  -2.07783,	   2.06353,	   4.56447		, //old index 1
337	  ,  236 06 23 ,  119 35 54,      2.876,      0.000,      0.000,  -1.38513,	   2.06953,	   4.97077		, //old index 2
338	  ,  236 06 23 ,  119 35 54,      2.876,      0.000,      0.000,  -1.36803,	   2.08253,	   4.57057		, //old index 3
339	  ,  236 06 23 ,  119 35 54,      2.876,      0.000,      0.000,  -0.58643,	   2.05293,	   7.71857		, //old index 4
340	  ,  236 06 23 ,  119 35 54,      2.876,      0.000,      0.000,  -0.58443,	   2.06463,	   6.71077		, //old index 5
341	  ,  236 06 23 ,  119 35 54,      2.876,      0.000,      0.000,  -0.58213,	   2.07863,	   5.55987		, //old index 6
342	  ,  236 06 23 ,  119 35 54,      2.876,      0.000,      0.000,  -0.57873,	   2.09873,	   4.40597		, //old index 7
343	  ,  236 06 23 ,  119 35 54,      2.876,      0.000,      0.000,  -1.35423,	   2.08323,	   4.44777		, //old index 8
344	  ,  236 06 23 ,  119 35 54,      2.876,      0.000,      0.000,  -1.34783,	   2.04753,	   5.68447		, //old index 9
345	  ,  236 06 23 ,  119 35 54,      2.876,      0.000,      0.000,  -1.34583,	   2.03653,	   6.53587		, //old index 10
346	  ,  236 06 23 ,  119 35 54,      2.876,      0.000,      0.000,  -1.34503,	   2.02833,	   7.68827		, //old index 11
347	  ,  236 06 23 ,  119 35 54,      2.876,      0.000,      0.000,  -1.99853,	   2.01983,	   7.73947		, //old index 12
348	  ,  236 06 23 ,  119 35 54,      2.876,      0.000,      0.000,  -2.00173,	   2.02653,	   6.68457		, //old index 13
349	  ,  236 06 23 ,  119 35 54,      2.876,      0.000,      0.000,  -2.00603,	   2.03523,	   5.68637		, //old index 14
350	  ,  236 06 23 ,  119 35 54,      2.876,      0.000,      0.000,  -2.01863,	   2.06043,	   4.50857		, //old index 15
351	  ,  236 06 23 ,  119 35 54,      2.876,      0.000,      0.000,  -2.59033,	   2.02613,	   4.76917		, //old index 16
352	  ,  236 06 23 ,  119 35 54,      2.876,      0.000,      0.000,  -2.89723,	   1.99103,	   5.55627		, //old index 17
353	  ,  236 06 23 ,  119 35 54,      2.876,      0.000,      0.000,  -2.89293,	   1.98543,	   6.61467		, //old index 18
354	  ,  236 06 23 ,  119 35 54,      2.876,      0.000,      0.000,  -3.03343,	   1.97303,	   7.76247		, //old index 19
355	  ,  236 06 23 ,  119 35 54,      2.876,      0.000,      0.000,  -3.36723,	   1.97463,	   7.59787		, //old index 20
356	  ,  236 06 23 ,  119 35 54,      2.876,      0.000,      0.000,  -3.35583,	   1.96433,	   6.82697		, //old index 21
357	  ,  236 06 23 ,  119 35 54,      2.876,      0.000,      0.000,  -3.34513,	   1.95533,	   6.26497		, //old index 22
358	  ,  236 06 23 ,  119 35 54,      2.876,      0.000,      0.000,  -3.82633,	   1.95153,	   7.78317		, //old index 23
359	  ,  236 06 23 ,  119 35 54,      2.876,      0.000,      0.000,  -0.30313,	   1.90473,	   7.56647		, //old index 24
360	  ,  236 06 23 ,  119 35 54,      2.876,      0.000,      0.000,  -0.30503,	   1.89913,	   6.62097		, //old index 25
361	  ,  236 06 23 ,  119 35 54,      2.876,      0.000,      0.000,  -0.30753,	   1.89103,	   5.87577		, //old index 26
362	  ,  236 06 23 ,  119 35 54,      2.876,      0.000,      0.000,  -0.32743,	   1.91223,	   4.58107		, //old index 27
363	  ,  236 06 23 ,  119 35 54,      2.876,      0.000,      0.000,  -0.26723,	   0.60183,	   7.55567		, //old index 28
364	  ,  236 06 23 ,  119 35 54,      2.876,      0.000,      0.000,  -0.23743,	   0.63413,	   6.52317		, //old index 29
365	  ,  236 06 23 ,  119 35 54,      2.876,      0.000,      0.000,  -0.28043,	   0.58753,	   5.44427		, //old index 30
366	  ,  236 06 23 ,  119 35 54,      2.876,      0.000,      0.000,  -0.29483,	   0.61393,	   4.63607		, //old index 31
367	  ,  236 06 23 ,  119 35 54,      2.876,      0.000,      0.000,  -0.24263,	  -0.51607,	   7.56707		, //old index 32
368	  ,  236 06 23 ,  119 35 54,      2.876,      0.000,      0.000,  -0.25083,	  -0.51167,	   6.46437		, //old index 33
369	  ,  236 06 23 ,  119 35 54,      2.876,      0.000,      0.000,  -0.27973,	  -0.49227,	   5.37067		, //old index 34
370	  ,  236 06 23 ,  119 35 54,      2.876,      0.000,      0.000,  -0.27603,	  -0.49427,	   4.48687		, //old index 35
371	  ,  236 06 23 ,  119 35 54,      2.876,      0.000,      0.000,  -0.25573,	  -1.27657,	   4.40377		, //old index 36
372	  ,  236 06 23 ,  119 35 54,      2.876,      0.000,      0.000,  -0.23953,	  -1.26457,	   5.60867		, //old index 37
373	  ,  236 06 23 ,  119 35 54,      2.876,      0.000,      0.000,  -0.23093,	  -1.27807,	   6.57127		, //old index 38
374	  ,  236 06 23 ,  119 35 54,      2.876,      0.000,      0.000,  -0.22333,	  -1.22807,	   7.48117		, //old index 39
375	  ,  236 06 23 ,  119 35 54,      2.876,      0.000,      0.000,  -0.57013,	  -2.83497,	   7.66207		, //old index 40
376	  ,  236 06 23 ,  119 35 54,      2.876,      0.000,      0.000,  -0.57153,	  -2.82647,	   6.79887		, //old index 41
377	  ,  236 06 23 ,  119 35 54,      2.876,      0.000,      0.000,  -0.57423,	  -2.80697,	   5.70017		, //old index 42
378	  ,  236 06 23 ,  119 35 54,      2.876,      0.000,      0.000,  -0.57603,	  -2.79437,	   4.84857		, //old index 43
379	  ,  236 06 23 ,  119 35 54,      2.876,      0.000,      0.000,  -1.07183,	  -2.80457,	   5.40957		, //old index 44
380	  ,  236 06 23 ,  119 35 54,      2.876,      0.000,      0.000,  -1.07283,	  -2.82677,	   6.35317		, //old index 45
381	  ,  236 06 23 ,  119 35 54,      2.876,      0.000,      0.000,  -1.07313,	  -2.83317,	   7.18807		, //old index 46
382	  ,  236 06 23 ,  119 35 54,      2.876,      0.000,      0.000,  -1.07363,	  -2.84507,	   7.68277		, //old index 47
383	  ,  236 06 23 ,  119 35 54,      2.876,      0.000,      0.000,  -1.82873,	  -2.86427,	   7.66317		, //old index 48
384	  ,  236 06 23 ,  119 35 54,      2.876,      0.000,      0.000,  -1.82783,	  -2.86207,	   7.09797		, //old index 49
385	  ,  236 06 23 ,  119 35 54,      2.876,      0.000,      0.000,  -1.82403,	  -2.84987,	   6.54527		, //old index 50
386	  ,  236 06 23 ,  119 35 54,      2.876,      0.000,      0.000,  -2.15943,	  -2.87157,	   7.67257		, //old index 51
387	  ,  236 06 23 ,  119 35 54,      2.876,      0.000,      0.000,  -2.15863,	  -2.86927,	   7.12247		, //old index 52
388	  ,  236 06 23 ,  119 35 54,      2.876,      0.000,      0.000,  -2.92123,	  -1.32087,	   7.36037		, //old index 53
389	  ,  236 06 23 ,  119 35 54,      2.876,      0.000,      0.000,  -2.58653,	  -1.12007,	   6.69227		, //old index 54
390	  ,  236 06 23 ,  119 35 54,      2.876,      0.000,      0.000,  -2.31503,	  -1.17617,	   6.26227		, //old index 55
391	  ,  236 06 23 ,  119 35 54,      2.876,      0.000,      0.000,  -1.91913,	  -1.15677,	   5.54697		, //old index 56
392	  ,  236 06 23 ,  119 35 54,      2.876,      0.000,      0.000,  -1.63973,	  -1.20877,	   5.11657		, //old index 57
393	  ,  236 06 23 ,  119 35 54,      2.876,      0.000,      0.000,  -1.28543,	  -1.19357,	   4.59257		, //old index 58
394	  ,  236 06 23 ,  119 35 54,      2.876,      0.000,      0.000,  -3.17653,	  -0.58957,	   7.36827		, //old index 59
395	  ,  236 06 23 ,  119 35 54,      2.876,      0.000,      0.000,  -2.78593,	  -0.58687,	   6.68617		, //old index 60
396	  ,  236 06 23 ,  119 35 54,      2.876,      0.000,      0.000,  -2.53383,	  -0.52527,	   6.19727		, //old index 61
397	  ,  236 06 23 ,  119 35 54,      2.876,      0.000,      0.000,  -2.18453,	  -0.49567,	   5.53547		, //old index 62
398	  ,  236 06 23 ,  119 35 54,      2.876,      0.000,      0.000,  -1.93693,	  -0.48417,	   5.10147		, //old index 63
399	  ,  236 06 23 ,  119 35 54,      2.876,      0.000,      0.000,  -1.62573,	  -0.45717,	   4.61077		, //old index 64
400	  ,  236 06 23 ,  119 35 54,      2.876,      0.000,      0.000,  -2.01283,	   0.42743,	   4.64687		, //old index 65
401	  ,  236 06 23 ,  119 35 54,      2.876,      0.000,      0.000,  -2.29523,	   0.43643,	   5.08517		, //old index 66
402	  ,  236 06 23 ,  119 35 54,      2.876,      0.000,      0.000,  -2.56513,	   0.44693,	   5.54987		, //old index 67
403	  ,  236 06 23 ,  119 35 54,      2.876,      0.000,      0.000,  -2.83083,	   0.37213,	   6.12037		, //old index 68
404	  ,  236 06 23 ,  119 35 54,      2.876,      0.000,      0.000,  -3.15023,	   0.40903,	   6.72867		, //old index 69
405	  ,  236 06 23 ,  119 35 54,      2.876,      0.000,      0.000,  -3.46653,	   0.35033,	   7.40937		, //old index 70
406	  ,  236 06 23 ,  119 35 54,      2.876,      0.000,      0.000,  -3.65073,	   1.04343,	   7.41977		, //old index 71
407	  ,  236 06 23 ,  119 35 54,      2.876,      0.000,      0.000,  -3.37053,	   1.08513,	   6.74677		, //old index 72
408	  ,  236 06 23 ,  119 35 54,      2.876,      0.000,      0.000,  -3.07463,	   1.04763,	   6.12797		, //old index 73
409	  ,  236 06 23 ,  119 35 54,      2.876,      0.000,      0.000,  -2.80543,	   1.05943,	   5.57967		, //old index 74
410	  ,  236 06 23 ,  119 35 54,      2.876,      0.000,      0.000,  -2.54443,	   1.09143,	   5.06367		, //old index 75
411	  ,  236 06 23 ,  119 35 54,      2.876,      0.000,      0.000,  -2.32333,	   1.09103,	   4.70387		, //old index 76
412	  ,  236 06 23 ,  119 35 54,      2.876,      0.000,      0.000,  -2.57993,	   1.82463,	   4.68747		, //old index 77
413	  ,  236 06 23 ,  119 35 54,      2.876,      0.000,      0.000,  -2.78073,	   1.83123,	   5.01847		, //old index 78
414	  ,  236 06 23 ,  119 35 54,      2.876,      0.000,      0.000,  -3.07143,	   1.82373,	   5.58107		, //old index 79
415	  ,  236 06 23 ,  119 35 54,      2.876,      0.000,      0.000,  -3.31143,	   1.79133,	   6.12857		, //old index 80
416	  ,  236 06 23 ,  119 35 54,      2.876,      0.000,      0.000,  -3.55183,	   1.76103,	   6.73377		, //old index 81
417	  ,  236 06 23 ,  119 35 54,      2.876,      0.000,      0.000,  -3.81713,	   1.72273,	   7.46037		, //old index 82
418	  ,  236 06 23 ,  119 35 54,      2.876,      0.000,      0.000,  -3.71453,	   1.65693,	   7.87797		, //old index 83
419	  ,  236 06 23 ,  119 35 54,      2.876,      0.000,      0.000,  -2.25333,	   1.77493,	   7.86907		, //old index 84
420	  ,  236 06 23 ,  119 35 54,      2.876,      0.000,      0.000,  -1.25453,	   1.82083,	   7.84987		, //old index 85
421	  ,  236 06 23 ,  119 35 54,      2.876,      0.000,      0.000,  -0.59353,	   1.74603,	   7.84007		, //old index 86
422	  ,  236 06 23 ,  119 35 54,      2.876,      0.000,      0.000,  -0.59043,	   0.43643,	   7.82877		, //old index 87
423	  ,  236 06 23 ,  119 35 54,      2.876,      0.000,      0.000,  -1.55403,	   0.30703,	   7.82957		, //old index 88
424	  ,  236 06 23 ,  119 35 54,      2.876,      0.000,      0.000,  -2.26383,	   0.22793,	   7.83827		, //old index 89
425	  ,  236 06 23 ,  119 35 54,      2.876,      0.000,      0.000,  -3.53423,	   0.35803,	   7.85417		, //old index 90
426	  ,  236 06 23 ,  119 35 54,      2.876,      0.000,      0.000,  -2.98533,	  -1.12117,	   7.83517		, //old index 91
427	  ,  236 06 23 ,  119 35 54,      2.876,      0.000,      0.000,  -1.98703,	  -1.14887,	   7.82017		, //old index 92
428	  ,  236 06 23 ,  119 35 54,      2.876,      0.000,      0.000,  -1.18993,	  -1.17147,	   7.81587		, //old index 93
429	  ,  236 06 23 ,  119 35 54,      2.876,      0.000,      0.000,  -0.62563,	  -1.14737,	   7.81397		, //old index 94
430	  ,  236 06 23 ,  119 35 54,      2.876,      0.000,      0.000,  -0.49713,	  -2.49917,	   7.79817		, //old index 95
431	  ,  236 06 23 ,  119 35 54,      2.876,      0.000,      0.000,  -1.05323,	  -2.54797,	   7.80487		, //old index 96
432	  ,  236 06 23 ,  119 35 54,      2.876,      0.000,      0.000,  -1.77863,	  -2.58757,	   7.81027		, //old index 97
433	  ,  236 06 23 ,  119 35 54,      2.876,      0.000,      0.000,  -2.17843,	  -2.69017,	   7.81147		, //old index 98
434	  ,  236 06 23 ,  119 35 54,      2.876,      0.000,      0.000,  -0.43673,	  -2.77487,	   4.28377		, //old index 99
435	  ,  236 06 23 ,  119 35 54,      2.876,      0.000,      0.000,  -0.59733,	  -2.27157,	   4.30157		, //old index 100
436	  ,  236 06 23 ,  119 35 54,      2.876,      0.000,      0.000,  -0.85403,	  -1.68397,	   4.30757		, //old index 101
437	  ,  236 06 23 ,  119 35 54,      2.876,      0.000,      0.000,  -0.41333,	  -1.27187,	   4.31627		, //old index 102
438	  ,  236 06 23 ,  119 35 54,      2.876,      0.000,      0.000,  -0.96633,	  -1.26337,	   4.31597		, //old index 103
439	  ,  236 06 23 ,  119 35 54,      2.876,      0.000,      0.000,  -0.30123,	  -0.59107,	   4.32227		, //old index 104
440	  ,  236 06 23 ,  119 35 54,      2.876,      0.000,      0.000,  -1.61653,	   0.34003,	   4.26877		, //old index 105
441	  ,  236 06 23 ,  119 35 54,      2.876,      0.000,      0.000,  -0.50163,	   0.60363,	   4.25477		, //old index 106
442	  ,  236 06 23 ,  119 35 54,      2.876,      0.000,      0.000,  -0.42853,	   1.18713,	   4.24477		, //old index 107
443	  ,  236 06 23 ,  119 35 54,      2.876,      0.000,      0.000,  -1.01663,	   1.17503,	   4.24517		, //old index 108
444	  ,  236 06 23 ,  119 35 54,      2.876,      0.000,      0.000,  -1.83653,	   1.12353,	   4.24857		, //old index 109
445	  ,  236 06 23 ,  119 35 54,      2.876,      0.000,      0.000,  -1.95013,	   1.77713,	   4.26057		, //old index 110
446	  ,  236 06 23 ,  119 35 54,      2.876,      0.000,      0.000,  -1.25443,	   1.69883,	   4.25837		, //old index 111
447	  ,  236 06 23 ,  119 35 54,      2.876,      0.000,      0.000,  -0.52533,	   1.82183,	   4.25667		, //old index 112
448	  ,  236 06 23 ,  119 35 54,      2.876,      0.000,      0.000,  -2.24443,	   1.34423,	   4.54977		, //old index 113
449	  ,  236 06 23 ,  119 35 54,      2.876,      0.000,      0.000,  -2.21633,	   1.31203,	   6.28727		, //old index 114
450	  ,  236 06 23 ,  119 35 54,      2.876,      0.000,      0.000,  -2.21503,	   1.31043,	   7.26507		, //old index 115
451	  ,  236 06 23 ,  119 35 54,      2.876,      0.000,      0.000,  -1.48453,	   1.32683,	   7.41947		, //old index 116
452	  ,  236 06 23 ,  119 35 54,      2.876,      0.000,      0.000,  -1.47343,	   1.29623,	   6.26267		, //old index 117
453	  ,  236 06 23 ,  119 35 54,      2.876,      0.000,      0.000,  -1.47983,	   1.31403,	   4.84717		, //old index 118
454	  ,  236 06 23 ,  119 35 54,      2.876,      0.000,      0.000,  -0.86103,	   1.29393,	   4.91617		, //old index 119
455	  ,  236 06 23 ,  119 35 54,      2.876,      0.000,      0.000,  -0.86223,	   1.27593,	   6.31527		, //old index 120
456	  ,  236 06 23 ,  119 35 54,      2.876,      0.000,      0.000,  -0.86293,	   1.26073,	   7.18527		, //old index 121
457	  ,  236 06 23 ,  119 35 54,      2.876,      0.000,      0.000,  -0.14863,	   1.25423,	   7.39577		, //old index 122
458	  ,  236 06 23 ,  119 35 54,      2.876,      0.000,      0.000,  -0.14783,	   1.25553,	   6.25777		, //old index 123
459	  ,  236 06 23 ,  119 35 54,      2.876,      0.000,      0.000,  -0.13083,	   1.28503,	   4.61587		, //old index 124
460	  ,  236 06 23 ,  119 35 54,      2.876,      0.000,      0.000,   0.52887,	   1.27193,	   4.53777		, //old index 125
461	  ,  236 06 23 ,  119 35 54,      2.876,      0.000,      0.000,   0.48847,	   1.23353,	   5.94687		, //old index 126
462	  ,  236 06 23 ,  119 35 54,      2.876,      0.000,      0.000,   0.50127,	   1.24573,	   7.27567		, //old index 127
463	  ,  236 06 23 ,  119 35 54,      2.876,      0.000,      0.000,   1.36127,	   1.20773,	   6.82827		, //old index 128
464	  ,  236 06 23 ,  119 35 54,      2.876,      0.000,      0.000,   1.19097,	   1.22953,	   5.87227		, //old index 129
465	  ,  236 06 23 ,  119 35 54,      2.876,      0.000,      0.000,   1.22517,	   1.25123,	   4.65467		, //old index 130
466	  ,  236 06 23 ,  119 35 54,      2.876,      0.000,      0.000,   1.45017,	   0.89683,	   4.54387		, //old index 131
467	  ,  236 06 23 ,  119 35 54,      2.876,      0.000,      0.000,   1.47557,	   0.90773,	   6.03767		, //old index 132
468	  ,  236 06 23 ,  119 35 54,      2.876,      0.000,      0.000,   1.49957,	   0.91813,	   7.13077		, //old index 133
469	  ,  236 06 23 ,  119 35 54,      2.876,      0.000,      0.000,   1.49387,	   0.16023,	   7.18587		, //old index 134
470	  ,  236 06 23 ,  119 35 54,      2.876,      0.000,      0.000,   1.44737,	   0.15483,	   6.12417		, //old index 135
471	  ,  236 06 23 ,  119 35 54,      2.876,      0.000,      0.000,   1.43427,	   0.15303,	   4.92067		, //old index 136
472	  ,  236 06 23 ,  119 35 54,      2.876,      0.000,      0.000,   1.42147,	  -0.46777,	   4.71557		, //old index 137
473	  ,  236 06 23 ,  119 35 54,      2.876,      0.000,      0.000,   1.41967,	  -0.46747,	   6.11267		, //old index 138
474	  ,  236 06 23 ,  119 35 54,      2.876,      0.000,      0.000,   1.44267,	  -0.47057,	   7.16527		, //old index 139
475	  ,  236 06 23 ,  119 35 54,      2.876,      0.000,      0.000,   1.43147,	  -1.24687,	   7.28557		, //old index 140
476	  ,  236 06 23 ,  119 35 54,      2.876,      0.000,      0.000,   1.41287,	  -1.23817,	   5.95287		, //old index 141
477	  ,  236 06 23 ,  119 35 54,      2.876,      0.000,      0.000,   1.40527,	  -1.23467,	   4.69127		, //old index 142
478	  ,  236 06 23 ,  119 35 54,      2.876,      0.000,      0.000,   1.09447,	  -1.54017,	   4.59897		, //old index 143
479	  ,  236 06 23 ,  119 35 54,      2.876,      0.000,      0.000,   1.09807,	  -1.54247,	   5.74487		, //old index 144
480	  ,  236 06 23 ,  119 35 54,      2.876,      0.000,      0.000,   1.13557,	  -1.56867,	   6.67947		, //old index 145
481	  ,  236 06 23 ,  119 35 54,      2.876,      0.000,      0.000,   0.18937,	  -1.56637,	   7.48637		, //old index 146
482	  ,  236 06 23 ,  119 35 54,      2.876,      0.000,      0.000,   0.16717,	  -1.53857,	   6.08267		, //old index 147
483	  ,  236 06 23 ,  119 35 54,      2.876,      0.000,      0.000,   0.13047,	  -1.49267,	   4.72577		, //old index 148
484	  ,  236 06 23 ,  119 35 54,      2.876,      0.000,      0.000,  -0.81813,	  -1.48557,	   4.65777		, //old index 149
485	  ,  236 06 23 ,  119 35 54,      2.876,      0.000,      0.000,  -0.81433,	  -1.52397,	   5.94967		, //old index 150
486	  ,  236 06 23 ,  119 35 54,      2.876,      0.000,      0.000,  -0.81353,	  -1.53297,	   7.10247		, //old index 151
487	  ,  236 06 23 ,  119 35 54,      2.876,      0.000,      0.000,  -1.64933,	  -1.52847,	   7.20667		, //old index 152
488	  ,  236 06 23 ,  119 35 54,      2.876,      0.000,      0.000,  -1.63583,	  -1.50157,	   6.06337		, //old index 153
489	  ,  236 06 23 ,  119 35 54,      2.876,      0.000,      0.000,  -1.61873,	  -1.46747,	   4.85777		, //old index 154
490	  ,  236 06 23 ,  119 35 54,      2.876,      0.000,      0.000,  -2.25623,	  -1.44037,	   4.78987		, //old index 155
491	  ,  236 06 23 ,  119 35 54,      2.876,      0.000,      0.000,  -2.28113,	  -1.46527,	   6.08207		, //old index 156
492	  ,  236 06 23 ,  119 35 54,      2.876,      0.000,      0.000,  -2.30003,	  -1.48417,	   7.25657		, //old index 157
493	  ,  236 06 23 ,  119 35 54,      2.876,      0.000,      0.000,  -2.65843,	  -1.16587,	   7.44727		, //old index 158
494	  ,  236 06 23 ,  119 35 54,      2.876,      0.000,      0.000,  -2.64503,	  -1.15777,	   6.54477		, //old index 159
495	  ,  236 06 23 ,  119 35 54,      2.876,      0.000,      0.000,  -2.62843,	  -1.14767,	   5.89717		, //old index 160
496	  ,  236 06 23 ,  119 35 54,      2.876,      0.000,      0.000,  -2.59213,	  -1.12597,	   5.07897		, //old index 161
497	  ,  236 06 23 ,  119 35 54,      2.876,      0.000,      0.000,  -2.53373,	  -1.09017,	   4.54337		, //old index 162
498	  ,  236 06 23 ,  119 35 54,      2.876,      0.000,      0.000,  -2.63553,	  -0.37867,	   7.30967		, //old index 163
499	  ,  236 06 23 ,  119 35 54,      2.876,      0.000,      0.000,  -2.62763,	  -0.37747,	   6.49017		, //old index 164
500	  ,  236 06 23 ,  119 35 54,      2.876,      0.000,      0.000,  -2.62363,	  -0.37687,	   5.88377		, //old index 165
501	  ,  236 06 23 ,  119 35 54,      2.876,      0.000,      0.000,  -2.60313,	  -0.37397,	   5.17287		, //old index 166
502	  ,  236 06 23 ,  119 35 54,      2.876,      0.000,      0.000,  -2.56273,	  -0.36817,	   4.60637		, //old index 167
503	  ,  236 06 23 ,  119 35 54,      2.876,      0.000,      0.000,  -2.64773,	   0.33143,	   7.23457		, //old index 168
504	  ,  236 06 23 ,  119 35 54,      2.876,      0.000,      0.000,  -2.61123,	   0.32133,	   6.46417		, //old index 169
505	  ,  236 06 23 ,  119 35 54,      2.876,      0.000,      0.000,  -2.61253,	   0.32183,	   5.91317		, //old index 170
506	  ,  236 06 23 ,  119 35 54,      2.876,      0.000,      0.000,  -2.59563,	   0.31713,	   5.10527		, //old index 171
507	  ,  236 06 23 ,  119 35 54,      2.876,      0.000,      0.000,  -2.56333,	   0.30843,	   4.56467		, //old index 172
508	  ,  236 06 23 ,  119 35 54,      2.876,      0.000,      0.000,  -2.56353,	   1.02883,	   4.64317		, //old index 173
509	  ,  236 06 23 ,  119 35 54,      2.876,      0.000,      0.000,  -2.58153,	   1.04193,	   5.17457		, //old index 174
510	  ,  236 06 23 ,  119 35 54,      2.876,      0.000,      0.000,  -2.58883,	   1.04703,	   5.94307		, //old index 175
511	  ,  236 06 23 ,  119 35 54,      2.876,      0.000,      0.000,  -2.59083,	   1.04843,	   6.62267		, //old index 176
512	  ,  236 06 23 ,  119 35 54,      2.876,      0.000,      0.000,  -2.59173,	   1.04913,	   7.32497		, //old index 177
513	  ,  236 06 23 ,  119 35 54,      2.876,      0.000,      0.000,  -2.30903,	   1.04343,	   7.65597		, //old index 178
514	  ,  236 06 23 ,  119 35 54,      2.876,      0.000,      0.000,  -2.32133,	  -0.36147,	   7.63977		, //old index 179
515	  ,  236 06 23 ,  119 35 54,      2.876,      0.000,      0.000,  -2.31743,	  -1.38717,	   7.62557		, //old index 180
516	  ,  236 06 23 ,  119 35 54,      2.876,      0.000,      0.000,  -1.53733,	  -1.41887,	   7.64087		, //old index 181
517	  ,  236 06 23 ,  119 35 54,      2.876,      0.000,      0.000,  -1.47073,	  -0.50677,	   7.65467		, //old index 182
518	  ,  236 06 23 ,  119 35 54,      2.876,      0.000,      0.000,  -1.45393,	   1.11693,	   7.67617		, //old index 183
519	  ,  236 06 23 ,  119 35 54,      2.876,      0.000,      0.000,  -0.32333,	   1.08143,	   7.70307		, //old index 184
520	  ,  236 06 23 ,  119 35 54,      2.876,      0.000,      0.000,  -0.33753,	  -0.22087,	   7.68047		, //old index 185
521	  ,  236 06 23 ,  119 35 54,      2.876,      0.000,      0.000,  -0.27473,	  -1.42337,	   7.67097		, //old index 186
522	  ,  236 06 23 ,  119 35 54,      2.876,      0.000,      0.000,   0.57707,	  -1.45797,	   7.68657		, //old index 187
523	  ,  236 06 23 ,  119 35 54,      2.876,      0.000,      0.000,   0.62617,	  -0.34207,	   7.70167		, //old index 188
524	  ,  236 06 23 ,  119 35 54,      2.876,      0.000,      0.000,   0.65827,	   1.03013,	   7.72087		, //old index 189
525	  ,  236 06 23 ,  119 35 54,      2.876,      0.000,      0.000,   1.24007,	   1.02873,	   4.33207		, //old index 190
526	  ,  236 06 23 ,  119 35 54,      2.876,      0.000,      0.000,   1.33097,	   0.08943,	   4.31867		, //old index 191
527	  ,  236 06 23 ,  119 35 54,      2.876,      0.000,      0.000,   1.29157,	  -0.65277,	   4.31367		, //old index 192
528	  ,  236 06 23 ,  119 35 54,      2.876,      0.000,      0.000,   1.15367,	  -1.34117,	   4.30727		, //old index 193
529	  ,  236 06 23 ,  119 35 54,      2.876,      0.000,      0.000,   0.33437,	  -1.22827,	   4.30967		, //old index 194
530	  ,  236 06 23 ,  119 35 54,      2.876,      0.000,      0.000,   0.29767,	  -0.44737,	   4.30637		, //old index 195
531	  ,  236 06 23 ,  119 35 54,      2.876,      0.000,      0.000,   0.24307,	   0.36563,	   4.31537		, //old index 196
532	  ,  236 06 23 ,  119 35 54,      2.876,      0.000,      0.000,   0.34357,	   1.05263,	   4.33277		, //old index 197
533	  ,  236 06 23 ,  119 35 54,      2.876,      0.000,      0.000,  -0.40143,	   1.11353,	   4.33837		, //old index 198
534	  ,  236 06 23 ,  119 35 54,      2.876,      0.000,      0.000,  -0.15643,	  -0.10507,	   4.31227		, //old index 199
535	  ,  236 06 23 ,  119 35 54,      2.876,      0.000,      0.000,  -0.17023,	  -1.32257,	   4.31487		, //old index 200
536	  ,  236 06 23 ,  119 35 54,      2.876,      0.000,      0.000,  -0.98283,	  -1.37397,	   4.32047		, //old index 201
537	  ,  236 06 23 ,  119 35 54,      2.876,      0.000,      0.000,  -1.32903,	  -0.82007,	   4.31597		, //old index 202
538	  ,  236 06 23 ,  119 35 54,      2.876,      0.000,      0.000,  -1.14613,	   0.61103,	   4.32737		, //old index 203
539	  ,  236 06 23 ,  119 35 54,      2.876,      0.000,      0.000,  -1.13123,	   1.18553,	   4.34647		, //old index 204
540	  ,  236 06 23 ,  119 35 54,      2.876,      0.000,      0.000,  -2.29293,	   1.15863,	   4.36027		, //old index 205
541	  ,  236 06 23 ,  119 35 54,      2.876,      0.000,      0.000,  -2.26773,	   0.41943,	   4.34397		, //old index 206
542	  ,  236 06 23 ,  119 35 54,      2.876,      0.000,      0.000,  -2.35333,	  -0.34167,	   4.33797		, //old index 207
543	  ,  236 06 23 ,  119 35 54,      2.876,      0.000,      0.000,  -2.16603,	  -0.99937,	   4.33027		, //old index 208
544	  ,  236 06 23 ,  119 35 54,      2.876,      0.000,      0.000,  -2.23813,	  -1.19827,	   4.33957		, //old index 209
545	  ,  236 06 23 ,  119 35 54,      2.876,      0.000,      0.000,  -2.30973,	  -1.21437,	   4.73337		, //old index 210
546	  ,  236 06 23 ,  119 35 54,      2.876,      0.000,      0.000,  -2.36173,	  -1.22117,	   5.01527		, //old index 211
547	  ,  236 06 23 ,  119 35 54,      2.876,      0.000,      0.000,  -2.39883,	  -1.22747,	   5.59717		, //old index 212
548	  ,  236 06 23 ,  119 35 54,      2.876,      0.000,      0.000,  -2.43633,	  -1.23387,	   6.24347		, //old index 213
549	  ,  236 06 23 ,  119 35 54,      2.876,      0.000,      0.000,  -2.48153,	  -1.24777,	   6.93547		, //old index 214
550	  ,  236 06 23 ,  119 35 54,      2.876,      0.000,      0.000,  -2.52723,	  -1.25607,	   7.58657		, //old index 215
551	  ,  236 06 23 ,  119 35 54,      2.876,      0.000,      0.000,   1.42527,	  -0.49947,	   3.96797		, //old index 216
552	  ,  236 06 23 ,  119 35 54,      2.876,      0.000,      0.000,   1.42067,	  -0.43197,	   3.77837		, //old index 217
553	  ,  236 06 23 ,  119 35 54,      2.876,      0.000,      0.000,   1.41367,	  -0.67297,	   3.77007		, //old index 218
554	  ,  236 06 23 ,  119 35 54,      2.876,      0.000,      0.000,  -0.94953,	  -0.13807,	   4.28837		, //old index 0
555	  ,  236 06 23 ,  119 35 54,      2.876,      0.000,      0.000,  -0.94953,	   1.16283,	   5.76007		, //old index 219
556	  ,  236 06 23 ,  119 35 54,      2.876,      0.000,      0.000,   0.47467,	  -0.63437,	   8.25467		, //old index 220
557	  ,  236 06 23 ,  119 35 54,      2.876,      0.000,      0.000,   0.47287,	  -0.57147,	   8.06487		, //old index 221
558	  ,  236 06 23 ,  119 35 54,      2.876,      0.000,      0.000,   0.46347,	  -0.81277,	   8.06197		, //old index 222
559	  ,  236 06 23 ,  119 35 54,      2.876,      0.000,      0.000,  -3.32323,	   1.25423,	   8.42277		, //old index 223
560	  ,  236 06 23 ,  119 35 54,      2.876,      0.000,      0.000,  -3.28993,	   1.23503,	   7.73987		, //old index 224
561	  ,  236 06 23 ,  119 35 54,      2.876,      0.000,      0.000,  -3.07613,	   1.20983,	   6.48647		, //old index 225
562	  ,  236 06 23 ,  119 35 54,      2.876,      0.000,      0.000,  -2.61023,	   1.22993,	   8.36637		, //old index 226
563	  ,  236 06 23 ,  119 35 54,      2.876,      0.000,      0.000,  -2.59303,	   1.21573,	   7.53517		, //old index 227
564	  ,  236 06 23 ,  119 35 54,      2.876,      0.000,      0.000,  -2.57003,	   1.19673,	   6.21667		, //old index 228
565	  ,  236 06 23 ,  119 35 54,      2.876,      0.000,      0.000,  -2.57823,	   1.20363,	   5.08737		, //old index 229
566	  ,  236 06 23 ,  119 35 54,      2.876,      0.000,      0.000,  -1.82843,	   1.17743,	   4.89497		, //old index 230
567	  ,  236 06 23 ,  119 35 54,      2.876,      0.000,      0.000,  -1.83563,	   1.18803,	   6.13287		, //old index 231
568	  ,  236 06 23 ,  119 35 54,      2.876,      0.000,      0.000,  -1.84353,	   1.19983,	   7.61267		, //old index 232
569	  ,  236 06 23 ,  119 35 54,      2.876,      0.000,      0.000,  -1.84903,	   1.20803,	   8.33337		, //old index 233
570	  ,  236 06 23 ,  119 35 54,      2.876,      0.000,      0.000,  -1.17803,	   1.18783,	   8.35917		, //old index 234
571	  ,  236 06 23 ,  119 35 54,      2.876,      0.000,      0.000,  -1.17513,	   1.17073,	   7.53017		, //old index 235
572	  ,  236 06 23 ,  119 35 54,      2.876,      0.000,      0.000,  -1.17493,	   1.16963,	   6.09397		, //old index 236
573	  ,  236 06 23 ,  119 35 54,      2.876,      0.000,      0.000,  -1.17263,	   1.15683,	   4.75427		, //old index 237
574	  ,  236 06 23 ,  119 35 54,      2.876,      0.000,      0.000,  -0.47533,	   1.13233,	   4.70057		, //old index 238
575	  ,  236 06 23 ,  119 35 54,      2.876,      0.000,      0.000,  -0.46853,	   1.15093,	   6.13257		, //old index 239
576	  ,  236 06 23 ,  119 35 54,      2.876,      0.000,      0.000,  -0.46733,	   1.15403,	   7.65977		, //old index 240
577	  ,  236 06 23 ,  119 35 54,      2.876,      0.000,      0.000,  -0.46473,	   1.16113,	   8.34987		, //old index 241
578	  ,  236 06 23 ,  119 35 54,      2.876,      0.000,      0.000,   0.26527,	   1.13253,	   8.34627		, //old index 242
579	  ,  236 06 23 ,  119 35 54,      2.876,      0.000,      0.000,   0.34817,	   1.10953,	   6.69267		, //old index 243
580	  ,  236 06 23 ,  119 35 54,      2.876,      0.000,      0.000,   0.34377,	   1.10533,	   5.77197		, //old index 244
581	  ,  236 06 23 ,  119 35 54,      2.876,      0.000,      0.000,   0.33517,	   1.09693,	   4.57477		, //old index 245
582	  ,  236 06 23 ,  119 35 54,      2.876,      0.000,      0.000,   0.51087,	   0.87323,	   4.51547		, //old index 246
583	  ,  236 06 23 ,  119 35 54,      2.876,      0.000,      0.000,   0.50467,	   0.86903,	   6.00967		, //old index 247
584	  ,  236 06 23 ,  119 35 54,      2.876,      0.000,      0.000,   0.51887,	   0.87893,	   7.99537		, //old index 248
585	  ,  236 06 23 ,  119 35 54,      2.876,      0.000,      0.000,   0.52187,	   0.88103,	   8.43867		, //old index 249
586	  ,  236 06 23 ,  119 35 54,      2.876,      0.000,      0.000,   0.50077,	   0.00083,	   8.36257		, //old index 250
587	  ,  236 06 23 ,  119 35 54,      2.876,      0.000,      0.000,   0.47737,	  -0.60097,	   8.39877		, //old index 251
588	  ,  236 06 23 ,  119 35 54,      2.876,      0.000,      0.000,   0.46687,	  -0.59757,	   7.63477		, //old index 252
589	  ,  236 06 23 ,  119 35 54,      2.876,      0.000,      0.000,   0.44857,	  -0.59167,	   6.36817		, //old index 253
590	  ,  236 06 23 ,  119 35 54,      2.876,      0.000,      0.000,   0.44167,	  -0.58947,	   4.81917		, //old index 254
591	  ,  236 06 23 ,  119 35 54,      2.876,      0.000,      0.000,   0.41787,	  -1.31127,	   4.60527		, //old index 255
592	  ,  236 06 23 ,  119 35 54,      2.876,      0.000,      0.000,   0.41687,	  -1.31027,	   6.31977		, //old index 256
593	  ,  236 06 23 ,  119 35 54,      2.876,      0.000,      0.000,   0.43837,	  -1.32867,	   7.55857		, //old index 257
594	  ,  236 06 23 ,  119 35 54,      2.876,      0.000,      0.000,   0.44127,	  -1.33117,	   8.28177		, //old index 258
595	  ,  236 06 23 ,  119 35 54,      2.876,      0.000,      0.000,   0.15057,	  -1.66147,	   8.34607		, //old index 259
596	  ,  236 06 23 ,  119 35 54,      2.876,      0.000,      0.000,   0.15867,	  -1.67267,	   7.45907		, //old index 260
597	  ,  236 06 23 ,  119 35 54,      2.876,      0.000,      0.000,   0.16277,	  -1.67847,	   6.00897		, //old index 261
598	  ,  236 06 23 ,  119 35 54,      2.876,      0.000,      0.000,   0.16717,	  -1.68457,	   4.57717		, //old index 262
599	  ,  236 06 23 ,  119 35 54,      2.876,      0.000,      0.000,  -0.65953,	  -1.64737,	   4.52957		, //old index 263
600	  ,  236 06 23 ,  119 35 54,      2.876,      0.000,      0.000,  -0.65703,	  -1.65977,	   5.71307		, //old index 264
601	  ,  236 06 23 ,  119 35 54,      2.876,      0.000,      0.000,  -0.65883,	  -1.65037,	   6.78417		, //old index 265
602	  ,  236 06 23 ,  119 35 54,      2.876,      0.000,      0.000,  -0.66163,	  -1.63567,	   8.17457		, //old index 266
603	  ,  236 06 23 ,  119 35 54,      2.876,      0.000,      0.000,  -1.62453,	  -1.58347,	   8.28547		, //old index 267
604	  ,  236 06 23 ,  119 35 54,      2.876,      0.000,      0.000,  -1.62903,	  -1.59317,	   7.12427		, //old index 268
605	  ,  236 06 23 ,  119 35 54,      2.876,      0.000,      0.000,  -1.63653,	  -1.60907,	   5.67657		, //old index 269
606	  ,  236 06 23 ,  119 35 54,      2.876,      0.000,      0.000,  -1.63653,	  -1.60897,	   4.61157		, //old index 270
607	  ,  236 06 23 ,  119 35 54,      2.876,      0.000,      0.000,  -2.27723,	  -1.61327,	   5.62007		, //old index 271
608	  ,  236 06 23 ,  119 35 54,      2.876,      0.000,      0.000,  -2.26453,	  -1.59927,	   6.58577		, //old index 272
609	  ,  236 06 23 ,  119 35 54,      2.876,      0.000,      0.000,  -2.25293,	  -1.58637,	   7.48707		, //old index 273
610	  ,  236 06 23 ,  119 35 54,      2.876,      0.000,      0.000,  -2.24583,	  -1.57847,	   8.38267		, //old index 274
611	  ,  236 06 23 ,  119 35 54,      2.876,      0.000,      0.000,  -2.89983,	  -1.54737,	   8.37267		, //old index 275
612	  ,  236 06 23 ,  119 35 54,      2.876,      0.000,      0.000,  -3.21553,	  -1.53227,	   8.34217		, //old index 276
613	  ,  236 06 23 ,  119 35 54,      2.876,      0.000,      0.000,  -2.95063,	  -1.56447,	   7.53057		, //old index 277
614	  ,  236 06 23 ,  119 35 54,      2.876,      0.000,      0.000,  -2.68653,	  -1.59707,	   6.60207		, //old index 278
615	  ,  236 06 23 ,  119 35 54,      2.876,      0.000,      0.000,  -3.34423,	  -1.22407,	   8.06237		, //old index 279
616	  ,  236 06 23 ,  119 35 54,      2.876,      0.000,      0.000,  -2.97123,	  -1.18397,	   6.78427		, //old index 280
617	  ,  236 06 23 ,  119 35 54,      2.876,      0.000,      0.000,  -2.59063,	  -1.21337,	   5.82187		, //old index 281
618	  ,  236 06 23 ,  119 35 54,      2.876,      0.000,      0.000,  -2.09423,	  -1.22737,	   4.85537		, //old index 282
619	  ,  236 06 23 ,  119 35 54,      2.876,      0.000,      0.000,  -2.29783,	  -0.54127,	   4.87707		, //old index 283
620	  ,  236 06 23 ,  119 35 54,      2.876,      0.000,      0.000,  -2.74683,	  -0.47987,	   5.78717		, //old index 284
621	  ,  236 06 23 ,  119 35 54,      2.876,      0.000,      0.000,  -3.07153,	  -0.45887,	   6.69477		, //old index 285
622	  ,  236 06 23 ,  119 35 54,      2.876,      0.000,      0.000,  -3.42003,	  -0.43377,	   8.15357		, //old index 286
623	  ,  236 06 23 ,  119 35 54,      2.876,      0.000,      0.000,  -3.44593,	   0.32423,	   8.16627		, //old index 287
624	  ,  236 06 23 ,  119 35 54,      2.876,      0.000,      0.000,  -3.17063,	   0.25093,	   6.72717		, //old index 288
625	  ,  236 06 23 ,  119 35 54,      2.876,      0.000,      0.000,  -2.83623,	   0.19243,	   5.69547		, //old index 289
626	  ,  236 06 23 ,  119 35 54,      2.876,      0.000,      0.000,  -2.44873,	   0.18653,	   4.84777		, //old index 290
627	  ,  236 06 23 ,  119 35 54,      2.876,      0.000,      0.000,  -2.61433,	   0.88713,	   4.90127		, //old index 291
628	  ,  236 06 23 ,  119 35 54,      2.876,      0.000,      0.000,  -2.95503,	   0.88333,	   5.74727		, //old index 292
629	  ,  236 06 23 ,  119 35 54,      2.876,      0.000,      0.000,  -3.21943,	   0.95693,	   6.64137		, //old index 293
630	  ,  236 06 23 ,  119 35 54,      2.876,      0.000,      0.000,  -3.44223,	   0.98343,	   8.08447		, //old index 294
631	  ,  236 06 23 ,  119 35 54,      2.876,      0.000,      0.000,  -3.28383,	   0.91213,	   8.58047		, //old index 295
632	  ,  236 06 23 ,  119 35 54,      2.876,      0.000,      0.000,  -1.98903,	   0.91293,	   8.56747		, //old index 296
633	  ,  236 06 23 ,  119 35 54,      2.876,      0.000,      0.000,  -1.00283,	   0.93223,	   8.57297		, //old index 297
634	  ,  236 06 23 ,  119 35 54,      2.876,      0.000,      0.000,   0.05267,	   0.83473,	   8.57737		, //old index 298
635	  ,  236 06 23 ,  119 35 54,      2.876,      0.000,      0.000,   0.31957,	  -0.36757,	   8.58847		, //old index 299
636	  ,  236 06 23 ,  119 35 54,      2.876,      0.000,      0.000,  -0.63883,	  -0.34627,	   8.57677		, //old index 300
637	  ,  236 06 23 ,  119 35 54,      2.876,      0.000,      0.000,  -1.92493,	  -0.39177,	   8.56727		, //old index 301
638	  ,  236 06 23 ,  119 35 54,      2.876,      0.000,      0.000,  -3.12763,	  -0.42687,	   8.57867		, //old index 302
639	  ,  236 06 23 ,  119 35 54,      2.876,      0.000,      0.000,  -3.01533,	  -1.14757,	   8.58697		, //old index 303
640	  ,  236 06 23 ,  119 35 54,      2.876,      0.000,      0.000,  -2.04853,	  -1.27257,	   8.58477		, //old index 304
641	  ,  236 06 23 ,  119 35 54,      2.876,      0.000,      0.000,  -0.90813,	  -1.33747,	   8.59057		, //old index 305
642	  ,  236 06 23 ,  119 35 54,      2.876,      0.000,      0.000,  -0.00123,	  -1.31447,	   8.59357		, //old index 306
643	  ,  236 06 23 ,  119 35 54,      2.876,      0.000,      0.000,   0.10827,	  -1.33937,	   4.30547		, //old index 307
644	  ,  236 06 23 ,  119 35 54,      2.876,      0.000,      0.000,  -0.44623,	  -1.31457,	   4.30457		, //old index 308
645	  ,  236 06 23 ,  119 35 54,      2.876,      0.000,      0.000,  -1.05513,	  -1.29597,	   4.30837		, //old index 309
646	  ,  236 06 23 ,  119 35 54,      2.876,      0.000,      0.000,  -1.43183,	  -1.28727,	   4.31057		, //old index 310
647	  ,  236 06 23 ,  119 35 54,      2.876,      0.000,      0.000,  -1.60413,	  -0.60737,	   4.30177		, //old index 311
648	  ,  236 06 23 ,  119 35 54,      2.876,      0.000,      0.000,  -0.74933,	  -0.88947,	   4.30167		, //old index 312
649	  ,  236 06 23 ,  119 35 54,      2.876,      0.000,      0.000,  -0.19763,	  -0.64047,	   4.30157		, //old index 313
650	  ,  236 06 23 ,  119 35 54,      2.876,      0.000,      0.000,   0.32337,	  -0.66167,	   4.29857		, //old index 314
651	  ,  236 06 23 ,  119 35 54,      2.876,      0.000,      0.000,   0.20917,	   0.09373,	   4.29637		, //old index 315
652	  ,  236 06 23 ,  119 35 54,      2.876,      0.000,      0.000,  -0.31683,	   0.30943,	   4.29377		, //old index 316
653	  ,  236 06 23 ,  119 35 54,      2.876,      0.000,      0.000,  -1.33673,	   0.53253,	   4.29487		, //old index 317
654	  ,  236 06 23 ,  119 35 54,      2.876,      0.000,      0.000,  -1.79073,	   0.26423,	   4.29627		, //old index 318
655	  ,  236 06 23 ,  119 35 54,      2.876,      0.000,      0.000,  -2.01923,	   0.91933,	   4.29127		, //old index 319
656	  ,  236 06 23 ,  119 35 54,      2.876,      0.000,      0.000,  -1.26653,	   0.90713,	   4.29177		, //old index 320
657	  ,  236 06 23 ,  119 35 54,      2.876,      0.000,      0.000,  -0.42243,	   0.82043,	   4.28977		, //old index 321
658	  ,  236 06 23 ,  119 35 54,      2.876,      0.000,      0.000,   0.18647,	   0.73843,	   4.29057		, //old index 322
659	  ,  236 06 23 ,  119 35 54,      2.876,      0.000,      0.000,  -1.72103,	  -1.16307,	   4.35007		, //old index 323
660	  ,  236 06 23 ,  119 35 54,      2.876,      0.000,      0.000,  -1.99523,	  -1.17717,	   4.91827		, //old index 324
661	  ,  236 06 23 ,  119 35 54,      2.876,      0.000,      0.000,  -2.33223,	  -1.20677,	   5.69787		, //old index 325
662	  ,  236 06 23 ,  119 35 54,      2.876,      0.000,      0.000,  -2.82593,	  -1.23977,	   6.79957		, //old index 326
663	  ,  236 06 23 ,  119 35 54,      2.876,      0.000,      0.000,  -3.01353,	  -1.26277,	   7.65367		, //old index 327
664	  ,  236 06 23 ,  119 35 54,      2.876,      0.000,      0.000,  -3.19143,	  -1.28747,	   8.58857		, //old index 328
665	  ,  236 06 23 ,  119 35 54,      2.876,      0.000,      0.000,  -1.32443,	  -1.62977,	   4.59717		, //old index 329
666	  ,  236 06 23 ,  119 35 54,      2.876,      0.000,      0.000,  -0.63633,	  -1.65987,	   5.00857		, //old index 330
667	  ,  236 06 23 ,  119 35 54,      2.876,      0.000,      0.000,  -0.61653,	  -1.65687,	   4.60837		, //old index 331
668	  ,  236 06 23 ,  119 35 54,      2.876,      0.000,      0.000,   0.19307,	  -0.58717,	   6.80677		, //old index 332
669	  ,  236 06 23 ,  119 35 54,      2.876,      0.000,      0.000,  -0.61393,	  -1.66027,	   5.62267		, //old index 333
