#OKS At   -35 : After 3 points 
-3.695391, 5.962302, -0.028000 
-3.693515, 5.174635, -0.028000 
-1.694568, 5.966378, -0.028000 
#OKS At   -30 : After 4 points 
-3.695391, 5.962302, -0.023000 
-3.684657, 1.454311, -0.023000 
3.364557, 4.246373, -0.023000 
3.360999, 5.976677, -0.023000 
#OKS At   -25 : After 4 points 
-3.695391, 5.962302, -0.018000 
-3.675800, -2.266013, -0.018000 
3.373475, 0.526092, -0.018000 
3.362267, 5.976680, -0.018000 
#OKS At   -20 : After 4 points 
-3.695391, 5.962303, -0.013000 
-3.666942, -5.986337, -0.013000 
3.382392, -3.194189, -0.013000 
3.363535, 5.976683, -0.013000 
#OKS At   -15 : After 5 points 
-3.662155, -7.996800, -0.008000 
-3.695391, 5.962303, -0.008000 
3.364803, 5.976685, -0.008000 
3.391310, -6.914470, -0.008000 
0.669411, -7.992582, -0.008000 
#OKS At   -10 : After 4 points 
-3.662155, -7.996800, -0.003000 
-3.695391, 5.962303, -0.003000 
3.366071, 5.976688, -0.003000 
3.394789, -7.989928, -0.003000 
#OKS At    -5 : After 4 points 
-3.662155, -7.996800, 0.002000 
-3.695391, 5.962303, 0.002000 
3.367339, 5.976691, 0.002000 
3.396057, -7.989927, 0.002000 
#OKS At     0 : After 4 points 
-3.662155, -7.996800, 0.007000 
-3.695391, 5.962303, 0.007000 
3.368607, 5.976694, 0.007000 
3.397325, -7.989925, 0.007000 
#OKS At   100 : After 4 points 
-3.662155, -7.996800, 0.107000 
-3.695391, 5.962306, 0.107000 
3.393965, 5.976748, 0.107000 
3.422683, -7.989901, 0.107000 
#OKS At   200 : After 4 points 
-3.662155, -7.996800, 0.207000 
-3.695391, 5.962309, 0.207000 
3.419323, 5.976803, 0.207000 
3.448041, -7.989876, 0.207000 
#OKS At   300 : After 4 points 
-3.662155, -7.996800, 0.307000 
-3.695391, 5.962312, 0.307000 
3.444682, 5.976857, 0.307000 
3.473400, -7.989851, 0.307000 
#OKS At   400 : After 4 points 
-3.662155, -7.996800, 0.407000 
-3.695391, 5.962314, 0.407000 
3.470040, 5.976912, 0.407000 
3.498758, -7.989827, 0.407000 
#OKS At   500 : After 4 points 
-3.662155, -7.996800, 0.507000 
-3.695391, 5.962317, 0.507000 
3.495398, 5.976966, 0.507000 
3.524116, -7.989802, 0.507000 
#OKS At   600 : After 4 points 
-3.662155, -7.996800, 0.607000 
-3.695391, 5.962320, 0.607000 
3.520756, 5.977021, 0.607000 
3.549475, -7.989777, 0.607000 
#OKS At   700 : After 4 points 
-3.662155, -7.996800, 0.707000 
-3.695391, 5.962323, 0.707000 
3.546115, 5.977075, 0.707000 
3.574833, -7.989753, 0.707000 
#OKS At   800 : After 5 points 
3.586928, -1.539265, 0.807000 
3.565831, 5.977118, 0.807000 
-3.695391, 5.962326, 0.807000 
-3.662155, -7.996800, 0.807000 
3.600192, -7.989728, 0.807000 
#OKS At   900 : After 4 points 
-3.662155, -7.996800, 0.907000 
-3.695391, 5.962329, 0.907000 
3.565412, 5.977120, 0.907000 
3.604614, -7.989724, 0.907000 
#OKS At  1000 : After 4 points 
-3.662155, -7.996800, 1.007000 
-3.695391, 5.962331, 1.007000 
3.564992, 5.977122, 1.007000 
3.604195, -7.989724, 1.007000 
#OKS At  1100 : After 4 points 
-3.662155, -7.996800, 1.107000 
-3.695391, 5.962334, 1.107000 
3.564573, 5.977124, 1.107000 
3.603775, -7.989724, 1.107000 
#OKS At  1200 : After 4 points 
-3.662155, -7.996800, 1.207000 
-3.695391, 5.962337, 1.207000 
3.564153, 5.977126, 1.207000 
3.603356, -7.989725, 1.207000 
#OKS At  1300 : After 4 points 
-3.662155, -7.996800, 1.307000 
-3.695391, 5.962340, 1.307000 
3.563734, 5.977128, 1.307000 
3.602937, -7.989725, 1.307000 
#OKS At  1400 : After 4 points 
-3.662155, -7.996800, 1.407000 
-3.695391, 5.962343, 1.407000 
3.563315, 5.977130, 1.407000 
3.602517, -7.989726, 1.407000 
#OKS At  1500 : After 4 points 
-3.662155, -7.996800, 1.507000 
-3.695391, 5.962346, 1.507000 
3.562895, 5.977132, 1.507000 
3.602098, -7.989726, 1.507000 
#OKS At  1600 : After 4 points 
-3.662155, -7.996800, 1.607000 
-3.695391, 5.962348, 1.607000 
3.562476, 5.977134, 1.607000 
3.601678, -7.989726, 1.607000 
#OKS At  1700 : After 4 points 
-3.662155, -7.996800, 1.707000 
-3.695391, 5.962351, 1.707000 
3.562056, 5.977136, 1.707000 
3.601259, -7.989727, 1.707000 
#OKS At  1800 : After 4 points 
-3.662155, -7.996800, 1.807000 
-3.695391, 5.962354, 1.807000 
3.561637, 5.977138, 1.807000 
3.600840, -7.989727, 1.807000 
#OKS At  1900 : After 4 points 
-3.662155, -7.996800, 1.907000 
-3.695391, 5.962357, 1.907000 
3.561218, 5.977140, 1.907000 
3.600420, -7.989728, 1.907000 
#OKS At  2000 : After 4 points 
-3.662155, -7.996800, 2.007000 
-3.695391, 5.962360, 2.007000 
3.560798, 5.977142, 2.007000 
3.600001, -7.989728, 2.007000 
#OKS At  2100 : After 4 points 
-3.662155, -7.996800, 2.107000 
-3.695391, 5.962363, 2.107000 
3.560379, 5.977144, 2.107000 
3.599582, -7.989729, 2.107000 
#OKS At  2200 : After 4 points 
-3.662155, -7.996800, 2.207000 
-3.695391, 5.962365, 2.207000 
3.559959, 5.977146, 2.207000 
3.599162, -7.989729, 2.207000 
#OKS At  2300 : After 4 points 
-3.662155, -7.996800, 2.307000 
-3.695391, 5.962368, 2.307000 
3.559540, 5.977148, 2.307000 
3.598743, -7.989729, 2.307000 
#OKS At  2400 : After 4 points 
-3.662155, -7.996800, 2.407000 
-3.695391, 5.962371, 2.407000 
3.559121, 5.977150, 2.407000 
3.598323, -7.989730, 2.407000 
#OKS At  2500 : After 4 points 
-3.662155, -7.996800, 2.507000 
-3.695391, 5.962374, 2.507000 
3.558701, 5.977152, 2.507000 
3.597904, -7.989730, 2.507000 
#OKS At  2600 : After 4 points 
-3.662155, -7.996800, 2.607000 
-3.695391, 5.962377, 2.607000 
3.558282, 5.977154, 2.607000 
3.597485, -7.989731, 2.607000 
#OKS At  2700 : After 4 points 
-3.662155, -7.996800, 2.707000 
-3.695391, 5.962380, 2.707000 
3.557862, 5.977156, 2.707000 
3.597065, -7.989731, 2.707000 
#OKS At  2800 : After 4 points 
-3.662155, -7.996800, 2.807000 
-3.695391, 5.962382, 2.807000 
3.557443, 5.977158, 2.807000 
3.596646, -7.989731, 2.807000 
#OKS At  2900 : After 4 points 
-3.662155, -7.996800, 2.907000 
-3.695391, 5.962385, 2.907000 
3.557024, 5.977160, 2.907000 
3.596226, -7.989732, 2.907000 
#OKS At  3000 : After 4 points 
-3.662155, -7.996800, 3.007000 
-3.695391, 5.962388, 3.007000 
3.556604, 5.977162, 3.007000 
3.595807, -7.989732, 3.007000 
#OKS At  3100 : After 4 points 
-3.662155, -7.996800, 3.107000 
-3.695391, 5.962391, 3.107000 
3.556185, 5.977164, 3.107000 
3.595388, -7.989733, 3.107000 
#OKS At  3200 : After 4 points 
-3.662155, -7.996800, 3.207000 
-3.695391, 5.962394, 3.207000 
3.555765, 5.977166, 3.207000 
3.594968, -7.989733, 3.207000 
#OKS At  3300 : After 4 points 
-3.662155, -7.996800, 3.307000 
-3.695391, 5.962397, 3.307000 
3.555346, 5.977168, 3.307000 
3.594549, -7.989733, 3.307000 
#OKS At  3400 : After 4 points 
-3.662155, -7.996800, 3.407000 
-3.695391, 5.962400, 3.407000 
3.554927, 5.977170, 3.407000 
3.594130, -7.989734, 3.407000 
#OKS At  3500 : After 4 points 
-3.662155, -7.996800, 3.507000 
-3.695391, 5.962402, 3.507000 
3.554507, 5.977172, 3.507000 
3.593710, -7.989734, 3.507000 
#OKS At  3600 : After 4 points 
-3.662155, -7.996800, 3.607000 
-3.695391, 5.962405, 3.607000 
3.554088, 5.977174, 3.607000 
3.593291, -7.989735, 3.607000 
#OKS At  3700 : After 4 points 
-3.662155, -7.996800, 3.707000 
-3.695391, 5.962408, 3.707000 
3.553669, 5.977176, 3.707000 
3.592871, -7.989735, 3.707000 
#OKS At  3800 : After 4 points 
-3.662155, -7.996800, 3.807000 
-3.695391, 5.962411, 3.807000 
3.553249, 5.977178, 3.807000 
3.592452, -7.989735, 3.807000 
#OKS At  3900 : After 4 points 
-3.662155, -7.996800, 3.907000 
-3.695391, 5.962414, 3.907000 
3.552830, 5.977180, 3.907000 
3.592033, -7.989736, 3.907000 
#OKS At  4000 : After 4 points 
-3.662155, -7.996800, 4.007000 
-3.695391, 5.962417, 4.007000 
3.552410, 5.977181, 4.007000 
3.591613, -7.989736, 4.007000 
#OKS At  4100 : After 4 points 
-3.662155, -7.996800, 4.107000 
-3.695391, 5.962419, 4.107000 
3.551991, 5.977183, 4.107000 
3.591194, -7.989737, 4.107000 
#OKS At  4200 : After 4 points 
-3.662155, -7.996800, 4.207000 
-3.695391, 5.962422, 4.207000 
3.551572, 5.977185, 4.207000 
3.590774, -7.989737, 4.207000 
#OKS At  4300 : After 4 points 
-3.662155, -7.996800, 4.307000 
-3.695391, 5.962425, 4.307000 
3.551152, 5.977187, 4.307000 
3.590355, -7.989738, 4.307000 
#OKS At  4400 : After 4 points 
-3.662155, -7.996800, 4.407000 
-3.695391, 5.962428, 4.407000 
3.550733, 5.977189, 4.407000 
3.589936, -7.989738, 4.407000 
#OKS At  4500 : After 4 points 
-3.662155, -7.996800, 4.507000 
-3.695391, 5.962431, 4.507000 
3.550313, 5.977191, 4.507000 
3.589516, -7.989738, 4.507000 
#OKS At  4600 : After 4 points 
-3.662155, -7.996800, 4.607000 
-3.695391, 5.962434, 4.607000 
3.549894, 5.977193, 4.607000 
3.589097, -7.989739, 4.607000 
#OKS At  4700 : After 4 points 
-3.662155, -7.996800, 4.707000 
-3.695391, 5.962436, 4.707000 
3.549475, 5.977195, 4.707000 
3.588678, -7.989739, 4.707000 
#OKS At  4800 : After 4 points 
-3.662155, -7.996800, 4.807000 
-3.695391, 5.962439, 4.807000 
3.549055, 5.977197, 4.807000 
3.588258, -7.989740, 4.807000 
#OKS At  4900 : After 4 points 
-3.662155, -7.996800, 4.907000 
-3.695391, 5.962442, 4.907000 
3.548636, 5.977199, 4.907000 
3.587839, -7.989740, 4.907000 
#OKS At  5000 : After 4 points 
-3.662155, -7.996800, 5.007000 
-3.695391, 5.962445, 5.007000 
3.548216, 5.977201, 5.007000 
3.587419, -7.989740, 5.007000 
#OKS At  5100 : After 4 points 
-3.662155, -7.996800, 5.107000 
-3.695391, 5.962448, 5.107000 
3.547797, 5.977203, 5.107000 
3.587000, -7.989741, 5.107000 
#OKS At  5200 : After 4 points 
-3.662155, -7.996800, 5.207000 
-3.695391, 5.962451, 5.207000 
3.547378, 5.977205, 5.207000 
3.586581, -7.989741, 5.207000 
#OKS At  5300 : After 4 points 
-3.662155, -7.996800, 5.307000 
-3.695391, 5.962453, 5.307000 
3.546958, 5.977207, 5.307000 
3.586161, -7.989742, 5.307000 
#OKS At  5400 : After 4 points 
-3.662155, -7.996800, 5.407000 
-3.695391, 5.962456, 5.407000 
3.546539, 5.977209, 5.407000 
3.585742, -7.989742, 5.407000 
#OKS At  5500 : After 4 points 
-3.662155, -7.996800, 5.507000 
-3.695391, 5.962459, 5.507000 
3.546119, 5.977211, 5.507000 
3.585322, -7.989742, 5.507000 
#OKS At  5600 : After 4 points 
-3.662155, -7.996800, 5.607000 
-3.695391, 5.962462, 5.607000 
3.545700, 5.977213, 5.607000 
3.584903, -7.989743, 5.607000 
#OKS At  5700 : After 4 points 
-3.662155, -7.996800, 5.707000 
-3.695391, 5.962465, 5.707000 
3.545281, 5.977215, 5.707000 
3.584484, -7.989743, 5.707000 
#OKS At  5800 : After 4 points 
-3.662155, -7.996800, 5.807000 
-3.695391, 5.962468, 5.807000 
3.544861, 5.977217, 5.807000 
3.584064, -7.989744, 5.807000 
#OKS At  5900 : After 4 points 
-3.662155, -7.996800, 5.907000 
-3.695391, 5.962470, 5.907000 
3.544442, 5.977219, 5.907000 
3.583645, -7.989744, 5.907000 
#OKS At  6000 : After 4 points 
-3.662155, -7.996800, 6.007000 
-3.695391, 5.962473, 6.007000 
3.544022, 5.977221, 6.007000 
3.583225, -7.989744, 6.007000 
#OKS At  6100 : After 4 points 
-3.662155, -7.996800, 6.107000 
-3.695391, 5.962476, 6.107000 
3.543603, 5.977223, 6.107000 
3.582806, -7.989745, 6.107000 
#OKS At  6200 : After 4 points 
-3.662155, -7.996800, 6.207000 
-3.695391, 5.962479, 6.207000 
3.543184, 5.977225, 6.207000 
3.582387, -7.989745, 6.207000 
#OKS At  6300 : After 4 points 
-3.662155, -7.996800, 6.307000 
-3.695391, 5.962482, 6.307000 
3.542764, 5.977227, 6.307000 
3.581967, -7.989746, 6.307000 
#OKS At  6400 : After 4 points 
-3.662155, -7.996800, 6.407000 
-3.695391, 5.962485, 6.407000 
3.542345, 5.977229, 6.407000 
3.581548, -7.989746, 6.407000 
#OKS At  6500 : After 4 points 
-3.662155, -7.996800, 6.507000 
-3.695391, 5.962487, 6.507000 
3.541926, 5.977231, 6.507000 
3.581129, -7.989746, 6.507000 
#OKS At  6600 : After 4 points 
-3.662155, -7.996800, 6.607000 
-3.695391, 5.962490, 6.607000 
3.541506, 5.977233, 6.607000 
3.580709, -7.989747, 6.607000 
#OKS At  6700 : After 4 points 
-3.662155, -7.996800, 6.707000 
-3.695391, 5.962493, 6.707000 
3.541087, 5.977235, 6.707000 
3.580290, -7.989747, 6.707000 
#OKS At  6800 : After 4 points 
-3.662155, -7.996800, 6.807000 
-3.695391, 5.962496, 6.807000 
3.518964, 5.977193, 6.807000 
3.574271, -7.989753, 6.807000 
#OKS At  6900 : After 4 points 
-3.662155, -7.996800, 6.907000 
-3.695391, 5.962499, 6.907000 
3.495204, 5.977147, 6.907000 
3.550511, -7.989776, 6.907000 
#OKS At  7000 : After 4 points 
-3.662155, -7.996800, 7.007000 
-3.695391, 5.962502, 7.007000 
3.471443, 5.977102, 7.007000 
3.526750, -7.989799, 7.007000 
#OKS At  7100 : After 4 points 
-3.662155, -7.996800, 7.107000 
-3.695391, 5.962504, 7.107000 
3.447683, 5.977056, 7.107000 
3.502990, -7.989823, 7.107000 
#OKS At  7200 : After 4 points 
-3.662155, -7.996800, 7.207000 
-3.695391, 5.962507, 7.207000 
3.423922, 5.977010, 7.207000 
3.479229, -7.989846, 7.207000 
#OKS At  7300 : After 4 points 
-3.662155, -7.996800, 7.307000 
-3.695391, 5.962510, 7.307000 
3.400162, 5.976965, 7.307000 
3.455469, -7.989869, 7.307000 
#OKS At  7400 : After 4 points 
-3.662155, -7.996800, 7.407000 
-3.695391, 5.962513, 7.407000 
3.376401, 5.976919, 7.407000 
3.431708, -7.989892, 7.407000 
#OKS At  7500 : After 4 points 
-3.662155, -7.996800, 7.507000 
-3.695391, 5.962516, 7.507000 
3.352641, 5.976874, 7.507000 
3.407947, -7.989915, 7.507000 
#OKS At  7600 : After 4 points 
-3.662155, -7.996800, 7.607000 
-3.695391, 5.962519, 7.607000 
2.217277, 5.974564, 7.607000 
2.385247, -7.990911, 7.607000 
#OKS At  7700 : After 4 points 
-3.662155, -7.996800, 7.707000 
-3.695391, 5.962521, 7.707000 
1.269535, 5.972636, 7.707000 
1.300326, -7.991968, 7.707000 
#OKS At  7800 : After 4 points 
-3.662155, -7.996800, 7.807000 
-3.695391, 5.962524, 7.807000 
1.269454, 5.972638, 7.807000 
1.300245, -7.991968, 7.807000 
#OKS At  7900 : After 4 points 
-3.662155, -7.996800, 7.907000 
-3.695391, 5.962527, 7.907000 
1.269372, 5.972641, 7.907000 
1.300163, -7.991968, 7.907000 
#OKS At  8000 : After 4 points 
-3.662155, -7.996800, 8.007000 
-3.695391, 5.962530, 8.007000 
1.269290, 5.972644, 8.007000 
1.300081, -7.991968, 8.007000 
#OKS At  8100 : After 4 points 
-3.662155, -7.996800, 8.107000 
-3.695391, 5.962533, 8.107000 
1.269208, 5.972646, 8.107000 
1.299999, -7.991968, 8.107000 
#OKS At  8200 : After 4 points 
-3.662155, -7.996800, 8.207000 
-3.695391, 5.962536, 8.207000 
1.269126, 5.972649, 8.207000 
1.299917, -7.991968, 8.207000 
#OKS At  8300 : After 4 points 
-3.662155, -7.996800, 8.307000 
-3.695391, 5.962538, 8.307000 
1.269044, 5.972652, 8.307000 
1.299835, -7.991968, 8.307000 
#OKS At  8400 : After 4 points 
-3.662155, -7.996800, 8.407000 
-3.695391, 5.962541, 8.407000 
1.268962, 5.972654, 8.407000 
1.299753, -7.991968, 8.407000 
#OKS At  8500 : After 4 points 
-3.662155, -7.996800, 8.507000 
-3.695391, 5.962544, 8.507000 
1.268880, 5.972657, 8.507000 
1.299671, -7.991968, 8.507000 
#OKS At  8600 : After 4 points 
-3.662155, -7.996800, 8.607000 
-3.695391, 5.962547, 8.607000 
1.268798, 5.972660, 8.607000 
1.299589, -7.991968, 8.607000 
#OKS At  8700 : After 4 points 
-3.662155, -7.996800, 8.707000 
-3.695391, 5.962550, 8.707000 
1.268716, 5.972662, 8.707000 
1.299507, -7.991968, 8.707000 
#OKS At  8800 : After 4 points 
-3.662155, -7.996800, 8.807000 
-3.695391, 5.962553, 8.807000 
1.268634, 5.972665, 8.807000 
1.299425, -7.991969, 8.807000 
#OKS At  8900 : After 4 points 
-3.662155, -7.996800, 8.907000 
-3.695391, 5.962555, 8.907000 
1.268552, 5.972668, 8.907000 
1.299344, -7.991969, 8.907000 
#OKS At  9000 : After 4 points 
-3.662155, -7.996800, 9.007000 
-3.695391, 5.962558, 9.007000 
1.268471, 5.972670, 9.007000 
1.299262, -7.991969, 9.007000 
