#OKS At   -10 : After 4 points 
4.271701, -7.466989, -1.431000 
-1.965432, -7.406853, -1.431000 
-0.372965, 6.540088, -1.431000 
4.381844, 6.502369, -1.431000 
#OKS At    -5 : After 4 points 
-2.834168, -7.398477, -1.426000 
-2.701568, 6.558556, -1.426000 
4.381844, 6.502365, -1.426000 
4.271701, -7.466989, -1.426000 
#OKS At     0 : After 4 points 
-2.835426, -7.398464, -1.421000 
-2.702826, 6.558562, -1.421000 
4.381844, 6.502361, -1.421000 
4.271701, -7.466989, -1.421000 
#OKS At   100 : After 4 points 
-2.860592, -7.398222, -1.321000 
-2.727993, 6.558681, -1.321000 
4.381843, 6.502280, -1.321000 
4.271701, -7.466989, -1.321000 
#OKS At   200 : After 4 points 
-2.885758, -7.397979, -1.221000 
-2.753160, 6.558800, -1.221000 
4.381843, 6.502200, -1.221000 
4.271701, -7.466989, -1.221000 
#OKS At   300 : After 4 points 
-2.910923, -7.397736, -1.121000 
-2.778327, 6.558919, -1.121000 
4.381842, 6.502119, -1.121000 
4.271701, -7.466989, -1.121000 
#OKS At   400 : After 4 points 
-2.936089, -7.397494, -1.021000 
-2.803494, 6.559038, -1.021000 
4.381841, 6.502039, -1.021000 
4.271701, -7.466989, -1.021000 
#OKS At   500 : After 4 points 
-2.961255, -7.397251, -0.921000 
-2.828661, 6.559157, -0.921000 
4.381841, 6.501958, -0.921000 
4.271701, -7.466989, -0.921000 
#OKS At   600 : After 4 points 
-2.986421, -7.397009, -0.821000 
-2.853828, 6.559276, -0.821000 
4.381840, 6.501878, -0.821000 
4.271701, -7.466989, -0.821000 
#OKS At   700 : After 4 points 
-3.011587, -7.396766, -0.721000 
-2.878995, 6.559395, -0.721000 
4.381840, 6.501797, -0.721000 
4.271701, -7.466989, -0.721000 
#OKS At   800 : After 5 points 
-2.947438, 2.004401, -0.621000 
-2.902809, 6.559504, -0.621000 
4.381839, 6.501717, -0.621000 
4.271701, -7.466989, -0.621000 
-3.036752, -7.396523, -0.621000 
#OKS At   900 : After 4 points 
-3.039469, -7.396497, -0.521000 
-2.902734, 6.559422, -0.521000 
4.381838, 6.501636, -0.521000 
4.271701, -7.466989, -0.521000 
#OKS At  1000 : After 4 points 
-3.039393, -7.396498, -0.421000 
-2.902659, 6.559341, -0.421000 
4.381838, 6.501555, -0.421000 
4.271701, -7.466989, -0.421000 
#OKS At  1100 : After 4 points 
-3.039317, -7.396499, -0.321000 
-2.902584, 6.559260, -0.321000 
4.381837, 6.501475, -0.321000 
4.271701, -7.466989, -0.321000 
#OKS At  1200 : After 4 points 
-3.039241, -7.396499, -0.221000 
-2.902509, 6.559179, -0.221000 
4.381836, 6.501394, -0.221000 
4.271701, -7.466989, -0.221000 
#OKS At  1300 : After 4 points 
-3.039165, -7.396500, -0.121000 
-2.902433, 6.559098, -0.121000 
4.381836, 6.501314, -0.121000 
4.271701, -7.466989, -0.121000 
#OKS At  1400 : After 4 points 
-3.039090, -7.396501, -0.021000 
-2.902358, 6.559017, -0.021000 
4.381835, 6.501233, -0.021000 
4.271701, -7.466989, -0.021000 
#OKS At  1500 : After 4 points 
-3.039014, -7.396501, 0.079000 
-2.902283, 6.558936, 0.079000 
4.381834, 6.501153, 0.079000 
4.271701, -7.466989, 0.079000 
#OKS At  1600 : After 4 points 
-3.038938, -7.396502, 0.179000 
-2.902208, 6.558854, 0.179000 
4.381834, 6.501072, 0.179000 
4.271701, -7.466989, 0.179000 
#OKS At  1700 : After 4 points 
-3.038862, -7.396503, 0.279000 
-2.902133, 6.558773, 0.279000 
4.381833, 6.500992, 0.279000 
4.271701, -7.466989, 0.279000 
#OKS At  1800 : After 4 points 
-3.038786, -7.396504, 0.379000 
-2.902058, 6.558692, 0.379000 
4.381833, 6.500911, 0.379000 
4.271701, -7.466989, 0.379000 
#OKS At  1900 : After 4 points 
-3.038710, -7.396504, 0.479000 
-2.901983, 6.558611, 0.479000 
4.381832, 6.500831, 0.479000 
4.271701, -7.466989, 0.479000 
#OKS At  2000 : After 4 points 
-3.038634, -7.396505, 0.579000 
-2.901907, 6.558530, 0.579000 
4.381831, 6.500750, 0.579000 
4.271701, -7.466989, 0.579000 
#OKS At  2100 : After 4 points 
-3.038558, -7.396506, 0.679000 
-2.901832, 6.558449, 0.679000 
4.381831, 6.500669, 0.679000 
4.271701, -7.466989, 0.679000 
#OKS At  2200 : After 4 points 
-3.038482, -7.396507, 0.779000 
-2.901757, 6.558368, 0.779000 
4.381830, 6.500589, 0.779000 
4.271701, -7.466989, 0.779000 
#OKS At  2300 : After 4 points 
-3.038406, -7.396507, 0.879000 
-2.901682, 6.558286, 0.879000 
4.381829, 6.500508, 0.879000 
4.271701, -7.466989, 0.879000 
#OKS At  2400 : After 4 points 
-3.038330, -7.396508, 0.979000 
-2.901607, 6.558205, 0.979000 
4.381829, 6.500428, 0.979000 
4.271701, -7.466989, 0.979000 
#OKS At  2500 : After 4 points 
-3.038254, -7.396509, 1.079000 
-2.901532, 6.558124, 1.079000 
4.381828, 6.500347, 1.079000 
4.271701, -7.466989, 1.079000 
#OKS At  2600 : After 4 points 
-3.038178, -7.396510, 1.179000 
-2.901457, 6.558043, 1.179000 
4.381828, 6.500267, 1.179000 
4.271701, -7.466989, 1.179000 
#OKS At  2700 : After 4 points 
-3.038103, -7.396510, 1.279000 
-2.901381, 6.557962, 1.279000 
4.381827, 6.500186, 1.279000 
4.271701, -7.466989, 1.279000 
#OKS At  2800 : After 4 points 
-3.038027, -7.396511, 1.379000 
-2.901306, 6.557881, 1.379000 
4.381826, 6.500106, 1.379000 
4.271701, -7.466989, 1.379000 
#OKS At  2900 : After 4 points 
-3.037951, -7.396512, 1.479000 
-2.901231, 6.557799, 1.479000 
4.381826, 6.500025, 1.479000 
4.271701, -7.466989, 1.479000 
#OKS At  3000 : After 4 points 
-3.037875, -7.396512, 1.579000 
-2.901156, 6.557718, 1.579000 
4.381825, 6.499944, 1.579000 
4.271701, -7.466989, 1.579000 
#OKS At  3100 : After 4 points 
-3.037799, -7.396513, 1.679000 
-2.901081, 6.557637, 1.679000 
4.381824, 6.499864, 1.679000 
4.271701, -7.466989, 1.679000 
#OKS At  3200 : After 4 points 
-3.037723, -7.396514, 1.779000 
-2.901006, 6.557556, 1.779000 
4.381824, 6.499783, 1.779000 
4.271701, -7.466989, 1.779000 
#OKS At  3300 : After 4 points 
-3.037647, -7.396515, 1.879000 
-2.900931, 6.557475, 1.879000 
4.381823, 6.499703, 1.879000 
4.271701, -7.466989, 1.879000 
#OKS At  3400 : After 4 points 
-3.037571, -7.396515, 1.979000 
-2.900856, 6.557394, 1.979000 
4.381822, 6.499622, 1.979000 
4.271701, -7.466989, 1.979000 
#OKS At  3500 : After 4 points 
-3.037495, -7.396516, 2.079000 
-2.900780, 6.557313, 2.079000 
4.381822, 6.499542, 2.079000 
4.271701, -7.466989, 2.079000 
#OKS At  3600 : After 4 points 
-3.037419, -7.396517, 2.179000 
-2.900705, 6.557231, 2.179000 
4.381821, 6.499461, 2.179000 
4.271701, -7.466989, 2.179000 
#OKS At  3700 : After 4 points 
-3.037343, -7.396518, 2.279000 
-2.900630, 6.557150, 2.279000 
4.381821, 6.499381, 2.279000 
4.271701, -7.466989, 2.279000 
#OKS At  3800 : After 4 points 
-3.037267, -7.396518, 2.379000 
-2.900555, 6.557069, 2.379000 
4.381820, 6.499300, 2.379000 
4.271701, -7.466989, 2.379000 
#OKS At  3900 : After 4 points 
-3.037191, -7.396519, 2.479000 
-2.900480, 6.556988, 2.479000 
4.381819, 6.499220, 2.479000 
4.271701, -7.466989, 2.479000 
#OKS At  4000 : After 4 points 
-3.037115, -7.396520, 2.579000 
-2.900405, 6.556907, 2.579000 
4.381819, 6.499139, 2.579000 
4.271701, -7.466989, 2.579000 
#OKS At  4100 : After 4 points 
-3.037040, -7.396521, 2.679000 
-2.900330, 6.556826, 2.679000 
4.381818, 6.499058, 2.679000 
4.271701, -7.466989, 2.679000 
#OKS At  4200 : After 4 points 
-3.036964, -7.396521, 2.779000 
-2.900254, 6.556745, 2.779000 
4.381817, 6.498978, 2.779000 
4.271701, -7.466989, 2.779000 
#OKS At  4300 : After 4 points 
-3.036888, -7.396522, 2.879000 
-2.900179, 6.556663, 2.879000 
4.381817, 6.498897, 2.879000 
4.271701, -7.466989, 2.879000 
#OKS At  4400 : After 4 points 
-3.036812, -7.396523, 2.979000 
-2.900104, 6.556582, 2.979000 
4.381816, 6.498817, 2.979000 
4.271701, -7.466989, 2.979000 
#OKS At  4500 : After 4 points 
-3.036736, -7.396523, 3.079000 
-2.900029, 6.556501, 3.079000 
4.381815, 6.498736, 3.079000 
4.271701, -7.466989, 3.079000 
#OKS At  4600 : After 4 points 
-3.036660, -7.396524, 3.179000 
-2.899954, 6.556420, 3.179000 
4.381815, 6.498656, 3.179000 
4.271701, -7.466989, 3.179000 
#OKS At  4700 : After 4 points 
-3.036584, -7.396525, 3.279000 
-2.899879, 6.556339, 3.279000 
4.381814, 6.498575, 3.279000 
4.271701, -7.466989, 3.279000 
#OKS At  4800 : After 4 points 
-3.036508, -7.396526, 3.379000 
-2.899804, 6.556258, 3.379000 
4.381814, 6.498495, 3.379000 
4.271701, -7.466989, 3.379000 
#OKS At  4900 : After 4 points 
-3.036432, -7.396526, 3.479000 
-2.899728, 6.556176, 3.479000 
4.381813, 6.498414, 3.479000 
4.271701, -7.466989, 3.479000 
#OKS At  5000 : After 4 points 
-3.036356, -7.396527, 3.579000 
-2.899653, 6.556095, 3.579000 
4.381812, 6.498333, 3.579000 
4.271701, -7.466989, 3.579000 
#OKS At  5100 : After 4 points 
-3.036280, -7.396528, 3.679000 
-2.899578, 6.556014, 3.679000 
4.381812, 6.498253, 3.679000 
4.271701, -7.466989, 3.679000 
#OKS At  5200 : After 4 points 
-3.036204, -7.396529, 3.779000 
-2.899503, 6.555933, 3.779000 
4.381811, 6.498172, 3.779000 
4.271701, -7.466989, 3.779000 
#OKS At  5300 : After 4 points 
-3.036128, -7.396529, 3.879000 
-2.899428, 6.555852, 3.879000 
4.381810, 6.498092, 3.879000 
4.271701, -7.466989, 3.879000 
#OKS At  5400 : After 4 points 
-3.036053, -7.396530, 3.979000 
-2.899353, 6.555771, 3.979000 
4.381810, 6.498011, 3.979000 
4.271701, -7.466989, 3.979000 
#OKS At  5500 : After 4 points 
-3.035977, -7.396531, 4.079000 
-2.899278, 6.555690, 4.079000 
4.381809, 6.497931, 4.079000 
4.271701, -7.466989, 4.079000 
#OKS At  5600 : After 4 points 
-3.035901, -7.396532, 4.179000 
-2.899203, 6.555608, 4.179000 
4.381808, 6.497850, 4.179000 
4.271701, -7.466989, 4.179000 
#OKS At  5700 : After 4 points 
-3.035825, -7.396532, 4.279000 
-2.899127, 6.555527, 4.279000 
4.381808, 6.497770, 4.279000 
4.271701, -7.466989, 4.279000 
#OKS At  5800 : After 4 points 
-3.035749, -7.396533, 4.379000 
-2.899052, 6.555446, 4.379000 
4.381807, 6.497689, 4.379000 
4.271701, -7.466989, 4.379000 
#OKS At  5900 : After 4 points 
-3.035673, -7.396534, 4.479000 
-2.898977, 6.555365, 4.479000 
4.381807, 6.497608, 4.479000 
4.271701, -7.466989, 4.479000 
#OKS At  6000 : After 4 points 
-3.035597, -7.396534, 4.579000 
-2.898902, 6.555284, 4.579000 
4.381806, 6.497528, 4.579000 
4.271701, -7.466989, 4.579000 
#OKS At  6100 : After 4 points 
-3.035521, -7.396535, 4.679000 
-2.898827, 6.555203, 4.679000 
4.381805, 6.497447, 4.679000 
4.271701, -7.466989, 4.679000 
#OKS At  6200 : After 4 points 
-3.035445, -7.396536, 4.779000 
-2.898752, 6.555122, 4.779000 
4.381805, 6.497367, 4.779000 
4.271701, -7.466989, 4.779000 
#OKS At  6300 : After 4 points 
-3.035369, -7.396537, 4.879000 
-2.898677, 6.555040, 4.879000 
4.381804, 6.497286, 4.879000 
4.271701, -7.466989, 4.879000 
#OKS At  6400 : After 4 points 
-3.035293, -7.396537, 4.979000 
-2.898601, 6.554959, 4.979000 
4.381803, 6.497206, 4.979000 
4.271701, -7.466989, 4.979000 
#OKS At  6500 : After 4 points 
-3.035217, -7.396538, 5.079000 
-2.898526, 6.554878, 5.079000 
4.381803, 6.497125, 5.079000 
4.271701, -7.466989, 5.079000 
#OKS At  6600 : After 4 points 
-3.035141, -7.396539, 5.179000 
-2.898451, 6.554797, 5.179000 
4.381802, 6.497045, 5.179000 
4.271701, -7.466989, 5.179000 
#OKS At  6700 : After 4 points 
-3.035066, -7.396540, 5.279000 
-2.898376, 6.554716, 5.279000 
4.381801, 6.496964, 5.279000 
4.271701, -7.466989, 5.279000 
#OKS At  6800 : After 4 points 
-3.021766, -7.396668, 5.379000 
-2.889308, 6.554563, 5.379000 
4.381801, 6.496884, 5.379000 
4.271701, -7.466989, 5.379000 
#OKS At  6900 : After 4 points 
-2.997498, -7.396902, 5.479000 
-2.865040, 6.554290, 5.479000 
4.381800, 6.496803, 5.479000 
4.271701, -7.466989, 5.479000 
#OKS At  7000 : After 4 points 
-2.973230, -7.397136, 5.579000 
-2.840772, 6.554017, 5.579000 
4.381800, 6.496722, 5.579000 
4.271701, -7.466989, 5.579000 
#OKS At  7100 : After 4 points 
-2.948962, -7.397370, 5.679000 
-2.816505, 6.553744, 5.679000 
4.381799, 6.496642, 5.679000 
4.271701, -7.466989, 5.679000 
#OKS At  7200 : After 4 points 
-2.924694, -7.397604, 5.779000 
-2.792237, 6.553471, 5.779000 
4.381798, 6.496561, 5.779000 
4.271701, -7.466989, 5.779000 
#OKS At  7300 : After 4 points 
-2.900426, -7.397838, 5.879000 
-2.767970, 6.553198, 5.879000 
4.381798, 6.496481, 5.879000 
4.271701, -7.466989, 5.879000 
#OKS At  7400 : After 4 points 
-2.876159, -7.398072, 5.979000 
-2.743702, 6.552925, 5.979000 
4.381797, 6.496400, 5.979000 
4.271701, -7.466989, 5.979000 
#OKS At  7500 : After 4 points 
-2.851891, -7.398306, 6.079000 
-2.719435, 6.552652, 6.079000 
4.381796, 6.496320, 6.079000 
4.271701, -7.466989, 6.079000 
#OKS At  7600 : After 5 points 
-2.751058, 0.665691, 6.179000 
-1.912342, -7.407365, 6.179000 
4.271701, -7.466989, 6.179000 
4.381796, 6.496239, 6.179000 
-2.695167, 6.552379, 6.179000 
#OKS At  7700 : After 4 points 
-0.744449, -7.418625, 6.279000 
-0.611583, 6.535770, 6.279000 
4.381795, 6.496159, 6.279000 
4.271701, -7.466989, 6.279000 
#OKS At  7800 : After 4 points 
-0.744406, -7.418625, 6.379000 
-0.611541, 6.535689, 6.379000 
4.381794, 6.496078, 6.379000 
4.271701, -7.466989, 6.379000 
#OKS At  7900 : After 4 points 
-0.744363, -7.418626, 6.479000 
-0.611499, 6.535608, 6.479000 
4.381794, 6.495997, 6.479000 
4.271701, -7.466989, 6.479000 
#OKS At  8000 : After 4 points 
-0.744320, -7.418626, 6.579000 
-0.611457, 6.535527, 6.579000 
4.381793, 6.495917, 6.579000 
4.271701, -7.466989, 6.579000 
#OKS At  8100 : After 4 points 
-0.744277, -7.418627, 6.679000 
-0.611415, 6.535446, 6.679000 
4.381793, 6.495836, 6.679000 
4.271701, -7.466989, 6.679000 
#OKS At  8200 : After 4 points 
-0.744234, -7.418627, 6.779000 
-0.611373, 6.535365, 6.779000 
4.381792, 6.495756, 6.779000 
4.271701, -7.466989, 6.779000 
#OKS At  8300 : After 4 points 
-0.744192, -7.418627, 6.879000 
-0.611331, 6.535284, 6.879000 
4.381791, 6.495675, 6.879000 
4.271701, -7.466989, 6.879000 
#OKS At  8400 : After 4 points 
-0.744149, -7.418628, 6.979000 
-0.611289, 6.535204, 6.979000 
4.381791, 6.495595, 6.979000 
4.271701, -7.466989, 6.979000 
#OKS At  8500 : After 4 points 
-0.744106, -7.418628, 7.079000 
-0.611246, 6.535123, 7.079000 
4.381790, 6.495514, 7.079000 
4.271701, -7.466989, 7.079000 
#OKS At  8600 : After 4 points 
-0.744063, -7.418629, 7.179000 
-0.611204, 6.535042, 7.179000 
4.381789, 6.495434, 7.179000 
4.271701, -7.466989, 7.179000 
#OKS At  8700 : After 4 points 
-0.744020, -7.418629, 7.279000 
-0.611162, 6.534961, 7.279000 
4.381789, 6.495353, 7.279000 
4.271701, -7.466989, 7.279000 
#OKS At  8800 : After 4 points 
-0.743977, -7.418630, 7.379000 
-0.611120, 6.534880, 7.379000 
4.381788, 6.495273, 7.379000 
4.271701, -7.466989, 7.379000 
#OKS At  8900 : After 4 points 
-0.743935, -7.418630, 7.479000 
-0.611078, 6.534799, 7.479000 
4.381788, 6.495192, 7.479000 
4.271701, -7.466989, 7.479000 
#OKS At  9000 : After 4 points 
-0.743892, -7.418630, 7.579000 
-0.611036, 6.534718, 7.579000 
4.381787, 6.495111, 7.579000 
4.271701, -7.466989, 7.579000 
