#OKS At   -30 : After 3 points 
3.197127, 5.784839, -1.441000 
3.249486, 2.678590, -1.441000 
0.004724, 5.729687, -1.441000 
#OKS At   -25 : After 4 points 
3.198373, 5.784860, -1.436000 
3.320238, -1.444802, -1.436000 
-3.822200, 5.271334, -1.436000 
-3.828659, 5.663459, -1.436000 
#OKS At   -20 : After 4 points 
3.199620, 5.784880, -1.431000 
3.390990, -5.568195, -1.431000 
-3.754329, 1.150639, -1.431000 
-3.828659, 5.663458, -1.431000 
#OKS At   -15 : After 5 points 
3.436257, -8.179696, -1.426000 
3.200866, 5.784901, -1.426000 
-3.828659, 5.663457, -1.426000 
-3.686457, -2.970057, -1.426000 
1.880962, -8.205166, -1.426000 
#OKS At   -10 : After 5 points 
3.437503, -8.179676, -1.421000 
3.202113, 5.784921, -1.421000 
-3.828659, 5.663456, -1.421000 
-3.618586, -7.090752, -1.421000 
-2.359581, -8.274609, -1.421000 
#OKS At    -5 : After 4 points 
3.438750, -8.179656, -1.416000 
3.203359, 5.784942, -1.416000 
-3.828659, 5.663455, -1.416000 
-3.598752, -8.294902, -1.416000 
#OKS At     0 : After 4 points 
3.439996, -8.179635, -1.411000 
3.204606, 5.784963, -1.411000 
-3.828659, 5.663454, -1.411000 
-3.598752, -8.294902, -1.411000 
#OKS At   100 : After 4 points 
3.464927, -8.179227, -1.311000 
3.229536, 5.785373, -1.311000 
-3.828658, 5.663434, -1.311000 
-3.598752, -8.294902, -1.311000 
#OKS At   200 : After 4 points 
3.489857, -8.178819, -1.211000 
3.254467, 5.785783, -1.211000 
-3.828658, 5.663413, -1.211000 
-3.598752, -8.294902, -1.211000 
#OKS At   300 : After 4 points 
3.514788, -8.178410, -1.111000 
3.279397, 5.786193, -1.111000 
-3.828658, 5.663393, -1.111000 
-3.598752, -8.294902, -1.111000 
#OKS At   400 : After 4 points 
3.539719, -8.178002, -1.011000 
3.304328, 5.786603, -1.011000 
-3.828657, 5.663372, -1.011000 
-3.598752, -8.294902, -1.011000 
#OKS At   500 : After 4 points 
3.564649, -8.177594, -0.911000 
3.329259, 5.787013, -0.911000 
-3.828657, 5.663352, -0.911000 
-3.598752, -8.294902, -0.911000 
#OKS At   600 : After 4 points 
3.589580, -8.177186, -0.811000 
3.354189, 5.787424, -0.811000 
-3.828657, 5.663331, -0.811000 
-3.598752, -8.294902, -0.811000 
#OKS At   700 : After 4 points 
3.614510, -8.176777, -0.711000 
3.379120, 5.787834, -0.711000 
-3.828656, 5.663311, -0.711000 
-3.598752, -8.294902, -0.711000 
#OKS At   800 : After 5 points 
3.482144, 1.155288, -0.611000 
3.399691, 5.788169, -0.611000 
-3.828656, 5.663290, -0.611000 
-3.598752, -8.294902, -0.611000 
3.639441, -8.176369, -0.611000 
#OKS At   900 : After 4 points 
3.647944, -8.176230, -0.511000 
3.399415, 5.788143, -0.511000 
-3.828656, 5.663270, -0.511000 
-3.598752, -8.294902, -0.511000 
#OKS At  1000 : After 4 points 
3.647667, -8.176234, -0.411000 
3.399138, 5.788118, -0.411000 
-3.828655, 5.663249, -0.411000 
-3.598752, -8.294902, -0.411000 
#OKS At  1100 : After 4 points 
3.647390, -8.176239, -0.311000 
3.398861, 5.788093, -0.311000 
-3.828655, 5.663229, -0.311000 
-3.598752, -8.294902, -0.311000 
#OKS At  1200 : After 4 points 
3.647113, -8.176243, -0.211000 
3.398584, 5.788068, -0.211000 
-3.828655, 5.663208, -0.211000 
-3.598752, -8.294902, -0.211000 
#OKS At  1300 : After 4 points 
3.646836, -8.176248, -0.111000 
3.398308, 5.788042, -0.111000 
-3.828654, 5.663188, -0.111000 
-3.598752, -8.294902, -0.111000 
#OKS At  1400 : After 4 points 
3.646559, -8.176253, -0.011000 
3.398031, 5.788017, -0.011000 
-3.828654, 5.663167, -0.011000 
-3.598752, -8.294902, -0.011000 
#OKS At  1500 : After 4 points 
3.646282, -8.176257, 0.089000 
3.397754, 5.787992, 0.089000 
-3.828654, 5.663147, 0.089000 
-3.598752, -8.294902, 0.089000 
#OKS At  1600 : After 4 points 
3.646004, -8.176262, 0.189000 
3.397478, 5.787966, 0.189000 
-3.828653, 5.663126, 0.189000 
-3.598752, -8.294902, 0.189000 
#OKS At  1700 : After 4 points 
3.645727, -8.176266, 0.289000 
3.397201, 5.787941, 0.289000 
-3.828653, 5.663106, 0.289000 
-3.598752, -8.294902, 0.289000 
#OKS At  1800 : After 4 points 
3.645450, -8.176271, 0.389000 
3.396924, 5.787916, 0.389000 
-3.828653, 5.663085, 0.389000 
-3.598752, -8.294902, 0.389000 
#OKS At  1900 : After 4 points 
3.645173, -8.176275, 0.489000 
3.396647, 5.787890, 0.489000 
-3.828652, 5.663065, 0.489000 
-3.598752, -8.294902, 0.489000 
#OKS At  2000 : After 4 points 
3.644896, -8.176280, 0.589000 
3.396371, 5.787865, 0.589000 
-3.828652, 5.663044, 0.589000 
-3.598752, -8.294902, 0.589000 
#OKS At  2100 : After 4 points 
3.644619, -8.176284, 0.689000 
3.396094, 5.787840, 0.689000 
-3.828652, 5.663023, 0.689000 
-3.598752, -8.294902, 0.689000 
#OKS At  2200 : After 4 points 
3.644342, -8.176289, 0.789000 
3.395817, 5.787815, 0.789000 
-3.828651, 5.663003, 0.789000 
-3.598752, -8.294902, 0.789000 
#OKS At  2300 : After 4 points 
3.644065, -8.176293, 0.889000 
3.395541, 5.787789, 0.889000 
-3.828651, 5.662982, 0.889000 
-3.598752, -8.294902, 0.889000 
#OKS At  2400 : After 4 points 
3.643788, -8.176298, 0.989000 
3.395264, 5.787764, 0.989000 
-3.828651, 5.662962, 0.989000 
-3.598752, -8.294902, 0.989000 
#OKS At  2500 : After 4 points 
3.643511, -8.176302, 1.089000 
3.394987, 5.787739, 1.089000 
-3.828650, 5.662941, 1.089000 
-3.598752, -8.294902, 1.089000 
#OKS At  2600 : After 4 points 
3.643234, -8.176307, 1.189000 
3.394710, 5.787713, 1.189000 
-3.828650, 5.662921, 1.189000 
-3.598752, -8.294902, 1.189000 
#OKS At  2700 : After 4 points 
3.642957, -8.176312, 1.289000 
3.394434, 5.787688, 1.289000 
-3.828650, 5.662900, 1.289000 
-3.598752, -8.294902, 1.289000 
#OKS At  2800 : After 4 points 
3.642679, -8.176316, 1.389000 
3.394157, 5.787663, 1.389000 
-3.828649, 5.662880, 1.389000 
-3.598752, -8.294902, 1.389000 
#OKS At  2900 : After 4 points 
3.642402, -8.176321, 1.489000 
3.393880, 5.787638, 1.489000 
-3.828649, 5.662859, 1.489000 
-3.598752, -8.294902, 1.489000 
#OKS At  3000 : After 4 points 
3.642125, -8.176325, 1.589000 
3.393604, 5.787612, 1.589000 
-3.828648, 5.662839, 1.589000 
-3.598752, -8.294902, 1.589000 
#OKS At  3100 : After 4 points 
3.641848, -8.176330, 1.689000 
3.393327, 5.787587, 1.689000 
-3.828648, 5.662818, 1.689000 
-3.598752, -8.294902, 1.689000 
#OKS At  3200 : After 4 points 
3.641571, -8.176334, 1.789000 
3.393050, 5.787562, 1.789000 
-3.828648, 5.662798, 1.789000 
-3.598752, -8.294902, 1.789000 
#OKS At  3300 : After 4 points 
3.641294, -8.176339, 1.889000 
3.392773, 5.787536, 1.889000 
-3.828647, 5.662777, 1.889000 
-3.598752, -8.294902, 1.889000 
#OKS At  3400 : After 4 points 
3.641017, -8.176343, 1.989000 
3.392497, 5.787511, 1.989000 
-3.828647, 5.662757, 1.989000 
-3.598752, -8.294902, 1.989000 
#OKS At  3500 : After 4 points 
3.640740, -8.176348, 2.089000 
3.392220, 5.787486, 2.089000 
-3.828647, 5.662736, 2.089000 
-3.598752, -8.294902, 2.089000 
#OKS At  3600 : After 4 points 
3.640463, -8.176352, 2.189000 
3.391943, 5.787460, 2.189000 
-3.828646, 5.662716, 2.189000 
-3.598752, -8.294902, 2.189000 
#OKS At  3700 : After 4 points 
3.640186, -8.176357, 2.289000 
3.391667, 5.787435, 2.289000 
-3.828646, 5.662695, 2.289000 
-3.598752, -8.294902, 2.289000 
#OKS At  3800 : After 4 points 
3.639909, -8.176361, 2.389000 
3.391390, 5.787410, 2.389000 
-3.828646, 5.662675, 2.389000 
-3.598752, -8.294902, 2.389000 
#OKS At  3900 : After 4 points 
3.639632, -8.176366, 2.489000 
3.391113, 5.787385, 2.489000 
-3.828645, 5.662654, 2.489000 
-3.598752, -8.294902, 2.489000 
#OKS At  4000 : After 4 points 
3.639354, -8.176370, 2.589000 
3.390836, 5.787359, 2.589000 
-3.828645, 5.662634, 2.589000 
-3.598752, -8.294902, 2.589000 
#OKS At  4100 : After 4 points 
3.639077, -8.176375, 2.689000 
3.390560, 5.787334, 2.689000 
-3.828645, 5.662613, 2.689000 
-3.598752, -8.294902, 2.689000 
#OKS At  4200 : After 4 points 
3.638800, -8.176380, 2.789000 
3.390283, 5.787309, 2.789000 
-3.828644, 5.662593, 2.789000 
-3.598752, -8.294902, 2.789000 
#OKS At  4300 : After 4 points 
3.638523, -8.176384, 2.889000 
3.390006, 5.787283, 2.889000 
-3.828644, 5.662572, 2.889000 
-3.598752, -8.294902, 2.889000 
#OKS At  4400 : After 4 points 
3.638246, -8.176389, 2.989000 
3.389730, 5.787258, 2.989000 
-3.828644, 5.662552, 2.989000 
-3.598752, -8.294902, 2.989000 
#OKS At  4500 : After 4 points 
3.637969, -8.176393, 3.089000 
3.389453, 5.787233, 3.089000 
-3.828643, 5.662531, 3.089000 
-3.598752, -8.294902, 3.089000 
#OKS At  4600 : After 4 points 
3.637692, -8.176398, 3.189000 
3.389176, 5.787207, 3.189000 
-3.828643, 5.662511, 3.189000 
-3.598752, -8.294902, 3.189000 
#OKS At  4700 : After 4 points 
3.637415, -8.176402, 3.289000 
3.388900, 5.787182, 3.289000 
-3.828643, 5.662490, 3.289000 
-3.598752, -8.294902, 3.289000 
#OKS At  4800 : After 4 points 
3.637138, -8.176407, 3.389000 
3.388623, 5.787157, 3.389000 
-3.828642, 5.662470, 3.389000 
-3.598752, -8.294902, 3.389000 
#OKS At  4900 : After 4 points 
3.636861, -8.176411, 3.489000 
3.388346, 5.787132, 3.489000 
-3.828642, 5.662449, 3.489000 
-3.598752, -8.294902, 3.489000 
#OKS At  5000 : After 4 points 
3.636584, -8.176416, 3.589000 
3.388069, 5.787106, 3.589000 
-3.828642, 5.662429, 3.589000 
-3.598752, -8.294902, 3.589000 
#OKS At  5100 : After 4 points 
3.636307, -8.176420, 3.689000 
3.387793, 5.787081, 3.689000 
-3.828641, 5.662408, 3.689000 
-3.598752, -8.294902, 3.689000 
#OKS At  5200 : After 4 points 
3.636030, -8.176425, 3.789000 
3.387516, 5.787056, 3.789000 
-3.828641, 5.662388, 3.789000 
-3.598752, -8.294902, 3.789000 
#OKS At  5300 : After 4 points 
3.635752, -8.176429, 3.889000 
3.387239, 5.787030, 3.889000 
-3.828641, 5.662367, 3.889000 
-3.598752, -8.294902, 3.889000 
#OKS At  5400 : After 4 points 
3.635475, -8.176434, 3.989000 
3.386963, 5.787005, 3.989000 
-3.828640, 5.662347, 3.989000 
-3.598752, -8.294902, 3.989000 
#OKS At  5500 : After 4 points 
3.635198, -8.176439, 4.089000 
3.386686, 5.786980, 4.089000 
-3.828640, 5.662326, 4.089000 
-3.598752, -8.294902, 4.089000 
#OKS At  5600 : After 4 points 
3.634921, -8.176443, 4.189000 
3.386409, 5.786955, 4.189000 
-3.828640, 5.662306, 4.189000 
-3.598752, -8.294902, 4.189000 
#OKS At  5700 : After 4 points 
3.634644, -8.176448, 4.289000 
3.386132, 5.786929, 4.289000 
-3.828639, 5.662285, 4.289000 
-3.598752, -8.294902, 4.289000 
#OKS At  5800 : After 4 points 
3.634367, -8.176452, 4.389000 
3.385856, 5.786904, 4.389000 
-3.828639, 5.662265, 4.389000 
-3.598752, -8.294902, 4.389000 
#OKS At  5900 : After 4 points 
3.634090, -8.176457, 4.489000 
3.385579, 5.786879, 4.489000 
-3.828639, 5.662244, 4.489000 
-3.598752, -8.294902, 4.489000 
#OKS At  6000 : After 4 points 
3.633813, -8.176461, 4.589000 
3.385302, 5.786853, 4.589000 
-3.828638, 5.662224, 4.589000 
-3.598752, -8.294902, 4.589000 
#OKS At  6100 : After 4 points 
3.633536, -8.176466, 4.689000 
3.385026, 5.786828, 4.689000 
-3.828638, 5.662203, 4.689000 
-3.598752, -8.294902, 4.689000 
#OKS At  6200 : After 4 points 
3.633259, -8.176470, 4.789000 
3.384749, 5.786803, 4.789000 
-3.828638, 5.662183, 4.789000 
-3.598752, -8.294902, 4.789000 
#OKS At  6300 : After 4 points 
3.632982, -8.176475, 4.889000 
3.384472, 5.786777, 4.889000 
-3.828637, 5.662162, 4.889000 
-3.598752, -8.294902, 4.889000 
#OKS At  6400 : After 4 points 
3.632705, -8.176479, 4.989000 
3.384195, 5.786752, 4.989000 
-3.828637, 5.662142, 4.989000 
-3.598752, -8.294902, 4.989000 
#OKS At  6500 : After 4 points 
3.632427, -8.176484, 5.089000 
3.383919, 5.786727, 5.089000 
-3.828637, 5.662121, 5.089000 
-3.598752, -8.294902, 5.089000 
#OKS At  6600 : After 4 points 
3.632150, -8.176488, 5.189000 
3.383642, 5.786702, 5.189000 
-3.828636, 5.662101, 5.189000 
-3.598752, -8.294902, 5.189000 
#OKS At  6700 : After 4 points 
3.631873, -8.176493, 5.289000 
3.383365, 5.786676, 5.289000 
-3.828636, 5.662080, 5.289000 
-3.598752, -8.294902, 5.289000 
#OKS At  6800 : After 4 points 
3.619944, -8.176688, 5.389000 
3.363662, 5.786315, 5.389000 
-3.828636, 5.662060, 5.389000 
-3.598752, -8.294902, 5.389000 
#OKS At  6900 : After 4 points 
3.596929, -8.177065, 5.489000 
3.340648, 5.785897, 5.489000 
-3.828635, 5.662039, 5.489000 
-3.598752, -8.294902, 5.489000 
#OKS At  7000 : After 4 points 
3.573914, -8.177442, 5.589000 
3.317634, 5.785479, 5.589000 
-3.828635, 5.662019, 5.589000 
-3.598752, -8.294902, 5.589000 
#OKS At  7100 : After 4 points 
3.550899, -8.177819, 5.689000 
3.294620, 5.785061, 5.689000 
-3.828635, 5.661998, 5.689000 
-3.598752, -8.294902, 5.689000 
#OKS At  7200 : After 4 points 
3.527884, -8.178196, 5.789000 
3.271606, 5.784643, 5.789000 
-3.828634, 5.661978, 5.789000 
-3.598752, -8.294902, 5.789000 
#OKS At  7300 : After 4 points 
3.504869, -8.178573, 5.889000 
3.248592, 5.784225, 5.889000 
-3.828634, 5.661957, 5.889000 
-3.598752, -8.294902, 5.889000 
#OKS At  7400 : After 4 points 
3.481854, -8.178950, 5.989000 
3.225577, 5.783807, 5.989000 
-3.828634, 5.661937, 5.989000 
-3.598752, -8.294902, 5.989000 
#OKS At  7500 : After 4 points 
3.458839, -8.179327, 6.089000 
3.202563, 5.783389, 6.089000 
-3.828633, 5.661916, 6.089000 
-3.598752, -8.294902, 6.089000 
#OKS At  7600 : After 4 points 
2.573818, -8.193820, 6.189000 
2.148407, 5.765156, 6.189000 
-3.828633, 5.661895, 6.189000 
-3.598752, -8.294902, 6.189000 
#OKS At  7700 : After 4 points 
1.348686, -8.213882, 6.289000 
1.111082, 5.747215, 6.289000 
-3.828633, 5.661875, 6.289000 
-3.598752, -8.294902, 6.289000 
#OKS At  7800 : After 4 points 
1.348965, -8.213878, 6.389000 
1.111361, 5.747199, 6.389000 
-3.828632, 5.661854, 6.389000 
-3.598752, -8.294902, 6.389000 
#OKS At  7900 : After 4 points 
1.349243, -8.213873, 6.489000 
1.111640, 5.747183, 6.489000 
-3.828632, 5.661834, 6.489000 
-3.598752, -8.294902, 6.489000 
#OKS At  8000 : After 4 points 
1.349522, -8.213869, 6.589000 
1.111918, 5.747167, 6.589000 
-3.828632, 5.661813, 6.589000 
-3.598752, -8.294902, 6.589000 
#OKS At  8100 : After 4 points 
1.349801, -8.213864, 6.689000 
1.112197, 5.747152, 6.689000 
-3.828631, 5.661793, 6.689000 
-3.598752, -8.294902, 6.689000 
#OKS At  8200 : After 4 points 
1.350079, -8.213860, 6.789000 
1.112476, 5.747136, 6.789000 
-3.828631, 5.661772, 6.789000 
-3.598752, -8.294902, 6.789000 
#OKS At  8300 : After 4 points 
1.350358, -8.213855, 6.889000 
1.112755, 5.747120, 6.889000 
-3.828631, 5.661752, 6.889000 
-3.598752, -8.294902, 6.889000 
#OKS At  8400 : After 4 points 
1.350636, -8.213850, 6.989000 
1.113034, 5.747105, 6.989000 
-3.828630, 5.661731, 6.989000 
-3.598752, -8.294902, 6.989000 
#OKS At  8500 : After 4 points 
1.350915, -8.213846, 7.089000 
1.113313, 5.747089, 7.089000 
-3.828630, 5.661711, 7.089000 
-3.598752, -8.294902, 7.089000 
#OKS At  8600 : After 4 points 
1.351194, -8.213841, 7.189000 
1.113592, 5.747073, 7.189000 
-3.828630, 5.661690, 7.189000 
-3.598752, -8.294902, 7.189000 
#OKS At  8700 : After 4 points 
1.351472, -8.213837, 7.289000 
1.113871, 5.747058, 7.289000 
-3.828629, 5.661670, 7.289000 
-3.598752, -8.294902, 7.289000 
#OKS At  8800 : After 4 points 
1.351751, -8.213832, 7.389000 
1.114150, 5.747042, 7.389000 
-3.828629, 5.661649, 7.389000 
-3.598752, -8.294902, 7.389000 
#OKS At  8900 : After 4 points 
1.352029, -8.213828, 7.489000 
1.114429, 5.747026, 7.489000 
-3.828629, 5.661629, 7.489000 
-3.598752, -8.294902, 7.489000 
#OKS At  9000 : After 4 points 
1.352308, -8.213823, 7.589000 
1.114708, 5.747011, 7.589000 
-3.828628, 5.661608, 7.589000 
-3.598752, -8.294902, 7.589000 
