CHECKING DISTANT FROM POINTS TO AVERAGE PLANE TO REMOVE INCORRECT POINT. 

Distant of points(mm) belongs the plane 0 (24 points): 
10.87(284), 10.08(283),  9.75(290),  8.36(286),  7.22(285),  6.94(279),  6.76(282),  6.24(293),  6.15(292),  5.29(300),  4.96(294),  4.84(296),  4.69(281),  4.50(291),  3.56(297),  3.02(295),  2.79(280),  2.58(278),  1.91(288),  1.56(287),  1.06(289),  0.97(298),  0.30(299),  0.23(277), 
Distant of points(mm) belongs the plane 1 (12 points): 
 3.70(305),  2.63(308),  2.58(306),  2.46(311),  2.24(303),  2.23(304),  2.11(309),  2.11(301),  2.03(302),  1.93(310),  1.49(307),  0.45(312), 
Distant of points(mm) belongs the plane 2 (14 points): 
11.03(325),  8.96(319),  5.07(328),  4.19(331),  3.97(320),  3.79(332),  3.59(322),  3.07(324),  2.48(329),  2.29(323),  1.66(326),  0.88(327),  0.80(330),  0.11(321), 
Distant of points(mm) belongs the plane 3 (3 points): 
 0.00(317),  0.00(318),  0.00(316), 
Distant of points(mm) belongs the plane 4 (3 points): 
 0.00(314),  0.00(313),  0.00(315), 
Distant of points(mm) belongs the plane 5 (22 points): 
13.24(16), 12.73(26), 11.31(8), 10.36(13),  7.02(22),  5.99(23),  5.13(17),  4.23(9),  3.93(28),  3.86(21),  3.41(10),  3.30(19),  2.84(14),  2.84(18),  2.73(20),  2.68(25),  1.98(11),  1.57(29),  0.64(27),  0.16(24),  0.14(15),  0.04(12), 
Distant of points(mm) belongs the plane 6 (38 points): 
19.98(134), 14.26(163), 13.11(149), 11.98(158), 11.77(162), 10.69(139), 10.32(159), 10.27(148),  9.11(136),  9.02(154),  8.95(146),  8.81(140),  8.73(129),  7.24(144),  6.95(156),  6.90(131),  6.56(141),  5.45(151),  5.21(130),  4.96(161),  4.53(143),  3.97(164),  3.47(137),  3.45(132),  3.39(147),  2.88(135),  2.79(138),  2.63(150),  1.97(153),  1.89(145),  1.69(157),  1.55(142),  1.52(166),  1.00(133),  0.93(160),  0.75(152),  0.52(155),  0.18(165), 
Distant of points(mm) belongs the plane 7 (34 points): 
18.64(167), 14.90(176), 14.21(191), 14.01(169), 13.58(196), 12.94(187), 11.82(184), 11.57(199), 11.36(200), 10.32(170), 10.22(192),  9.30(174),  9.22(177),  8.77(175),  8.73(186),  8.65(194),  7.72(173),  7.61(180),  6.19(185),  5.70(188),  4.92(197),  4.51(190),  3.95(182),  3.56(183),  3.18(181),  2.95(179),  2.56(193),  2.41(198),  2.22(189),  2.00(171),  1.70(168),  1.61(172),  1.50(195),  0.52(178), 
Distant of points(mm) belongs the plane 8 (14 points): 
 4.02(37),  2.84(36),  2.67(40),  2.23(32),  1.70(30),  1.70(43),  1.58(34),  1.47(41),  1.20(31),  1.06(38),  0.92(39),  0.59(42),  0.42(35),  0.04(33), 
Distant of points(mm) belongs the plane 9 (23 points): 
13.57(48),  8.16(62),  7.39(44),  7.00(59),  6.98(49),  6.35(52),  5.92(54),  5.82(60),  5.61(53),  5.45(51),  5.36(55),  4.76(58),  4.73(47),  4.40(56),  4.13(61),  3.26(63),  3.24(57),  2.99(65),  2.55(66),  2.20(64),  2.07(50),  1.55(45),  1.27(46), 
Distant of points(mm) belongs the plane 10 (12 points): 
 7.50(78),  7.20(67),  5.27(72),  5.10(68),  4.93(76),  4.75(75),  3.78(77),  3.03(69),  2.51(73),  2.16(71),  1.97(70),  1.09(74), 
Distant of points(mm) belongs the plane 11 (50 points): 
16.45(123), 16.02(119), 15.78(128), 15.18(122), 15.02(124), 13.77(93), 12.95(79), 12.79(94), 12.64(114), 11.98(88), 10.88(103), 10.12(95),  9.79(125),  9.77(80),  9.63(92),  9.01(102),  8.51(127),  8.27(113),  7.50(87),  7.36(98),  6.55(101),  6.38(118),  6.16(89),  5.93(84),  5.39(81),  5.19(91),  4.48(100),  4.39(115),  4.26(121),  4.20(120),  3.87(109),  3.64(108),  3.61(82),  3.52(105),  2.83(96),  2.53(117),  2.12(99),  2.06(85),  1.57(110),  1.56(97),  1.34(106),  1.19(86),  1.19(112),  1.08(126),  1.07(83),  0.64(107),  0.33(104),  0.26(90),  0.06(116),  0.05(111), 
Distant of points(mm) belongs the plane 12 (4 points): 
 2.63(201),  2.28(204),  2.23(202),  1.88(203), 
Distant of points(mm) belongs the plane 13 (7 points): 
 9.82(209),  7.38(210),  3.98(207),  3.07(205),  3.02(208),  1.27(211),  0.22(206), 
Distant of points(mm) belongs the plane 14 (4 points): 
 1.62(215),  1.61(214),  1.27(212),  1.26(213), 
Distant of points(mm) belongs the plane 15 (4 points): 
 1.55(218),  1.46(219),  1.20(217),  1.11(216), 
Distant of points(mm) belongs the plane 16 (10 points): 
 7.01(223),  6.31(225),  4.54(220),  3.34(221),  3.06(229),  1.75(227),  1.69(222),  0.79(226),  0.28(224),  0.18(228), 
Distant of points(mm) belongs the plane 17 (10 points): 
 9.43(232),  9.35(238),  8.85(239),  5.86(231),  3.50(237),  2.58(234),  1.92(233),  1.24(230),  0.62(235),  0.38(236), 
Distant of points(mm) belongs the plane 18 (18 points): 
26.87(257), 23.45(243), 23.04(242), 18.68(254), 15.55(240), 15.14(253), 14.50(248), 12.44(255), 10.51(249), 10.09(241),  7.86(256),  7.71(251),  7.01(245),  5.11(252),  4.77(250),  4.63(244),  3.48(247),  1.18(246), 
Distant of points(mm) belongs the plane 19 (19 points): 
12.31(258),  8.01(260),  6.72(262),  5.56(274),  5.46(275),  5.43(263),  4.89(264),  4.69(266),  3.84(273),  3.63(276),  3.33(271),  2.91(272),  2.29(267),  2.12(265),  1.61(269),  1.00(259),  0.91(270),  0.40(261),  0.26(268), 
