CHECKING DISTANT FROM POINTS TO AVERAGE PLANE TO REMOVE INCORRECT POINT. 

Distant of points(mm) belongs the plane 0 (30 points): 
 6.75(361),  6.19(372),  5.47(348),  5.14(359),  4.99(362),  4.95(365),  4.73(368),  4.41(360),  4.19(363),  4.11(354),  3.60(343),  3.60(364),  3.51(349),  3.46(357),  3.44(344),  3.28(371),  2.92(367),  2.48(347),  2.44(352),  2.02(356),  1.92(369),  1.49(345),  1.32(370),  1.19(353),  1.17(350),  0.99(355),  0.99(358),  0.42(351),  0.21(366),  0.08(346), 
Distant of points(mm) belongs the plane 1 (30 points): 
 6.50(395),  5.35(413),  4.93(403),  4.54(394),  4.21(415),  4.10(412),  3.63(409),  3.27(410),  3.25(402),  3.03(389),  2.94(404),  2.94(414),  2.83(391),  2.51(387),  2.23(400),  1.79(408),  1.68(397),  1.57(388),  1.55(416),  1.21(390),  1.01(411),  0.90(398),  0.90(407),  0.86(405),  0.59(406),  0.43(401),  0.31(393),  0.27(392),  0.14(396),  0.04(399), 
Distant of points(mm) belongs the plane 2 (10 points): 
 8.97(419),  8.45(420),  7.84(417),  4.35(418),  2.81(421),  2.35(422),  2.12(424),  2.03(426),  1.53(425),  1.37(423), 
Distant of points(mm) belongs the plane 3 (38 points): 
17.71(40), 17.53(15), 15.24(31), 15.21(13), 13.75(35), 13.24(16), 12.67(12), 11.58(45),  9.65(46),  9.62(18),  9.30(37),  8.16(32),  8.01(19),  7.34(17),  6.54(30),  6.53(25),  6.23(44),  5.87(39),  5.49(11),  4.69(26),  4.51(42),  4.14(36),  4.05(29),  3.98(23),  3.91(20),  3.87(43),  3.66(47),  3.05(14),  3.03(21),  2.05(27),  1.79(38),  1.76(22),  1.68(48),  1.37(33),  0.71(28),  0.30(24),  0.22(34),  0.04(41), 
Distant of points(mm) belongs the plane 4 (38 points): 
22.79(86), 13.79(81), 11.68(58), 11.58(61), 11.43(71), 11.09(62), 10.88(72), 10.54(57),  9.63(85),  9.26(66),  8.67(74),  8.37(59),  8.08(84),  7.97(79),  7.81(89),  6.38(80),  6.14(91),  6.12(90),  6.05(88),  5.55(56),  5.49(64),  5.19(54),  5.03(63),  4.96(69),  4.71(70),  4.22(83),  3.80(87),  3.68(77),  3.53(65),  3.14(55),  3.02(76),  2.96(73),  1.43(67),  1.34(75),  0.94(68),  0.74(82),  0.55(60),  0.43(78), 
Distant of points(mm) belongs the plane 5 (38 points): 
12.23(196),  8.81(200),  6.66(176),  6.65(177),  6.15(171),  5.96(198),  5.75(192),  5.28(197),  5.22(182),  5.02(173),  5.01(190),  4.94(184),  4.82(175),  4.78(193),  4.43(170),  4.37(164),  4.31(189),  4.09(185),  4.04(180),  3.78(183),  3.72(169),  3.67(179),  3.47(181),  3.26(167),  3.06(168),  2.99(199),  2.94(195),  2.92(194),  2.74(191),  2.67(174),  2.58(178),  2.36(172),  1.43(186),  1.25(188),  0.88(166),  0.22(163),  0.17(187),  0.08(165), 
Distant of points(mm) belongs the plane 6 (37 points): 
13.02(221), 11.45(236), 10.75(231),  7.90(220),  6.90(204),  6.64(235),  6.43(237),  5.64(226),  5.45(223),  4.96(228),  4.91(202),  4.88(217),  4.44(232),  3.87(213),  3.73(233),  3.65(216),  3.60(218),  3.39(203),  3.14(214),  3.11(225),  2.89(208),  2.88(201),  2.78(224),  2.40(230),  2.34(206),  2.34(215),  2.03(210),  1.58(205),  0.82(234),  0.80(227),  0.70(207),  0.70(212),  0.63(222),  0.46(211),  0.45(229),  0.35(219),  0.08(209), 
Distant of points(mm) belongs the plane 7 (9 points): 
118.97(241), 109.96(247), 96.13(239), 83.91(246), 67.57(238), 60.38(245), 34.69(244), 18.32(240), 12.04(243), 
Distant of points(mm) belongs the plane 8 (35 points): 
15.87(281), 15.69(280), 11.44(273),  9.36(279),  7.33(277),  7.02(276),  6.66(249),  6.55(272),  6.54(278),  6.45(254),  5.10(269),  4.91(250),  4.84(275),  4.57(256),  4.44(268),  3.83(263),  3.64(255),  3.10(274),  3.01(248),  2.37(253),  2.27(266),  2.17(265),  2.06(270),  1.63(251),  1.31(259),  1.02(258),  1.01(271),  0.74(257),  0.67(260),  0.54(262),  0.49(267),  0.25(282),  0.21(264),  0.05(252),  0.02(261), 
Distant of points(mm) belongs the plane 9 (49 points): 
 8.78(297),  7.54(296),  7.07(330),  6.34(329),  6.01(325),  5.67(322),  5.41(290),  4.94(328),  4.77(332),  4.56(291),  4.39(292),  4.28(306),  3.98(326),  3.77(308),  3.45(313),  3.40(323),  3.32(288),  3.17(321),  3.11(293),  2.96(310),  2.59(327),  2.59(318),  2.49(283),  2.45(317),  2.41(314),  2.22(298),  1.97(294),  1.92(303),  1.87(311),  1.75(309),  1.75(301),  1.69(304),  1.12(320),  1.02(300),  0.95(312),  0.90(331),  0.89(319),  0.88(315),  0.86(305),  0.79(307),  0.75(289),  0.73(302),  0.67(286),  0.54(316),  0.42(324),  0.20(287),  0.17(284),  0.09(295),  0.07(285), 
Distant of points(mm) belongs the plane 10 (10 points): 
 6.95(338),  6.01(339),  4.29(340),  2.50(342),  2.32(335),  2.03(334),  1.90(333),  1.51(336),  1.27(341),  0.53(337), 
Distant of points(mm) belongs the plane 11 (7 points): 
11.89(98),  9.73(94),  8.72(95),  8.13(92),  7.20(93),  4.81(96),  3.96(97), 
Distant of points(mm) belongs the plane 12 (21 points): 
19.55(99), 18.05(111), 16.82(102), 14.18(120), 13.14(112), 12.99(108), 11.88(109), 10.75(101), 10.16(106), 10.10(107),  9.34(118),  8.88(110),  8.46(105),  8.18(100),  7.33(119),  5.95(113),  5.21(114),  5.16(117),  1.96(116),  0.61(104),  0.52(115), 
Distant of points(mm) belongs the plane 13 (5 points): 
 4.77(125),  2.38(121),  2.10(123),  0.99(124),  0.70(122), 
Distant of points(mm) belongs the plane 14 (5 points): 
 1.84(126),  1.30(127),  0.96(130),  0.84(129),  0.66(128), 
Distant of points(mm) belongs the plane 15 (8 points): 
 7.54(133),  5.76(136),  3.66(131),  3.30(134),  2.60(135),  2.23(137),  0.90(132),  0.14(138), 
Distant of points(mm) belongs the plane 16 (20 points): 
17.11(156), 13.51(158),  9.62(145),  8.42(155),  6.45(148),  6.14(152),  5.03(143),  4.74(150),  4.31(144),  3.64(153),  2.88(149),  2.56(151),  1.83(142),  1.39(157),  1.30(146),  0.91(139),  0.90(141),  0.88(147),  0.69(140),  0.16(154), 
Distant of points(mm) belongs the plane 17 (4 points): 
 2.02(160),  2.02(159),  1.65(161),  1.64(162), 
Distant of points(mm) belongs the plane 18 (14 points): 
 8.47(373),  8.27(374),  8.09(384),  5.63(381),  4.77(375),  4.73(383),  4.55(377),  3.40(386),  2.33(380),  2.03(378),  1.58(385),  0.63(379),  0.32(376),  0.19(382), 
