CHECKING DISTANT FROM POINTS TO AVERAGE PLANE TO REMOVE INCORRECT POINT. 

Distant of points(mm) belongs the plane 0 (70 points): 
11.20(616), 10.46(668), 10.02(632),  9.81(678),  8.67(673),  8.63(683),  7.63(628),  7.33(667),  7.25(682),  7.13(652),  6.95(677),  6.74(672),  6.37(630),  5.96(685),  5.64(648),  5.46(680),  5.36(638),  5.07(623),  4.98(653),  4.79(676),  4.73(655),  4.70(681),  4.58(662),  4.57(634),  4.01(650),  3.92(654),  3.79(625),  3.52(618),  3.32(663),  3.11(659),  2.94(665),  2.42(635),  2.28(633),  2.21(684),  2.20(631),  2.10(645),  2.08(660),  1.84(617),  1.75(661),  1.55(624),  1.51(674),  1.49(629),  1.48(615),  1.33(649),  1.30(651),  1.20(622),  1.19(666),  1.15(671),  1.04(642),  0.91(637),  0.80(646),  0.71(627),  0.70(640),  0.70(620),  0.67(670),  0.63(639),  0.62(658),  0.59(621),  0.51(669),  0.51(657),  0.38(656),  0.34(644),  0.29(675),  0.25(664),  0.18(643),  0.17(641),  0.14(636),  0.12(626),  0.11(619),  0.10(679), 
Distant of points(mm) belongs the plane 1 (40 points): 
33.35(605), 30.35(608), 15.76(582), 14.89(599), 14.49(591), 11.98(610), 11.27(588), 10.81(598),  9.77(584),  8.20(590),  7.89(577),  7.85(585),  7.55(597),  7.13(574),  6.53(575),  6.37(614),  5.65(602),  4.81(589),  4.38(587),  4.36(611),  4.26(586),  3.99(594),  3.47(579),  3.42(612),  3.35(578),  3.08(609),  2.90(583),  2.78(606),  2.16(581),  2.06(607),  1.57(595),  1.22(600),  1.16(596),  1.05(592),  0.78(601),  0.71(604),  0.46(603),  0.18(593),  0.05(576),  0.04(580), 
Distant of points(mm) belongs the plane 2 (65 points): 
18.41(47), 16.27(27), 14.30(46), 13.57(62), 13.24(32), 12.75(65), 11.58(43), 10.92(42),  9.07(22),  8.96(20),  8.87(63),  8.45(49),  7.92(25),  7.85(33),  7.79(61),  7.69(26),  7.33(66),  7.27(41),  5.96(54),  5.79(11),  5.77(50),  5.77(29),  5.73(28),  5.72(59),  5.70(44),  5.64(10),  5.24(37),  4.92(56),  4.85(55),  4.69(17),  4.54(45),  4.43(53),  4.41(69),  3.96(19),  3.72(31),  3.66(40),  3.66(48),  3.63(34),  3.60(9),  3.57(30),  3.54(7),  3.32(6),  3.29(58),  3.16(64),  3.03(18),  2.82(13),  2.64(16),  2.52(52),  2.49(8),  2.38(51),  2.11(12),  2.07(39),  1.71(24),  1.61(23),  1.60(36),  1.52(38),  1.46(5),  1.44(68),  0.68(21),  0.45(60),  0.36(15),  0.21(57),  0.16(14),  0.13(35),  0.12(67), 
Distant of points(mm) belongs the plane 3 (65 points): 
18.44(97), 16.93(79), 16.15(78), 12.27(108), 11.79(77), 11.38(109), 10.23(133),  9.55(92),  9.53(91),  9.41(70),  9.14(111),  8.98(75),  8.01(82),  7.89(112),  7.89(86),  7.78(98),  7.77(80),  7.45(81),  6.95(90),  6.83(94),  6.71(96),  6.67(89),  6.66(99),  6.60(128),  6.59(71),  6.47(119),  6.34(95),  5.76(123),  5.03(100),  4.98(122),  4.93(85),  4.92(74),  4.77(129),  4.62(130),  4.59(103),  4.22(134),  4.08(124),  3.91(72),  3.67(121),  3.14(120),  2.95(125),  2.77(107),  2.67(102),  2.52(113),  2.49(76),  2.46(88),  2.32(73),  2.22(87),  1.99(83),  1.97(114),  1.75(126),  1.37(132),  1.26(117),  1.20(110),  1.12(131),  1.08(127),  0.90(93),  0.90(116),  0.71(84),  0.63(106),  0.57(115),  0.57(101),  0.25(105),  0.20(118),  0.04(104), 
Distant of points(mm) belongs the plane 4 (71 points): 
19.86(505), 11.85(462), 10.39(506),  9.67(463),  9.10(469),  9.01(465),  9.00(470),  8.62(458),  8.06(446),  7.62(472),  7.62(453),  6.79(508),  6.71(503),  6.48(455),  6.24(510),  6.21(479),  6.08(471),  5.97(467),  5.93(507),  5.81(512),  5.48(448),  5.35(486),  5.34(492),  5.30(513),  5.19(447),  5.06(511),  4.82(464),  4.48(459),  4.45(514),  4.44(496),  4.36(461),  4.34(490),  4.01(450),  4.01(452),  3.98(487),  3.75(474),  3.56(504),  3.54(460),  3.39(454),  3.37(481),  2.92(483),  2.63(489),  2.45(516),  2.40(478),  2.35(482),  2.23(480),  2.23(484),  2.18(476),  1.89(517),  1.86(515),  1.64(491),  1.43(456),  1.27(495),  1.20(498),  0.94(449),  0.90(493),  0.86(451),  0.69(466),  0.60(499),  0.59(457),  0.59(477),  0.57(500),  0.48(488),  0.41(485),  0.37(473),  0.33(509),  0.31(468),  0.13(497),  0.10(502),  0.09(494),  0.07(475), 
Distant of points(mm) belongs the plane 5 (56 points): 
10.76(532),  9.67(546),  8.94(530),  8.55(553),  7.96(573),  7.68(545),  7.62(521),  7.59(556),  7.57(518),  7.43(572),  7.24(561),  7.07(568),  7.01(525),  6.80(519),  5.97(571),  5.66(523),  5.63(520),  5.59(522),  5.34(563),  5.09(551),  5.04(570),  4.91(542),  4.80(526),  4.80(549),  4.79(534),  4.51(538),  4.38(544),  4.30(537),  4.27(531),  3.83(559),  3.59(535),  3.45(566),  3.33(550),  3.24(562),  3.21(558),  2.95(552),  2.85(540),  2.83(564),  2.73(569),  2.39(554),  2.37(533),  2.34(548),  1.95(536),  1.91(557),  1.64(555),  1.18(527),  1.17(539),  1.06(547),  0.98(543),  0.94(524),  0.82(560),  0.72(529),  0.64(528),  0.58(567),  0.33(541),  0.10(565), 
Distant of points(mm) belongs the plane 6 (64 points): 
23.76(345), 17.58(344), 11.34(359), 10.86(378),  8.56(398),  7.86(358),  7.22(392),  6.39(357),  6.04(400),  5.81(350),  5.64(395),  5.61(360),  5.40(379),  5.25(339),  5.22(364),  5.07(376),  4.97(349),  4.88(347),  4.87(397),  4.81(356),  4.79(368),  4.76(353),  4.71(354),  4.63(387),  4.38(348),  4.26(361),  4.16(371),  3.99(373),  3.88(394),  3.77(377),  3.72(370),  3.70(367),  3.62(363),  3.59(375),  3.57(372),  3.44(346),  3.30(369),  3.30(355),  3.22(366),  3.22(401),  3.08(343),  2.91(386),  2.78(340),  2.78(382),  2.74(365),  2.72(384),  2.40(383),  2.40(351),  2.30(396),  2.28(393),  2.01(374),  1.81(338),  1.78(352),  1.77(380),  1.77(342),  1.39(385),  1.29(381),  1.28(341),  1.14(391),  0.97(362),  0.82(399),  0.81(390),  0.71(388),  0.71(389), 
Distant of points(mm) belongs the plane 7 (44 points): 
13.74(436), 12.79(402), 12.76(409), 11.91(414), 11.04(445),  9.43(420),  9.37(404),  8.89(406),  8.86(418),  8.84(407),  8.36(441),  7.88(422),  7.81(411),  7.38(415),  7.33(443),  6.40(403),  6.09(429),  5.92(438),  5.31(408),  5.10(428),  4.91(437),  4.42(427),  3.75(412),  3.67(410),  3.55(419),  3.51(430),  2.95(426),  2.94(421),  2.69(444),  2.60(435),  2.58(425),  2.56(442),  2.51(433),  2.35(432),  2.31(431),  2.23(440),  2.23(424),  2.06(417),  1.98(434),  1.31(413),  1.30(416),  1.25(423),  0.35(439),  0.14(405), 
Distant of points(mm) belongs the plane 8 (31 points): 
 6.17(165),  5.39(135),  5.34(147),  5.05(162),  4.88(157),  4.49(164),  4.45(140),  4.38(148),  3.68(158),  3.54(159),  2.86(152),  2.65(161),  2.61(145),  2.19(139),  2.17(150),  2.10(137),  2.00(149),  1.82(136),  1.59(155),  1.57(156),  1.54(163),  1.20(144),  1.16(143),  0.88(160),  0.88(153),  0.78(146),  0.58(154),  0.44(142),  0.39(138),  0.35(141),  0.17(151), 
Distant of points(mm) belongs the plane 9 (80 points): 
20.51(207), 13.26(197), 12.33(204), 11.05(206), 10.36(198), 10.01(193),  9.48(203),  9.17(205),  8.48(222),  8.11(196),  7.76(225),  7.39(236),  6.90(194),  6.55(199),  5.85(166),  5.77(214),  5.54(219),  5.43(174),  5.29(191),  5.29(183),  5.15(171),  5.04(181),  4.96(240),  4.83(180),  4.77(195),  4.28(228),  4.16(227),  4.12(223),  4.11(182),  4.10(216),  4.04(226),  4.01(224),  3.97(215),  3.79(243),  3.75(213),  3.73(179),  3.67(168),  3.57(237),  3.57(209),  3.49(190),  3.45(172),  3.42(218),  3.28(217),  3.11(239),  3.07(244),  2.97(235),  2.95(170),  2.84(169),  2.82(238),  2.72(202),  2.71(210),  2.58(167),  2.56(245),  2.50(178),  2.40(229),  2.18(232),  1.84(242),  1.68(200),  1.51(230),  1.49(221),  1.45(241),  1.45(173),  1.40(233),  1.30(231),  1.22(176),  1.14(189),  1.09(185),  1.03(186),  0.97(212),  0.87(211),  0.81(192),  0.45(208),  0.34(220),  0.34(188),  0.34(234),  0.20(175),  0.18(187),  0.13(184),  0.12(201),  0.01(177), 
Distant of points(mm) belongs the plane 10 (31 points): 
 4.24(247),  4.14(249),  4.01(256),  3.87(267),  3.83(263),  3.81(260),  3.57(264),  3.25(258),  3.00(271),  2.52(250),  2.31(277),  2.15(270),  2.04(253),  1.86(272),  1.67(262),  1.67(265),  1.45(259),  1.36(246),  1.35(255),  1.31(257),  1.18(251),  1.14(248),  0.79(273),  0.75(266),  0.63(269),  0.62(275),  0.62(276),  0.53(254),  0.50(268),  0.37(261),  0.15(252), 
Distant of points(mm) belongs the plane 11 (35 points): 
15.00(299), 14.01(298), 13.23(300), 13.22(307), 12.22(312), 11.96(278), 11.88(296), 10.01(297),  8.87(306),  8.83(283),  8.80(308),  8.74(285),  8.46(287),  8.21(309),  8.18(284),  7.95(281),  7.34(288),  7.03(311),  6.60(304),  6.52(279),  6.39(291),  5.61(290),  5.48(280),  5.18(305),  4.93(293),  4.87(289),  3.93(294),  3.89(292),  3.87(282),  3.78(295),  2.70(301),  2.10(286),  0.74(310),  0.70(302),  0.30(303), 
Distant of points(mm) belongs the plane 12 (25 points): 
15.70(330),  7.56(324),  7.37(323),  5.72(320),  5.53(316),  5.40(314),  5.26(317),  5.25(336),  5.20(334),  4.47(328),  4.11(313),  2.91(322),  2.76(315),  2.56(332),  2.04(329),  1.97(335),  1.64(337),  1.13(325),  0.91(319),  0.82(333),  0.79(318),  0.71(331),  0.38(326),  0.20(327),  0.12(321), 
