CHECKING DISTANT FROM POINTS TO AVERAGE PLANE TO REMOVE INCORRECT POINT. 

Distant of points(mm) belongs the plane 0 (59 points): 
25.44(618), 14.29(593), 12.16(645), 10.47(594), 10.28(607),  9.75(591),  8.83(615),  8.50(644),  8.32(646),  8.31(613),  7.20(641),  6.26(612),  6.19(625),  6.18(604),  5.89(623),  5.26(606),  5.16(603),  4.42(643),  4.28(630),  4.26(647),  4.18(642),  4.13(638),  4.13(627),  4.06(614),  3.90(605),  3.84(599),  3.79(597),  3.72(634),  3.66(631),  3.22(626),  3.18(633),  3.17(600),  3.09(632),  2.82(590),  2.81(635),  2.67(596),  2.42(598),  2.37(636),  2.26(637),  2.22(592),  2.04(611),  1.79(601),  1.70(608),  1.51(587),  1.45(617),  1.22(610),  1.08(602),  1.07(619),  0.96(622),  0.66(639),  0.66(588),  0.62(628),  0.52(620),  0.42(640),  0.39(629),  0.25(616),  0.22(589),  0.13(648),  0.07(609), 
Distant of points(mm) belongs the plane 1 (42 points): 
30.51(583), 14.61(555), 13.52(554), 12.67(549),  9.92(541),  9.59(550),  9.44(538),  9.41(560),  8.96(540),  8.57(569),  8.46(542),  8.36(543),  8.30(539),  7.58(556),  7.06(570),  6.90(562),  6.24(586),  6.16(578),  6.09(565),  5.57(557),  5.40(547),  5.19(551),  4.86(574),  4.38(548),  4.28(579),  3.88(544),  3.66(567),  2.89(552),  2.74(572),  2.67(558),  2.63(576),  2.43(559),  2.12(561),  1.99(566),  1.95(563),  1.80(546),  1.59(577),  1.40(568),  1.06(545),  0.97(564),  0.71(582),  0.53(553), 
Distant of points(mm) belongs the plane 2 (48 points): 
17.75(41), 12.71(14), 11.50(42), 11.25(16), 10.93(52),  8.89(50),  8.11(13),  8.08(28),  7.98(21),  7.15(11),  6.66(48),  6.30(46),  5.85(15),  5.49(10),  5.29(44),  4.79(37),  4.70(29),  4.57(9),  4.32(35),  4.31(30),  4.07(5),  3.83(25),  3.52(31),  3.50(23),  3.36(22),  3.33(33),  3.25(43),  3.22(18),  3.17(17),  3.16(32),  3.03(20),  2.69(47),  2.69(49),  2.44(51),  2.23(7),  2.00(6),  1.78(24),  1.53(45),  1.37(12),  1.15(19),  1.09(27),  1.07(38),  0.73(26),  0.70(36),  0.66(8),  0.51(34),  0.49(39),  0.39(40), 
Distant of points(mm) belongs the plane 3 (48 points): 
13.75(53), 12.89(63), 12.71(78),  8.53(80),  8.30(82),  8.07(55),  7.71(91),  6.83(96),  6.81(76),  6.71(90),  6.47(58),  6.22(64),  5.42(65),  4.76(81),  4.74(89),  4.61(62),  4.46(67),  4.38(54),  3.83(84),  3.19(59),  3.16(85),  2.92(100),  2.76(86),  2.72(92),  2.59(66),  2.46(93),  2.44(98),  2.21(72),  1.77(71),  1.70(75),  1.62(56),  1.41(69),  1.20(88),  1.18(60),  1.14(101),  1.13(57),  1.11(70),  1.09(79),  1.01(94),  0.83(74),  0.83(77),  0.70(61),  0.49(83),  0.36(73),  0.28(97),  0.17(68),  0.09(87),  0.04(99), 
Distant of points(mm) belongs the plane 4 (52 points): 
19.47(346), 16.56(347), 12.31(305), 10.69(343), 10.24(308),  9.36(318),  8.54(300),  8.28(306),  7.98(302),  7.19(333),  6.66(344),  6.62(334),  6.39(341),  5.77(313),  5.10(315),  4.81(329),  3.83(312),  3.82(316),  3.46(322),  3.33(328),  3.30(335),  3.18(298),  3.03(331),  2.70(332),  2.61(297),  2.55(340),  2.49(303),  2.49(314),  2.46(296),  2.37(320),  2.36(330),  2.34(309),  2.12(319),  2.06(311),  1.95(326),  1.83(327),  1.68(321),  1.51(307),  1.37(324),  1.34(295),  1.29(338),  1.23(336),  1.15(304),  1.11(337),  1.03(325),  1.02(301),  1.00(342),  0.99(299),  0.57(310),  0.49(339),  0.40(317),  0.17(323), 
Distant of points(mm) belongs the plane 5 (46 points): 
10.24(376),  7.50(357),  7.47(382),  6.89(367),  6.15(374),  6.04(358),  5.92(383),  5.29(394),  4.67(393),  4.21(360),  4.07(372),  3.94(388),  3.62(364),  3.51(349),  3.51(351),  3.45(369),  3.13(352),  3.08(391),  2.93(378),  2.91(392),  2.80(356),  2.67(387),  2.66(353),  2.40(365),  2.26(362),  2.26(363),  2.24(355),  1.91(377),  1.78(390),  1.53(348),  1.42(366),  1.41(361),  1.33(380),  1.30(386),  1.25(371),  1.12(389),  1.11(379),  0.97(385),  0.80(354),  0.77(384),  0.62(381),  0.61(350),  0.45(375),  0.39(368),  0.23(359),  0.03(370), 
Distant of points(mm) belongs the plane 6 (78 points): 
31.76(465), 31.61(456), 31.51(454), 31.36(413), 28.49(463), 18.99(458), 18.34(410), 14.93(442), 14.92(415), 14.13(446), 12.06(437), 10.08(434),  9.42(472),  9.42(473),  8.94(464),  8.85(470),  8.76(448),  7.81(430),  7.58(435),  7.28(459),  6.98(474),  6.87(439),  6.57(467),  6.25(461),  5.85(466),  5.62(462),  4.63(436),  3.90(445),  3.32(457),  3.29(422),  3.27(471),  3.24(400),  3.15(428),  3.03(423),  2.94(401),  2.93(404),  2.82(398),  2.79(421),  2.75(449),  2.50(402),  2.32(406),  2.31(419),  2.17(460),  2.13(444),  2.09(411),  2.08(453),  2.04(414),  1.94(441),  1.91(418),  1.78(447),  1.78(431),  1.74(396),  1.67(420),  1.61(399),  1.61(440),  1.56(407),  1.55(397),  1.54(433),  1.40(395),  1.13(417),  1.13(438),  1.00(403),  0.87(412),  0.83(429),  0.81(432),  0.72(408),  0.69(424),  0.55(469),  0.50(427),  0.44(455),  0.43(451),  0.23(416),  0.21(450),  0.12(443),  0.10(405),  0.04(425),  0.02(409),  0.00(468), 
Distant of points(mm) belongs the plane 7 (57 points): 
11.55(524), 10.51(532), 10.28(523), 10.27(497),  8.92(511),  8.35(508),  8.27(513),  8.21(531),  8.16(509),  7.60(489),  7.33(498),  7.15(491),  6.05(507),  5.26(495),  5.11(530),  5.00(510),  4.75(519),  4.71(499),  4.71(488),  4.55(485),  4.38(529),  4.07(515),  4.03(486),  3.99(527),  3.96(490),  3.93(516),  3.62(522),  3.49(535),  3.29(502),  3.23(517),  3.23(526),  3.16(521),  3.13(534),  3.11(496),  3.11(512),  3.01(500),  2.93(479),  2.91(525),  2.38(533),  2.02(503),  2.02(520),  1.97(504),  1.81(537),  1.76(493),  1.67(475),  1.41(536),  1.40(478),  1.16(480),  1.12(481),  1.08(477),  0.79(528),  0.73(494),  0.57(518),  0.55(487),  0.38(476),  0.15(506),  0.14(514), 
Distant of points(mm) belongs the plane 8 (16 points): 
22.86(118), 16.81(117), 16.51(103), 10.73(112),  9.07(113),  8.23(111),  7.30(110),  6.53(106),  5.23(115),  5.17(114),  5.01(109),  3.96(104),  3.65(116),  2.85(102),  2.54(108),  0.48(107), 
Distant of points(mm) belongs the plane 9 (17 points): 
19.17(128), 15.29(131), 13.51(130), 11.84(137), 11.75(129), 11.55(121), 10.94(127), 10.78(126),  9.75(119),  9.73(134),  8.10(122),  7.39(120),  3.98(124),  2.45(136),  2.05(138),  2.04(125),  1.88(123), 
Distant of points(mm) belongs the plane 10 (14 points): 
20.77(148), 14.90(149),  6.37(152),  5.68(147),  4.82(146),  4.13(150),  3.94(143),  3.84(139),  3.45(140),  1.86(141),  1.75(142),  0.61(151),  0.09(145),  0.05(144), 
Distant of points(mm) belongs the plane 11 (14 points): 
 6.34(158),  4.90(160),  4.63(153),  4.47(159),  4.28(155),  3.85(156),  3.43(165),  3.17(157),  2.89(154),  2.10(163),  1.92(166),  1.80(162),  0.41(164),  0.22(161), 
Distant of points(mm) belongs the plane 12 (51 points): 
19.18(189), 10.21(169),  9.12(200),  7.70(171),  7.29(203),  7.20(218),  6.27(197),  6.18(190),  5.75(198),  5.49(217),  5.42(212),  5.36(174),  5.22(214),  5.13(202),  4.81(216),  4.79(173),  4.79(196),  4.61(199),  4.45(168),  4.02(183),  3.88(209),  3.45(204),  3.28(179),  3.25(206),  3.14(191),  2.97(170),  2.83(167),  2.62(176),  2.55(205),  2.49(185),  2.36(207),  2.21(210),  2.05(172),  1.93(184),  1.66(187),  1.53(213),  1.50(195),  1.40(180),  1.05(193),  1.04(175),  0.77(181),  0.68(201),  0.66(211),  0.55(177),  0.50(215),  0.45(188),  0.33(186),  0.26(182),  0.21(192),  0.11(178),  0.04(208), 
Distant of points(mm) belongs the plane 13 (23 points): 
 7.24(222),  7.01(220),  6.75(236),  6.41(239),  6.21(235),  5.88(221),  5.80(234),  5.19(223),  5.13(233),  4.35(219),  4.33(232),  4.32(231),  2.98(226),  2.65(224),  2.60(241),  2.55(225),  2.40(229),  2.06(230),  1.52(238),  1.20(240),  1.04(228),  0.40(237),  0.39(227), 
Distant of points(mm) belongs the plane 14 (23 points): 
 6.02(259),  5.67(263),  5.47(260),  5.26(245),  5.10(247),  4.57(254),  3.94(261),  3.66(252),  2.88(264),  2.80(242),  2.78(262),  2.67(250),  2.55(248),  1.87(246),  1.75(251),  1.70(258),  1.23(255),  1.05(257),  0.94(256),  0.54(243),  0.48(244),  0.24(249),  0.05(253), 
Distant of points(mm) belongs the plane 15 (28 points): 
15.40(276),  9.65(273),  9.13(293),  8.82(275),  7.99(277),  7.58(265),  7.53(282),  7.10(271),  6.81(287),  6.27(267),  4.37(291),  4.34(279),  4.18(285),  3.04(274),  2.82(289),  2.71(288),  2.64(294),  2.62(283),  2.56(278),  2.39(270),  2.19(272),  2.17(266),  1.92(284),  1.24(281),  0.87(292),  0.51(290),  0.20(268),  0.17(269), 
