CHECKING DISTANT FROM POINTS TO AVERAGE PLANE TO REMOVE INCORRECT POINT. 

Distant of points(mm) belongs the plane 0 (67 points): 
 8.88(672),  7.79(705),  7.60(733),  7.13(668),  6.81(730),  6.00(686),  5.66(685),  5.65(731),  5.48(732),  5.46(729),  5.41(678),  5.29(724),  5.14(720),  4.98(702),  4.74(673),  4.62(703),  4.56(722),  4.32(667),  4.08(699),  4.00(669),  3.91(723),  3.70(692),  3.50(709),  3.44(674),  3.41(728),  3.34(694),  3.26(693),  3.21(683),  2.92(682),  2.86(716),  2.82(721),  2.62(681),  2.62(676),  2.52(697),  2.49(704),  2.47(684),  2.38(712),  2.34(719),  2.25(707),  2.17(711),  2.14(675),  1.93(690),  1.88(710),  1.76(689),  1.62(708),  1.62(670),  1.54(688),  1.46(713),  1.45(726),  1.43(718),  1.32(680),  1.32(717),  1.13(698),  1.01(691),  0.98(696),  0.92(671),  0.92(706),  0.86(727),  0.80(687),  0.71(714),  0.70(701),  0.54(695),  0.39(700),  0.35(725),  0.35(679),  0.12(677),  0.03(715), 
Distant of points(mm) belongs the plane 1 (29 points): 
14.13(249),  6.71(272),  6.19(250),  5.92(264),  5.84(251),  5.71(254),  5.28(256),  4.63(271),  4.58(258),  3.75(253),  3.53(260),  3.49(270),  3.45(267),  3.04(259),  2.67(262),  2.61(275),  2.31(269),  2.15(257),  2.03(248),  1.84(263),  1.82(247),  1.39(255),  1.19(274),  1.00(268),  0.77(252),  0.73(273),  0.47(266),  0.44(261),  0.03(265), 
Distant of points(mm) belongs the plane 2 (63 points): 
16.21(618), 13.00(619), 11.83(622), 11.08(608), 10.35(609), 10.31(616),  9.97(659),  9.38(617),  9.15(634),  8.98(637),  8.01(607),  7.50(633),  7.15(649),  6.74(615),  6.51(644),  6.33(614),  6.15(605),  5.68(645),  5.33(654),  5.08(655),  5.01(652),  4.87(661),  4.86(620),  4.85(656),  4.72(610),  4.40(606),  4.37(611),  4.24(643),  4.00(623),  3.98(647),  3.68(657),  3.68(621),  3.56(629),  3.52(628),  3.49(664),  3.05(658),  3.00(635),  2.92(613),  2.88(638),  2.53(636),  2.35(604),  1.98(650),  1.86(665),  1.68(639),  1.62(612),  1.48(660),  1.07(640),  0.99(642),  0.98(624),  0.91(653),  0.90(630),  0.88(626),  0.81(651),  0.69(662),  0.66(627),  0.52(666),  0.43(663),  0.41(632),  0.35(641),  0.28(648),  0.27(646),  0.14(625),  0.07(631), 
Distant of points(mm) belongs the plane 6 (14 points): 
11.18(114), 11.07(121), 10.54(112), 10.20(109), 10.11(108),  7.74(111),  6.71(119),  6.19(113),  5.47(110),  3.67(116),  3.44(120),  3.12(117),  2.52(115),  2.05(118), 
Distant of points(mm) belongs the plane 7 (39 points): 
26.44(127), 23.47(129), 19.41(126), 16.85(132), 16.43(124), 16.29(156), 15.53(131), 15.49(125), 14.89(130), 12.60(128), 12.49(122), 11.35(146),  9.71(149),  9.71(155),  9.58(133),  9.48(158),  9.09(141),  8.96(142),  8.26(143),  7.64(148),  7.31(152),  7.29(147),  6.86(151),  6.77(160),  6.76(140),  6.37(138),  5.93(144),  5.55(123),  5.40(139),  4.37(137),  3.77(153),  3.34(154),  3.14(150),  2.90(157),  2.68(159),  0.66(134),  0.49(145),  0.41(135),  0.36(136), 
Distant of points(mm) belongs the plane 8 (4 points): 
 2.18(174),  1.39(175),  1.34(176),  0.56(177), 
Distant of points(mm) belongs the plane 9 (5 points): 
 1.84(225),  1.62(223),  0.27(227),  0.25(224),  0.19(226), 
Distant of points(mm) belongs the plane 10 (19 points): 
 6.39(238),  5.42(245),  4.76(242),  4.69(230),  4.34(237),  4.32(246),  3.06(236),  2.93(229),  2.77(239),  2.70(235),  2.46(232),  1.75(234),  1.38(233),  1.25(244),  0.55(228),  0.49(240),  0.15(243),  0.09(231),  0.05(241), 
Distant of points(mm) belongs the plane 11 (45 points): 
13.06(217), 12.51(197), 10.06(205),  9.40(185),  8.41(204),  8.31(193),  8.23(183),  6.93(207),  6.46(195),  6.23(186),  5.66(210),  4.94(206),  4.88(194),  4.72(202),  4.60(187),  4.50(180),  4.43(190),  4.43(209),  4.24(203),  4.19(213),  4.11(199),  3.89(211),  3.55(212),  3.01(220),  2.79(188),  2.76(198),  2.46(192),  2.25(200),  2.16(181),  1.89(221),  1.86(215),  1.71(219),  1.66(182),  1.46(189),  1.45(216),  1.14(222),  1.11(218),  1.11(184),  0.71(201),  0.65(191),  0.54(214),  0.53(196),  0.50(179),  0.44(208),  0.10(178), 
Distant of points(mm) belongs the plane 12 (13 points): 
 2.83(170),  2.62(162),  2.46(166),  1.95(168),  1.25(169),  1.10(164),  0.78(163),  0.57(167),  0.53(171),  0.52(173),  0.26(165),  0.23(172),  0.11(161), 
Distant of points(mm) belongs the plane 13 (30 points): 
 4.98(283),  4.71(278),  4.01(298),  3.93(276),  3.40(286),  3.15(303),  2.91(300),  2.88(282),  2.87(277),  2.85(295),  2.75(281),  2.53(287),  2.36(305),  2.15(285),  2.02(304),  2.01(284),  1.89(296),  1.67(290),  1.51(291),  1.38(293),  1.29(289),  0.99(299),  0.67(288),  0.53(279),  0.45(301),  0.38(280),  0.34(292),  0.30(294),  0.28(302),  0.06(297), 
