CHECKING DISTANT FROM POINTS TO AVERAGE PLANE TO REMOVE INCORRECT POINT. 

Distant of points(mm) belongs the plane 0 (52 points): 
 9.97(425),  8.49(399),  7.86(419),  7.40(387),  7.11(401),  6.90(408),  6.79(413),  6.45(388),  6.28(390),  6.03(394),  5.94(415),  5.72(430),  5.71(385),  5.70(386),  5.70(422),  5.23(412),  5.08(416),  4.95(423),  4.74(398),  4.70(396),  4.62(400),  4.58(426),  4.36(424),  3.87(409),  3.84(393),  3.68(404),  3.48(395),  3.39(389),  3.30(407),  3.26(383),  3.14(406),  3.07(421),  2.81(392),  2.74(410),  2.71(432),  2.62(434),  2.57(403),  2.40(397),  2.01(402),  1.93(411),  1.80(431),  1.78(429),  1.37(420),  1.27(433),  1.02(384),  0.96(427),  0.62(417),  0.50(414),  0.43(405),  0.18(428),  0.15(418),  0.05(391), 
Distant of points(mm) belongs the plane 1 (10 points): 
 8.53(361),  8.14(356),  7.32(354),  5.42(357),  3.22(360),  3.01(362),  1.97(363),  0.39(359),  0.23(358),  0.09(355), 
Distant of points(mm) belongs the plane 2 (19 points): 
 7.51(374),  7.10(375),  6.46(364),  6.24(379),  5.96(380),  5.15(373),  4.92(366),  4.37(369),  4.16(381),  3.80(378),  3.25(370),  2.82(367),  2.75(377),  2.39(365),  1.77(368),  1.58(371),  1.48(372),  1.36(376),  0.91(382), 
Distant of points(mm) belongs the plane 3 (34 points): 
36.00(45), 30.94(29), 25.66(35), 23.27(31), 23.20(23), 22.08(40), 21.37(36), 16.38(41), 14.39(39),  9.96(37),  7.20(11),  7.18(18),  7.02(14),  6.53(32),  5.57(27),  4.92(28),  4.75(22),  4.52(17),  4.10(44),  4.07(19),  3.81(33),  3.78(46),  3.59(10),  3.56(12),  3.49(15),  3.13(30),  2.28(43),  2.14(9),  1.99(16),  1.62(47),  1.19(8),  0.59(42),  0.36(34),  0.24(13), 
Distant of points(mm) belongs the plane 4 (35 points): 
35.97(73), 33.96(71), 29.42(53), 23.44(70), 16.06(61), 14.91(64), 12.25(72), 11.46(49),  9.92(62),  9.76(77),  8.05(48),  6.17(68),  5.99(67),  5.97(87),  5.66(75),  5.11(76),  4.72(54),  4.61(86),  4.00(78),  3.96(69),  3.72(80),  3.72(84),  3.32(81),  2.84(57),  2.83(52),  2.71(56),  2.59(66),  2.45(79),  2.45(59),  2.36(65),  1.99(58),  1.53(83),  0.70(74),  0.43(82),  0.14(85), 
Distant of points(mm) belongs the plane 5 (40 points): 
13.51(177), 12.69(146), 11.32(175), 10.70(152), 10.26(157),  9.64(179),  9.18(145),  8.31(168),  7.31(162),  7.28(180),  6.68(167),  6.53(178),  6.28(144),  6.24(158),  6.10(147),  5.90(176),  5.31(153),  5.23(154),  5.21(151),  4.17(174),  3.86(149),  3.82(156),  3.63(181),  3.58(166),  3.47(143),  3.44(165),  3.43(182),  3.22(169),  3.22(164),  2.57(155),  2.04(163),  1.55(170),  1.47(173),  1.47(161),  1.25(160),  0.92(159),  0.70(172),  0.62(148),  0.34(150),  0.09(171), 
Distant of points(mm) belongs the plane 6 (38 points): 
19.16(194), 15.94(218), 12.88(208), 10.65(198), 10.36(207),  9.75(209),  8.93(219),  8.48(205),  7.57(193),  7.34(204),  5.99(217),  4.95(210),  4.78(214),  4.43(220),  4.37(183),  4.10(187),  4.10(199),  4.09(188),  4.03(195),  3.68(203),  3.65(206),  3.46(212),  3.25(184),  3.24(196),  3.13(186),  2.53(197),  1.77(190),  1.67(191),  1.54(221),  1.04(202),  0.91(211),  0.83(222),  0.72(213),  0.67(189),  0.50(185),  0.26(192),  0.10(200),  0.09(201), 
Distant of points(mm) belongs the plane 7 (10 points): 
16.61(90), 10.62(88),  7.47(89),  5.39(91),  5.04(97),  1.33(93),  1.00(95),  0.56(92),  0.42(96),  0.17(94), 
Distant of points(mm) belongs the plane 8 (25 points): 
11.06(99), 10.84(102),  9.83(110),  7.39(113),  7.13(100),  6.53(109),  5.47(112),  5.16(118),  4.12(111),  3.23(103),  2.47(115),  2.46(108),  2.40(105),  2.15(106),  1.90(117),  1.80(116),  1.71(121),  1.28(119),  1.28(104),  1.07(101),  0.94(122),  0.84(107),  0.82(98),  0.37(114),  0.37(120), 
Distant of points(mm) belongs the plane 9 (10 points): 
 8.91(125),  5.92(130),  5.61(123),  5.03(131),  4.38(132),  2.50(124),  2.43(126),  1.73(128),  1.32(129),  0.29(127), 
Distant of points(mm) belongs the plane 10 (10 points): 
 6.23(140),  3.81(134),  3.19(133),  2.58(139),  2.42(141),  1.36(135),  1.08(137),  0.90(138),  0.66(142),  0.57(136), 
Distant of points(mm) belongs the plane 11 (10 points): 
13.03(229),  5.23(231),  5.22(227),  2.72(230),  2.54(228),  2.40(223),  2.01(232),  1.89(224),  0.42(225),  0.02(226), 
Distant of points(mm) belongs the plane 12 (47 points): 
15.81(269), 14.12(265), 10.75(267),  9.78(249),  9.21(279),  8.51(250),  8.27(262),  7.70(275),  7.64(233),  7.57(273),  5.75(282),  5.50(245),  5.24(242),  4.87(256),  4.80(278),  4.74(234),  4.61(239),  4.53(248),  4.41(264),  3.72(274),  3.54(254),  3.51(272),  3.43(241),  3.42(280),  3.38(237),  3.09(246),  3.07(277),  2.97(244),  2.45(263),  2.44(281),  2.25(251),  2.22(261),  2.16(271),  2.12(253),  2.08(240),  2.01(268),  1.73(260),  1.70(257),  1.59(238),  1.37(247),  1.30(270),  1.27(243),  0.99(252),  0.92(276),  0.28(235),  0.25(266),  0.05(258), 
Distant of points(mm) belongs the plane 13 (57 points): 
14.34(319), 13.57(340), 12.55(335), 11.95(307), 11.48(332), 10.41(311),  9.65(343),  9.40(316),  8.37(306),  7.86(341),  7.69(338),  7.10(296),  6.47(288),  6.07(287),  5.84(295),  5.74(283),  5.55(293),  5.34(300),  5.18(324),  5.00(334),  4.89(299),  4.37(310),  4.20(337),  4.04(336),  3.79(297),  3.78(301),  3.69(289),  3.53(329),  3.35(292),  3.26(328),  3.21(339),  3.21(315),  3.09(313),  2.95(290),  2.81(303),  2.76(308),  2.66(284),  2.65(323),  2.51(305),  2.42(314),  2.37(321),  2.04(285),  1.73(320),  1.72(312),  1.61(333),  1.48(298),  1.46(327),  1.30(325),  1.07(291),  0.89(322),  0.75(326),  0.70(294),  0.67(286),  0.34(302),  0.24(318),  0.06(342),  0.06(309), 
Distant of points(mm) belongs the plane 14 (10 points): 
29.83(348), 26.46(347), 23.14(346), 21.58(345), 19.36(344), 17.84(353), 16.82(352), 12.58(351), 11.61(350),  8.60(349), 
