CHECKING DISTANT FROM POINTS TO AVERAGE PLANE TO REMOVE INCORRECT POINT. 

Distant of points(mm) belongs the plane 0 (41 points): 
13.82(490),  8.69(487),  8.54(454),  8.33(491),  7.57(467),  6.91(489),  6.88(465),  6.69(456),  6.61(483),  6.56(475),  6.54(481),  6.41(482),  5.60(488),  5.42(455),  5.24(477),  5.21(452),  5.05(458),  4.70(460),  4.51(462),  3.62(471),  3.54(485),  3.47(464),  3.44(474),  3.33(459),  2.82(453),  2.73(473),  2.71(472),  2.66(480),  2.26(492),  2.20(463),  2.04(468),  1.99(478),  1.82(461),  1.72(476),  1.46(479),  1.23(469),  1.03(484),  0.97(466),  0.92(457),  0.30(470),  0.09(486), 
Distant of points(mm) belongs the plane 1 (10 points): 
 5.41(411),  4.43(407),  2.94(416),  1.34(413),  1.18(417),  0.90(408),  0.58(414),  0.49(409),  0.29(412),  0.14(410), 
Distant of points(mm) belongs the plane 2 (34 points): 
 7.79(422),  6.93(437),  6.23(421),  6.19(430),  5.96(447),  5.35(442),  5.15(429),  4.72(440),  4.49(438),  3.25(436),  3.19(451),  3.00(418),  2.50(420),  2.49(428),  2.24(427),  2.16(431),  1.72(445),  1.63(439),  1.56(435),  1.55(450),  1.53(433),  1.42(432),  1.42(446),  1.24(423),  1.17(444),  1.00(419),  0.90(448),  0.83(426),  0.82(425),  0.63(449),  0.56(443),  0.42(424),  0.12(441),  0.09(434), 
Distant of points(mm) belongs the plane 3 (38 points): 
26.70(36), 23.83(16), 15.14(15), 13.69(24), 13.28(50),  9.32(34),  9.03(25),  8.40(23),  7.40(47),  6.50(26),  6.40(18),  6.34(21),  6.27(43),  6.19(22),  5.83(46),  5.75(28),  5.40(49),  5.37(31),  5.15(19),  4.16(20),  3.91(17),  3.71(40),  3.52(42),  3.29(14),  3.20(44),  2.45(30),  2.32(45),  2.27(32),  2.06(37),  1.63(11),  1.57(48),  1.42(38),  1.16(35),  0.65(29),  0.15(41),  0.10(39),  0.08(13),  0.02(12), 
Distant of points(mm) belongs the plane 4 (38 points): 
17.96(55), 15.24(81), 12.26(75), 11.68(76), 10.35(87),  9.20(85),  8.93(88),  8.71(84),  8.52(65),  7.37(79),  7.25(51),  6.67(82),  6.33(80),  5.96(57),  5.79(90),  5.69(52),  5.07(71),  4.96(68),  4.63(67),  4.36(78),  4.07(72),  3.79(53),  3.77(74),  3.16(62),  2.66(60),  2.56(83),  2.52(61),  2.33(69),  2.23(58),  2.04(64),  1.45(54),  1.23(59),  1.12(70),  0.97(63),  0.88(86),  0.74(77),  0.72(73),  0.41(89), 
Distant of points(mm) belongs the plane 5 (38 points): 
14.15(259), 13.88(257), 12.70(245), 10.92(254),  9.96(244),  8.12(234),  8.09(250),  7.27(233),  7.24(226),  7.04(256),  6.91(247),  5.86(255),  5.85(231),  5.27(246),  4.86(260),  4.35(251),  3.94(248),  3.82(258),  3.46(225),  3.26(229),  2.68(240),  2.36(253),  2.27(242),  2.20(238),  2.17(252),  2.14(227),  1.80(241),  1.61(243),  1.52(222),  1.50(239),  1.18(221),  0.89(249),  0.63(236),  0.35(232),  0.34(235),  0.24(230),  0.17(224),  0.01(223), 
Distant of points(mm) belongs the plane 6 (40 points): 
16.51(294), 15.39(265), 13.66(266), 12.09(281), 11.88(276), 11.22(284), 11.11(300), 10.82(291), 10.56(293),  9.95(285),  8.22(264),  6.89(290),  6.47(292),  6.43(283),  6.34(289),  5.20(287),  5.16(263),  4.83(273),  4.54(277),  3.86(297),  3.78(298),  3.23(269),  3.22(275),  3.20(270),  2.89(286),  2.86(272),  2.73(267),  2.09(279),  2.08(268),  1.85(282),  1.02(296),  0.93(274),  0.88(288),  0.82(299),  0.81(271),  0.75(278),  0.67(295),  0.56(280),  0.26(261),  0.04(262), 
Distant of points(mm) belongs the plane 7 (70 points): 
237.81(133), 151.78(136), 93.16(137), 39.26(146), 31.73(139), 18.93(126), 18.00(145), 16.78(93), 15.84(94), 14.60(134), 13.22(144), 12.86(92), 10.96(127), 10.60(104), 10.07(115),  9.82(135),  9.52(111),  9.51(147),  9.26(143),  9.14(106),  9.14(112),  8.15(117),  8.13(95),  7.94(155),  7.68(96),  7.65(131),  7.63(124),  7.54(125),  7.35(148),  6.94(107),  6.72(123),  6.68(110),  6.54(130),  6.34(157),  5.99(120),  5.77(99),  5.56(101),  5.51(105),  5.49(91),  5.00(159),  4.96(128),  4.94(152),  4.78(121),  4.73(103),  4.09(98),  3.96(113),  3.80(142),  3.68(150),  3.49(116),  3.47(156),  3.38(132),  3.13(119),  2.84(114),  2.78(158),  2.77(153),  2.71(108),  2.61(118),  2.31(160),  2.26(102),  2.24(109),  1.73(141),  1.68(122),  1.52(140),  1.27(138),  1.19(97),  0.87(149),  0.67(154),  0.64(100),  0.41(129),  0.34(151), 
Distant of points(mm) belongs the plane 8 (65 points): 
17.58(94), 16.09(93), 12.97(157), 12.42(110), 12.28(126), 11.79(95), 11.52(101), 10.16(105),  9.91(92),  9.41(145),  9.08(134),  8.45(104),  7.72(144),  7.02(112),  6.98(154),  6.57(127),  6.56(153),  6.46(143),  6.32(158),  6.26(152),  6.17(159),  6.16(156),  5.41(109),  5.38(117),  5.29(103),  5.24(102),  5.21(123),  5.11(100),  4.83(107),  4.68(113),  4.44(111),  4.41(131),  4.35(115),  4.14(106),  4.14(148),  3.84(128),  3.82(96),  3.63(138),  3.41(147),  3.40(124),  3.37(142),  3.32(130),  3.18(108),  3.04(98),  3.01(132),  2.78(118),  2.52(99),  2.43(116),  2.24(135),  2.11(97),  1.76(129),  1.57(150),  1.52(155),  1.44(140),  1.16(120),  1.13(125),  1.08(160),  1.01(119),  0.97(151),  0.76(91),  0.65(141),  0.58(121),  0.22(122),  0.20(149),  0.17(114), 
Distant of points(mm) belongs the plane 9 (48 points): 
18.51(198), 17.26(176),  8.34(182),  7.30(187),  6.45(178),  6.25(184),  4.70(207),  4.64(173),  4.58(175),  3.59(171),  3.42(191),  3.39(204),  3.38(188),  2.88(190),  2.87(186),  2.72(163),  2.70(205),  2.20(170),  2.18(166),  2.08(195),  1.86(174),  1.73(168),  1.57(181),  1.47(183),  1.38(200),  1.31(209),  1.26(210),  1.23(203),  1.16(179),  1.13(161),  1.13(206),  1.07(162),  1.00(165),  0.95(192),  0.94(177),  0.84(196),  0.65(169),  0.60(167),  0.54(208),  0.53(202),  0.46(194),  0.33(185),  0.27(172),  0.25(199),  0.16(180),  0.15(189),  0.07(164),  0.04(201), 
Distant of points(mm) belongs the plane 10 (10 points): 
 5.47(218),  5.47(216),  4.71(220),  4.70(217),  3.96(215),  3.02(214),  2.09(212),  1.65(213),  1.41(219),  1.38(211), 
Distant of points(mm) belongs the plane 11 (10 points): 
11.78(307), 10.58(306),  6.36(305),  5.72(310),  4.64(309),  3.56(304),  2.93(303),  2.58(301),  1.28(308),  0.44(302), 
Distant of points(mm) belongs the plane 12 (15 points): 
15.11(322), 10.61(316), 10.34(321),  9.81(325),  8.22(324),  7.94(315),  4.50(319),  4.29(320),  3.81(318),  3.68(317),  3.46(323),  2.84(313),  1.17(312),  0.37(314),  0.35(311), 
Distant of points(mm) belongs the plane 13 (12 points): 
11.81(333),  5.92(326),  5.44(337),  4.84(332),  2.93(329),  2.69(335),  2.65(334),  1.01(331),  0.70(328),  0.28(336),  0.26(330),  0.06(327), 
Distant of points(mm) belongs the plane 14 (13 points): 
 9.75(340),  8.08(348),  6.76(347),  6.37(338),  6.16(339),  4.20(345),  4.18(342),  4.07(341),  3.91(349),  2.63(344),  2.36(346),  2.30(350),  1.66(343), 
Distant of points(mm) belongs the plane 15 (28 points): 
11.97(355), 10.13(365),  9.03(354),  8.84(362),  6.59(366),  5.79(360),  5.39(377),  5.09(352),  5.02(372),  4.85(363),  4.30(370),  4.06(367),  4.03(351),  3.65(375),  3.44(371),  3.27(356),  2.97(376),  2.00(361),  1.57(378),  1.43(368),  0.96(373),  0.73(353),  0.60(359),  0.39(357),  0.34(374),  0.30(369),  0.27(358),  0.23(364), 
Distant of points(mm) belongs the plane 16 (12 points): 
 3.69(383),  2.82(385),  2.64(387),  2.05(388),  1.86(390),  1.11(389),  1.05(381),  1.02(380),  0.85(379),  0.64(386),  0.60(382),  0.53(384), 
Distant of points(mm) belongs the plane 17 (16 points): 
 7.03(405),  5.38(401),  5.08(395),  4.76(392),  4.60(406),  4.43(403),  4.39(391),  3.98(402),  3.92(396),  2.52(400),  2.52(397),  1.29(398),  1.17(394),  0.86(404),  0.22(399),  0.07(393), 
