#Plane 0. 
4087.9866771876,8561.2002390258,  34.9100619799 
-3018.6173576107,8744.4767751824,  44.5849490821 
4250.2206484706,-4684.2002713508, -52.6655739168 
-1346.1850590246,-4556.8343579589, -45.1585709290 
-2323.6590553590, 271.8002285813, -12.1387485267 
#ERRORs at Segment 0: 
,4087.9866771876,8561.2002390258,  34.9100619799 
 -3018.6173576107,8744.4767751824,  44.5849490821 
#Plane 0. 
4087.9866771876,8561.2002390258,  34.9100619799 
-3018.6173576107,8744.4767751824,  44.5849490821 
4250.2206484706,-4684.2002713508, -52.6655739168 
-1346.1850590246,-4556.8343579589, -45.1585709290 
-2323.6590553590, 271.8002285813, -12.1387485267 
#ERRORs at Segment 4: 
,-2323.6590553589, 271.8002285805, -12.1387485268 
 -3018.6173576099,8744.4767751841,  44.5849490821 
#Plane 3. 
4087.9866771876,8561.2002390258,  34.9100619799 
-3007.0106441380,8744.1774425854,  44.5691477736 
-3203.6877012892,8750.1905610640, 845.5481631912 
-3197.9783919324,8757.0927845841,6844.7119542261 
-3003.1117786359,8753.0052798674,7642.7196059297 
-909.2316389471,8699.0553711907,7682.7944092695 
-902.2840333581,8700.5487228037,9106.1243327970 
4087.8562088080,8571.8521752241,9096.9614590189 
#ERRORs at Segment 0: 
,4087.9866771876,8561.2002390258,  34.9100619799 
 -3007.0106441380,8744.1774425854,  44.5691477736 
#Plane 3. 
4087.9866771876,8561.2002390258,  34.9100619799 
-3007.0106441380,8744.1774425854,  44.5691477736 
-3203.6877012892,8750.1905610640, 845.5481631912 
-3197.9783919324,8757.0927845841,6844.7119542261 
-3003.1117786359,8753.0052798674,7642.7196059297 
-909.2316389471,8699.0553711907,7682.7944092695 
-902.2840333581,8700.5487228037,9106.1243327970 
4087.8562088080,8571.8521752241,9096.9614590189 
#ERRORs at Segment 1: 
,-3203.6877012892,8750.1905610640, 845.5481631912 
 -3007.0106441380,8744.1774425871,  44.5691477736 
#Plane 6. 
-2323.6590553589, 271.8002285805, -12.1387485268 
-2989.7401659653,8392.4166536111,  42.2279427964 
-2713.6133932345,  89.8858170337, 523.3069949161 
#ERRORs at Segment 0: 
,-2323.6590553589, 271.8002285805, -12.1387485268 
 -2989.7401659653,8392.4166536111,  42.2279427964 
#Plane 6. 
-2323.6590553589, 271.8002285805, -12.1387485268 
-2989.7401659653,8392.4166536111,  42.2279427964 
-2713.6133932345,  89.8858170337, 523.3069949161 
#ERRORs at Segment 1: 
,-2989.7401659609,8392.4166535771,  42.2279427962 
 -2713.6133932345,  89.8858170337, 523.3069949161 
#Plane 6. 
-2323.6590553589, 271.8002285805, -12.1387485268 
-2989.7401659653,8392.4166536111,  42.2279427964 
-2713.6133932345,  89.8858170337, 523.3069949161 
#ERRORs at Segment 2: 
,-2323.6590553590, 271.8002285808, -12.1387485267 
 -2713.6133932345,  89.8858170338, 523.3069949159 
#Plane 7. 
-3203.6877012892,8750.1905610640, 845.5481631912 
-3001.4334061709,8744.0069265485,  21.8555143666 
-3085.8804519326, 260.4793893958,2008.5654706016 
-2716.2527142466, 169.2444531190, 518.7086648224 
#ERRORs at Segment 0: 
,-3203.6877012892,8750.1905610640, 845.5481631912 
 -3001.4334061709,8744.0069265485,  21.8555143666 
#Plane 7. 
-3203.6877012892,8750.1905610640, 845.5481631912 
-3001.4334061709,8744.0069265485,  21.8555143666 
-3085.8804519326, 260.4793893958,2008.5654706016 
-2716.2527142466, 169.2444531190, 518.7086648224 
#ERRORs at Segment 2: 
,-3085.8804519327, 260.4793893965,2008.5654705767 
 -2716.2527142466, 169.2444531190, 518.7086648224 
#Plane 7. 
-3203.6877012892,8750.1905610640, 845.5481631912 
-3001.4334061709,8744.0069265485,  21.8555143666 
-3085.8804519326, 260.4793893958,2008.5654706016 
-2716.2527142466, 169.2444531190, 518.7086648224 
#ERRORs at Segment 3: 
,-3001.4334061679,8744.0069265484,  21.8555143662 
 -2716.2527142441, 169.2444531177, 518.7086648194 
#Plane 8. 
-2413.1037527988,-4532.5528671153,1290.5118919184 
-2712.1099182422, 168.2218898983, 502.0103162130 
-3085.8804519327, 260.4793893965,2008.5654705767 
-3018.4721052867,-4518.7755791235,3789.0151819893 
#ERRORs at Segment 0: 
,-2413.1037527988,-4532.5528671153,1290.5118919184 
 -2712.1099182422, 168.2218898983, 502.0103162130 
#Plane 8. 
-2413.1037527988,-4532.5528671153,1290.5118919184 
-2712.1099182422, 168.2218898983, 502.0103162130 
-3085.8804519327, 260.4793893965,2008.5654705767 
-3018.4721052867,-4518.7755791235,3789.0151819893 
#ERRORs at Segment 1: 
,-3085.8804519327, 260.4793893965,2008.5654705767 
 -2712.1099182444, 168.2218899000, 502.0103162155 
#Plane 9. 
-2323.6590553590, 271.8002285813, -12.1387485267 
-1346.1850590255,-4556.8343579593, -45.1585709290 
-2707.3140507460,  92.8244718214, 514.6573767573 
-2413.1037527988,-4532.5528671153,1290.5118919184 
#ERRORs at Segment 1: 
,-2323.6590553590, 271.8002285808, -12.1387485267 
 -2707.3140507460,  92.8244718214, 514.6573767573 
#Plane 9. 
-2323.6590553590, 271.8002285813, -12.1387485267 
-1346.1850590255,-4556.8343579593, -45.1585709290 
-2707.3140507460,  92.8244718214, 514.6573767573 
-2413.1037527988,-4532.5528671153,1290.5118919184 
#ERRORs at Segment 2: 
,-2413.1037527988,-4532.5528671153,1290.5118919184 
 -2707.3140507461,  92.8244718211, 514.6573767575 
