Point ID     ,  Hz.(º ' "),  V.(º ' "),Slope Dist.(m),Refl.Ht.(m),Inst.Ht.(m),Easting(m),  Northing(m),  Height(m)
 7777            ,    0 00 03 ,   88 19 34,          0,      0.000,      1.400,            0,            0,          0
2   ,  236 06 23 ,  119 35 54,      2.876,      0.000,      0.000,  -4.02231,	   5.61459,	  -0.01271
3   ,  236 06 23 ,  119 35 54,      2.876,      0.000,      0.000,   3.06687,	   5.79644,	  -0.00059
4   ,  236 06 23 ,  119 35 54,      2.876,      0.000,      0.000,   3.41448,	  -6.74931,	  -0.00152
5   ,  236 06 23 ,  119 35 54,      2.876,      0.000,      0.000,  -3.64208,	  -6.96072,	  -0.01359
6   ,  236 06 23 ,  119 35 54,      2.876,      0.000,      0.000,  -4.02231,	   5.61459,	  -0.01271
7   ,  236 06 23 ,  119 35 54,      2.876,      0.000,      0.000,   0.93147,	   5.75782,	   7.61688
8   ,  236 06 23 ,  119 35 54,      2.876,      0.000,      0.000,   3.02156,	   5.81136,	   7.58728
9   ,  236 06 23 ,  119 35 54,      2.876,      0.000,      0.000,   3.38820,	  -6.75010,	   7.61123
10   ,  236 06 23 ,  119 35 54,      2.876,      0.000,      0.000,   1.31545,	  -6.81220,	   7.64061
11   ,  236 06 23 ,  119 35 54,      2.876,      0.000,      0.000,   0.93147,	   5.75782,	   7.61688
12   ,  236 06 23 ,  119 35 54,      2.876,      0.000,      0.000,  -4.02289,	   5.63380,	   9.05083
13   ,  236 06 23 ,  119 35 54,      2.876,      0.000,      0.000,   0.92821,	   5.76079,	   9.05534
14   ,  236 06 23 ,  119 35 54,      2.876,      0.000,      0.000,   1.31228,	  -6.81229,	   9.07510
15   ,  236 06 23 ,  119 35 54,      2.876,      0.000,      0.000,  -3.64208,	  -6.96072,	   9.07062
16   ,  236 06 23 ,  119 35 54,      2.876,      0.000,      0.000,  -4.02289,	   5.63380,	   9.05083
17   ,  236 06 23 ,  119 35 54,      2.876,      0.000,      0.000,  -4.02231,	   5.61459,	  -0.01271
18   ,  236 06 23 ,  119 35 54,      2.876,      0.000,      0.000,   3.06687,	   5.79644,	  -0.00059
19   ,  236 06 23 ,  119 35 54,      2.876,      0.000,      0.000,   3.26434,	   5.80319,	   0.79720
20   ,  236 06 23 ,  119 35 54,      2.876,      0.000,      0.000,   3.23690,	   5.81503,	   6.70957
21   ,  236 06 23 ,  119 35 54,      2.876,      0.000,      0.000,   3.02156,	   5.81136,	   7.58728
22   ,  236 06 23 ,  119 35 54,      2.876,      0.000,      0.000,   0.93147,	   5.75782,	   7.61688
23   ,  236 06 23 ,  119 35 54,      2.876,      0.000,      0.000,   0.92821,	   5.76079,	   9.05534
24   ,  236 06 23 ,  119 35 54,      2.876,      0.000,      0.000,  -4.02289,	   5.63380,	   9.05083
25   ,  236 06 23 ,  119 35 54,      2.876,      0.000,      0.000,  -4.02231,	   5.61459,	  -0.01271
26   ,  236 06 23 ,  119 35 54,      2.876,      0.000,      0.000,  -3.64208,	  -6.96072,	  -0.01359
27   ,  236 06 23 ,  119 35 54,      2.876,      0.000,      0.000,   3.41448,	  -6.74931,	  -0.00152
28   ,  236 06 23 ,  119 35 54,      2.876,      0.000,      0.000,   3.61868,	  -6.74319,	   0.82333
29   ,  236 06 23 ,  119 35 54,      2.876,      0.000,      0.000,   3.59138,	  -6.74401,	   6.78274
30   ,  236 06 23 ,  119 35 54,      2.876,      0.000,      0.000,   3.38820,	  -6.75010,	   7.61123
31   ,  236 06 23 ,  119 35 54,      2.876,      0.000,      0.000,   1.31545,	  -6.81220,	   7.64061
32   ,  236 06 23 ,  119 35 54,      2.876,      0.000,      0.000,   1.31228,	  -6.81229,	   9.07510
33   ,  236 06 23 ,  119 35 54,      2.876,      0.000,      0.000,  -3.64208,	  -6.96072,	   9.07062
34   ,  236 06 23 ,  119 35 54,      2.876,      0.000,      0.000,  -3.64208,	  -6.96072,	  -0.01359
35   ,  236 06 23 ,  119 35 54,      2.876,      0.000,      0.000,  -4.02231,	   5.61459,	  -0.01271
36   ,  236 06 23 ,  119 35 54,      2.876,      0.000,      0.000,  -3.64208,	  -6.96072,	  -0.01359
37   ,  236 06 23 ,  119 35 54,      2.876,      0.000,      0.000,  -3.64208,	  -6.96072,	   9.07062
38   ,  236 06 23 ,  119 35 54,      2.876,      0.000,      0.000,  -4.02289,	   5.63380,	   9.05083
39   ,  236 06 23 ,  119 35 54,      2.876,      0.000,      0.000,  -4.02231,	   5.61459,	  -0.01271
40   ,  236 06 23 ,  119 35 54,      2.876,      0.000,      0.000,   3.06687,	   5.79644,	  -0.00059
41   ,  236 06 23 ,  119 35 54,      2.876,      0.000,      0.000,   3.41448,	  -6.74931,	  -0.00152
42   ,  236 06 23 ,  119 35 54,      2.876,      0.000,      0.000,   3.61868,	  -6.74319,	   0.82333
43   ,  236 06 23 ,  119 35 54,      2.876,      0.000,      0.000,   3.26434,	   5.80319,	   0.79720
44   ,  236 06 23 ,  119 35 54,      2.876,      0.000,      0.000,   3.06687,	   5.79644,	  -0.00059
45   ,  236 06 23 ,  119 35 54,      2.876,      0.000,      0.000,   3.26434,	   5.80319,	   0.79720
46   ,  236 06 23 ,  119 35 54,      2.876,      0.000,      0.000,   3.61868,	  -6.74319,	   0.82333
47   ,  236 06 23 ,  119 35 54,      2.876,      0.000,      0.000,   3.59138,	  -6.74401,	   6.78274
48   ,  236 06 23 ,  119 35 54,      2.876,      0.000,      0.000,   3.23690,	   5.81503,	   6.70957
49   ,  236 06 23 ,  119 35 54,      2.876,      0.000,      0.000,   3.26434,	   5.80319,	   0.79720
50   ,  236 06 23 ,  119 35 54,      2.876,      0.000,      0.000,   3.23690,	   5.81503,	   6.70957
51   ,  236 06 23 ,  119 35 54,      2.876,      0.000,      0.000,   3.59138,	  -6.74401,	   6.78274
52   ,  236 06 23 ,  119 35 54,      2.876,      0.000,      0.000,   3.38820,	  -6.75010,	   7.61123
53   ,  236 06 23 ,  119 35 54,      2.876,      0.000,      0.000,   3.02156,	   5.81136,	   7.58728
54   ,  236 06 23 ,  119 35 54,      2.876,      0.000,      0.000,   3.23690,	   5.81503,	   6.70957
55   ,  236 06 23 ,  119 35 54,      2.876,      0.000,      0.000,   0.93147,	   5.75782,	   7.61688
56   ,  236 06 23 ,  119 35 54,      2.876,      0.000,      0.000,   1.31545,	  -6.81220,	   7.64061
57   ,  236 06 23 ,  119 35 54,      2.876,      0.000,      0.000,   1.31228,	  -6.81229,	   9.07510
58   ,  236 06 23 ,  119 35 54,      2.876,      0.000,      0.000,   0.92821,	   5.76079,	   9.05534
59   ,  236 06 23 ,  119 35 54,      2.876,      0.000,      0.000,   0.93147,	   5.75782,	   7.61688
