#Plane 0. 
-1733.9415490944,7023.1428313914,   4.5361254890 
3824.3889310750,6976.5548657087,  -8.8986418547 
-3314.1330624318,-1517.2465647245,  10.8754983538 
-3338.7597278004,-4808.5467138809,  11.9047266660 
3726.8467902228,-4878.4976173467,  -5.1700424959 
#ERRORs at Segment 1: 
,-1733.9415490954,7023.1428313910,   4.5361254890 
 -3314.1330624318,-1517.2465647245,  10.8754983538 
#Plane 0. 
-1733.9415490944,7023.1428313914,   4.5361254890 
3824.3889310750,6976.5548657087,  -8.8986418547 
-3314.1330624318,-1517.2465647245,  10.8754983538 
-3338.7597278004,-4808.5467138809,  11.9047266660 
3726.8467902228,-4878.4976173467,  -5.1700424959 
#ERRORs at Segment 2: 
,-3338.7597278004,-4808.5467138809,  11.9047266660 
 -3314.1330624321,-1517.2465647253,  10.8754983538 
#Plane 6. 
-1733.9415490954,7023.1428313910,   4.5361254890 
-3360.8486304789,-1769.7280763741,  11.0629107035 
-2267.7145546682,7028.3161415077, 844.7184866561 
#ERRORs at Segment 0: 
,-1733.9415490954,7023.1428313910,   4.5361254890 
 -3360.8486304789,-1769.7280763741,  11.0629107035 
#Plane 6. 
-1733.9415490954,7023.1428313910,   4.5361254890 
-3360.8486304789,-1769.7280763741,  11.0629107035 
-2267.7145546682,7028.3161415077, 844.7184866561 
#ERRORs at Segment 2: 
,-2267.7145546708,7028.3161415081, 844.7184866562 
 -3360.8486304772,-1769.7280763673,  11.0629107034 
#Plane 7. 
-2267.7145546708,7028.3161415081, 844.7184866562 
-3321.4279204683,-1452.4521287644,  41.1262811850 
-3218.2733721455,7039.5427411678,4756.3570103571 
-3442.3511838454,5413.9969350098,4693.1473867505 
-3521.6722254477,-1527.8112300018, 818.1151199047 
#ERRORs at Segment 0: 
,-2267.7145546708,7028.3161415081, 844.7184866562 
 -3321.4279204683,-1452.4521287644,  41.1262811850 
#Plane 7. 
-2267.7145546708,7028.3161415081, 844.7184866562 
-3321.4279204683,-1452.4521287644,  41.1262811850 
-3218.2733721455,7039.5427411678,4756.3570103571 
-3442.3511838454,5413.9969350098,4693.1473867505 
-3521.6722254477,-1527.8112300018, 818.1151199047 
#ERRORs at Segment 4: 
,-3521.6722254475,-1527.8112300023, 818.1151199036 
 -3321.4279204684,-1452.4521287606,  41.1262811854 
#Plane 8. 
-3218.2733721445,7039.5427411691,4756.3570103594 
-3442.3511838454,5413.9969350098,4693.1473867505 
-3198.6605609862,7041.0498488324,6761.1398139664 
-3426.9893914374,5377.4996806320,6798.5010114905 
#ERRORs at Segment 2: 
,-3198.6605609947,7041.0498488298,6761.1398139733 
 -3426.9893914374,5377.4996806320,6798.5010114905 
#Plane 8. 
-3218.2733721445,7039.5427411691,4756.3570103594 
-3442.3511838454,5413.9969350098,4693.1473867505 
-3198.6605609862,7041.0498488324,6761.1398139664 
-3426.9893914374,5377.4996806320,6798.5010114905 
#ERRORs at Segment 3: 
,-3442.3511838421,5413.9969350257,4693.1473867392 
 -3426.9893914328,5377.4996806038,6798.5010114958 
#Plane 9. 
-3198.6605609947,7041.0498488298,6761.1398139733 
-3419.1670569576,5434.4913702685,6797.2210514303 
-2998.5004840414,7040.0984860776,7631.8071540968 
-3214.7600773552,5532.8436684681,7624.8714388730 
#ERRORs at Segment 0: 
,-3198.6605609947,7041.0498488298,6761.1398139733 
 -3419.1670569576,5434.4913702685,6797.2210514303 
#Plane 9. 
-3198.6605609947,7041.0498488298,6761.1398139733 
-3419.1670569576,5434.4913702685,6797.2210514303 
-2998.5004840414,7040.0984860776,7631.8071540968 
-3214.7600773552,5532.8436684681,7624.8714388730 
#ERRORs at Segment 3: 
,-3214.7600773695,5532.8436684394,7624.8714388746 
 -3419.1670569613,5434.4913701971,6797.2210514697 
#Plane 10. 
-3214.7600773695,5532.8436684394,7624.8714388746 
-3426.8413648215,5430.7988063864,6766.1475338907 
-3298.4944150919,-4808.9453484501,7605.6214661569 
-3501.2899816076,-4806.9376321898,6781.4043002329 
#ERRORs at Segment 0: 
,-3214.7600773695,5532.8436684394,7624.8714388746 
 -3426.8413648215,5430.7988063864,6766.1475338907 
#Plane 10. 
-3214.7600773695,5532.8436684394,7624.8714388746 
-3426.8413648215,5430.7988063864,6766.1475338907 
-3298.4944150919,-4808.9453484501,7605.6214661569 
-3501.2899816076,-4806.9376321898,6781.4043002329 
#ERRORs at Segment 3: 
,-3501.2899816062,-4806.9376321895,6781.4043002318 
 -3426.8413648236,5430.7988063929,6766.1475338344 
#Plane 11. 
-3442.3511838445,5413.9969350209,4693.1473867481 
-3521.6722254477,-1527.8112300018, 818.1151199047 
-3427.2248863347,5378.0591802455,6766.2261289801 
-3501.2899816062,-4806.9376321895,6781.4043002318 
-3545.5619958889,-4806.4993304816, 816.6403032585 
#ERRORs at Segment 1: 
,-3442.3511838421,5413.9969350257,4693.1473867392 
 -3427.2248863347,5378.0591802455,6766.2261289801 
#Plane 11. 
-3442.3511838445,5413.9969350209,4693.1473867481 
-3521.6722254477,-1527.8112300018, 818.1151199047 
-3427.2248863347,5378.0591802455,6766.2261289801 
-3501.2899816062,-4806.9376321895,6781.4043002318 
-3545.5619958889,-4806.4993304816, 816.6403032585 
#ERRORs at Segment 2: 
,-3501.2899816062,-4806.9376321895,6781.4043002318 
 -3427.2248863414,5378.0591802177,6766.2261289575 
#Plane 12. 
-3338.7597278004,-4808.5467138809,  11.9047266660 
-3313.6262792111,-1449.5160918382,  10.8543182374 
-3521.6722254475,-1527.8112300023, 818.1151199036 
-3545.5619958886,-4806.4993304817, 816.6403032569 
#ERRORs at Segment 0: 
,-3338.7597278004,-4808.5467138809,  11.9047266660 
 -3313.6262792111,-1449.5160918382,  10.8543182374 
#Plane 12. 
-3338.7597278004,-4808.5467138809,  11.9047266660 
-3313.6262792111,-1449.5160918382,  10.8543182374 
-3521.6722254475,-1527.8112300023, 818.1151199036 
-3545.5619958886,-4806.4993304817, 816.6403032569 
#ERRORs at Segment 1: 
,-3521.6722254475,-1527.8112300023, 818.1151199036 
 -3313.6262792107,-1449.5160918358,  10.8543182374 
