CHECKING DISTANT FROM POINTS TO AVERAGE PLANE TO REMOVE INCORRECT POINT. 

Distant of points(mm) belongs the plane 0 (59 points): 
13.91(681), 12.89(680),  9.90(660),  9.53(688),  8.61(646),  8.32(676),  8.17(685),  8.05(630),  7.94(659),  7.89(631),  7.46(689),  7.45(687),  7.35(669),  7.13(640),  7.11(666),  6.84(645),  6.71(674),  6.55(664),  5.96(675),  5.82(671),  5.58(652),  5.32(663),  5.26(644),  4.89(636),  4.86(658),  4.76(643),  4.74(677),  4.43(661),  4.43(679),  4.36(654),  3.97(639),  3.88(673),  3.28(662),  3.16(628),  3.15(635),  3.07(684),  2.90(653),  2.86(627),  2.77(634),  2.59(672),  2.56(682),  2.46(641),  2.03(656),  1.95(665),  1.74(655),  1.60(686),  1.56(629),  1.52(638),  1.38(642),  1.28(667),  1.25(683),  1.24(648),  1.19(668),  0.93(647),  0.59(626),  0.58(657),  0.49(632),  0.16(678),  0.01(637), 
Distant of points(mm) belongs the plane 1 (26 points): 
 7.27(300),  5.51(280),  5.39(290),  5.30(289),  4.96(291),  4.74(301),  3.41(293),  2.89(283),  2.79(298),  2.75(305),  2.24(296),  2.16(295),  2.12(285),  2.06(299),  1.98(282),  1.65(284),  1.64(281),  1.29(303),  0.79(304),  0.74(287),  0.58(297),  0.52(288),  0.44(286),  0.40(302),  0.38(292),  0.08(294), 
Distant of points(mm) belongs the plane 2 (49 points): 
23.24(590), 18.46(602), 12.73(597),  9.03(596),  8.45(604),  8.41(608),  7.91(595),  7.49(599),  7.46(605),  7.40(616),  6.81(617),  5.88(589),  5.77(586),  5.55(619),  5.17(583),  3.99(607),  3.85(578),  3.83(614),  3.82(581),  3.74(579),  3.68(587),  3.67(624),  3.38(584),  3.31(606),  3.11(601),  3.02(577),  2.94(615),  2.83(575),  2.77(621),  2.64(622),  2.64(592),  2.47(600),  2.40(574),  2.34(582),  2.20(618),  1.71(611),  1.70(594),  1.67(623),  1.57(609),  1.54(585),  1.34(598),  1.26(613),  1.25(620),  1.12(588),  1.04(593),  0.96(591),  0.75(603),  0.66(612),  0.14(610), 
Distant of points(mm) belongs the plane 6 (23 points): 
 9.26(112),  9.10(103),  8.24(110),  7.09(106),  7.05(111),  7.05(101),  5.49(118),  5.47(109),  5.47(104),  5.18(98),  4.79(102),  4.63(97),  4.46(105),  4.38(114),  4.29(117),  3.06(115),  3.04(119),  3.02(99),  1.17(100),  1.09(108),  1.06(116),  0.69(107),  0.03(113), 
Distant of points(mm) belongs the plane 7 (22 points): 
10.96(129),  9.89(121),  9.30(136),  8.37(135),  7.24(126),  6.96(128),  6.85(125),  6.28(142),  5.84(130),  5.75(123),  5.29(141),  5.24(127),  5.22(132),  4.07(133),  3.93(137),  3.45(140),  3.36(131),  3.19(138),  3.05(134),  1.94(122),  1.30(120),  0.89(124), 
Distant of points(mm) belongs the plane 8 (18 points): 
22.89(169),  8.39(179),  6.84(177),  6.72(162),  6.19(178),  5.67(168),  4.89(173),  4.49(164),  3.93(176),  3.79(166),  3.24(167),  2.69(171),  1.96(170),  1.78(174),  1.30(163),  0.93(172),  0.48(165),  0.15(175), 
Distant of points(mm) belongs the plane 9 (19 points): 
27.20(158), 12.45(155),  9.86(157),  7.15(143),  6.77(161),  6.77(145),  4.01(152),  3.25(150),  3.04(160),  2.50(147),  2.27(159),  2.18(151),  1.26(149),  1.20(146),  1.18(148),  1.15(154),  0.63(153),  0.63(156),  0.40(144), 
Distant of points(mm) belongs the plane 10 (75 points): 
11.79(244), 11.74(223), 11.43(181), 11.00(222), 10.92(193), 10.80(256), 10.78(203), 10.38(245),  9.86(246),  9.27(220),  9.26(198),  9.25(224),  9.08(230),  9.04(197),  8.01(227),  7.55(255),  7.38(238),  7.28(182),  7.03(184),  7.00(214),  6.92(229),  6.88(190),  6.80(200),  6.73(196),  6.26(202),  6.14(185),  5.92(186),  5.27(232),  5.16(221),  5.03(250),  4.95(252),  4.80(242),  4.76(233),  4.50(207),  4.44(226),  4.35(180),  4.18(211),  4.03(253),  3.87(199),  3.74(191),  3.73(187),  3.52(204),  3.37(243),  3.28(248),  3.03(237),  2.82(201),  2.39(195),  2.39(249),  2.28(188),  2.18(209),  2.17(205),  1.96(192),  1.92(210),  1.78(189),  1.67(251),  1.65(213),  1.64(225),  1.61(183),  1.55(241),  1.51(208),  1.50(206),  1.49(215),  1.43(218),  1.38(247),  1.34(212),  1.29(228),  1.12(231),  1.08(217),  0.78(236),  0.68(234),  0.59(194),  0.57(239),  0.47(240),  0.29(254),  0.01(235), 
Distant of points(mm) belongs the plane 11 (21 points): 
 7.04(269),  4.66(272),  4.35(264),  4.30(275),  4.01(276),  3.93(271),  3.27(273),  2.61(267),  2.50(270),  2.39(266),  2.21(279),  2.03(263),  1.47(274),  1.37(265),  1.21(260),  0.89(261),  0.58(262),  0.46(268),  0.34(277),  0.26(278),  0.11(259), 
Distant of points(mm) belongs the plane 12 (28 points): 
14.39(308), 13.96(318),  7.07(332),  5.76(307),  5.53(331),  5.20(321),  4.93(311),  4.79(310),  4.72(330),  4.72(315),  4.62(323),  4.44(333),  4.16(316),  4.13(312),  3.78(328),  3.75(322),  3.46(314),  3.45(326),  2.91(325),  2.60(319),  2.54(329),  2.43(334),  1.92(320),  1.45(324),  1.15(327),  0.70(313),  0.49(317),  0.22(309), 
