CHECKING DISTANT FROM POINTS TO AVERAGE PLANE TO REMOVE INCORRECT POINT. 

Distant of points(mm) belongs the plane 0 (75 points): 
12.96(714), 12.79(711),  9.90(753),  8.82(744),  8.76(718),  8.59(781),  8.06(717),  7.54(778),  7.36(719),  7.17(727),  6.50(771),  6.45(760),  6.03(740),  6.01(774),  5.52(726),  5.32(758),  5.18(769),  5.10(715),  5.02(783),  4.90(733),  4.62(749),  4.49(716),  4.33(754),  4.13(752),  4.03(712),  3.86(785),  3.84(770),  3.84(775),  3.66(751),  3.61(776),  3.44(747),  3.43(743),  3.27(741),  3.09(777),  3.07(732),  3.04(757),  3.00(765),  3.00(763),  2.97(713),  2.80(725),  2.71(746),  2.61(731),  2.55(768),  2.52(734),  2.42(762),  2.40(722),  2.25(773),  2.22(772),  2.13(745),  2.04(755),  1.91(738),  1.88(723),  1.78(720),  1.64(756),  1.61(784),  1.59(739),  1.44(724),  1.39(729),  1.29(735),  1.17(750),  1.13(721),  1.09(780),  1.09(748),  1.07(767),  1.04(761),  0.99(742),  0.95(730),  0.79(736),  0.51(737),  0.39(728),  0.35(764),  0.34(782),  0.28(766),  0.21(759),  0.20(779), 
Distant of points(mm) belongs the plane 1 (51 points): 
 9.87(688),  9.20(689),  8.74(665),  8.62(687),  8.18(703),  8.14(690),  8.03(684),  7.84(681),  7.54(686),  7.48(670),  7.23(704),  6.88(710),  6.63(678),  6.50(685),  6.40(706),  6.11(661),  6.08(664),  5.72(662),  5.64(671),  5.54(677),  5.05(680),  5.02(702),  4.98(691),  4.98(669),  4.89(697),  4.57(708),  4.51(679),  3.90(668),  3.70(694),  3.39(663),  3.10(701),  2.87(698),  2.86(660),  2.59(676),  2.44(709),  2.37(672),  2.27(707),  1.96(699),  1.95(705),  1.80(682),  1.73(674),  1.32(696),  1.25(700),  0.88(667),  0.85(666),  0.84(675),  0.68(693),  0.62(673),  0.58(695),  0.24(683),  0.21(692), 
Distant of points(mm) belongs the plane 5 (27 points): 
15.57(150),  9.93(152),  9.60(153),  8.47(151),  7.60(133),  6.37(143),  5.85(154),  4.23(138),  4.11(147),  3.42(135),  3.09(155),  2.39(145),  2.29(156),  2.21(158),  2.21(139),  2.07(159),  1.64(142),  1.44(140),  1.39(137),  1.18(136),  1.16(141),  0.87(134),  0.74(148),  0.48(149),  0.35(146),  0.04(157),  0.02(144), 
Distant of points(mm) belongs the plane 6 (76 points): 
12.58(233),  9.83(232),  9.53(182),  9.17(197),  9.13(235),  9.05(181),  8.65(231),  7.48(203),  7.38(195),  6.97(198),  6.17(234),  5.22(207),  5.02(229),  4.96(202),  4.84(160),  4.82(199),  4.70(184),  4.47(194),  4.28(209),  4.16(183),  4.15(196),  3.97(221),  3.53(230),  3.46(162),  3.45(201),  3.45(226),  3.39(222),  3.17(200),  3.12(188),  3.12(187),  2.95(215),  2.86(175),  2.78(174),  2.57(210),  2.55(216),  2.42(180),  2.40(225),  2.36(193),  2.25(208),  2.05(189),  2.04(192),  2.03(166),  1.91(179),  1.84(204),  1.75(227),  1.58(205),  1.51(214),  1.42(217),  1.34(178),  1.27(177),  1.19(220),  1.19(206),  1.13(224),  1.02(213),  1.01(185),  0.91(223),  0.88(219),  0.84(228),  0.80(161),  0.78(190),  0.77(176),  0.73(218),  0.66(173),  0.66(211),  0.60(165),  0.44(191),  0.36(168),  0.31(167),  0.30(163),  0.28(164),  0.24(212),  0.11(169),  0.08(170),  0.05(172),  0.02(186),  0.02(171), 
Distant of points(mm) belongs the plane 7 (28 points): 
11.19(250), 10.64(238),  9.66(246),  6.99(242),  6.61(254),  6.14(244),  5.50(249),  5.49(256),  4.30(262),  4.27(258),  4.04(241),  3.42(260),  3.25(243),  3.19(236),  3.08(239),  2.86(245),  2.50(263),  2.44(248),  1.99(259),  1.83(257),  1.29(253),  1.19(261),  1.14(252),  1.10(251),  0.91(255),  0.53(240),  0.49(247),  0.08(237), 
Distant of points(mm) belongs the plane 8 (33 points): 
16.80(294),  9.23(273),  7.75(269),  6.28(267),  6.05(295),  5.98(293),  5.55(285),  5.47(265),  4.93(290),  4.89(281),  4.76(288),  4.59(296),  4.47(266),  4.44(278),  4.29(268),  4.28(279),  4.09(289),  3.77(274),  3.61(275),  3.51(264),  3.46(284),  3.43(282),  2.80(286),  2.62(271),  2.07(272),  2.05(280),  1.96(276),  1.94(287),  1.54(283),  1.13(292),  0.80(277),  0.79(291),  0.50(270), 
Distant of points(mm) belongs the plane 9 (36 points): 
 7.81(319),  6.65(330),  6.26(299),  5.66(321),  4.80(300),  4.69(317),  4.45(315),  4.01(326),  3.51(331),  3.43(303),  3.12(306),  3.05(298),  2.50(322),  2.47(307),  2.41(297),  2.07(320),  1.65(313),  1.58(309),  1.51(304),  1.45(316),  1.41(301),  1.33(308),  1.24(328),  1.14(310),  1.01(327),  1.00(318),  0.94(325),  0.87(312),  0.87(314),  0.72(329),  0.27(305),  0.19(323),  0.16(311),  0.15(302),  0.15(324),  0.00(332), 
