CHECKING DISTANT FROM POINTS TO AVERAGE PLANE TO REMOVE INCORRECT POINT. 

Distant of points(mm) belongs the plane 0 (46 points): 
 6.57(464),  6.31(426),  5.84(451),  5.69(424),  5.19(463),  5.18(434),  5.05(447),  4.75(460),  4.68(448),  4.65(458),  4.43(435),  4.29(422),  4.19(439),  4.10(425),  3.95(419),  2.95(455),  2.83(430),  2.81(446),  2.58(445),  2.41(443),  2.31(444),  2.28(440),  2.26(429),  2.24(437),  2.03(459),  1.94(421),  1.87(456),  1.59(436),  1.51(433),  1.51(431),  1.41(449),  1.29(452),  1.26(432),  1.18(420),  1.15(441),  1.15(423),  0.99(427),  0.89(428),  0.83(454),  0.76(442),  0.57(457),  0.52(453),  0.36(450),  0.35(461),  0.16(462),  0.10(438), 
Distant of points(mm) belongs the plane 1 (9 points): 
 6.92(398),  5.65(397),  5.63(399),  5.32(394),  2.99(400),  1.99(393),  1.63(395),  1.44(392),  0.29(396), 
Distant of points(mm) belongs the plane 2 (18 points): 
11.96(405),  9.11(402),  8.32(410),  8.11(412),  7.64(407),  6.90(408),  6.09(406),  5.74(418),  4.38(417),  2.99(416),  2.48(401),  1.97(409),  1.96(414),  1.57(415),  1.26(404),  0.89(413),  0.87(411),  0.70(403), 
Distant of points(mm) belongs the plane 3 (36 points): 
19.22(42), 17.61(21), 14.05(11), 12.93(9), 10.60(41), 10.46(45), 10.30(18), 10.04(36), 10.03(44),  9.53(22),  8.28(23),  8.22(13),  8.03(16),  7.86(17),  7.64(43),  6.96(26),  6.85(24),  6.54(10),  6.39(25),  5.82(30),  5.40(15),  5.16(20),  4.84(14),  4.82(12),  3.68(28),  3.50(19),  3.27(37),  2.43(27),  1.21(35),  1.20(40),  1.18(32),  1.07(39),  0.95(33),  0.88(34),  0.31(31),  0.06(38), 
Distant of points(mm) belongs the plane 4 (38 points): 
24.66(60), 16.11(50), 14.64(47), 12.48(55), 11.08(80), 10.11(48), 10.05(65),  9.11(59),  8.43(72),  7.35(85),  7.06(49),  7.01(51),  6.71(64),  6.66(77),  5.77(84),  5.49(78),  5.20(62),  4.39(52),  4.25(79),  3.85(57),  3.77(67),  3.73(56),  3.40(73),  3.20(81),  3.16(63),  2.55(68),  2.10(53),  2.08(74),  1.82(54),  1.52(46),  1.12(83),  1.03(82),  0.91(76),  0.83(58),  0.64(70),  0.53(69),  0.19(66),  0.03(75), 
Distant of points(mm) belongs the plane 5 (38 points): 
19.48(251), 18.47(253), 13.29(221), 11.87(222), 11.42(241), 10.81(239), 10.27(217), 10.08(256),  9.39(247),  9.39(255),  9.35(218),  9.23(225),  9.12(250),  8.36(248),  7.29(249),  6.44(220),  6.22(223),  6.18(237),  6.13(244),  5.04(233),  4.61(238),  4.56(226),  3.94(246),  3.49(242),  3.25(231),  1.80(228),  1.61(227),  1.57(224),  1.40(254),  1.39(219),  0.88(235),  0.59(240),  0.51(234),  0.47(243),  0.33(245),  0.09(230),  0.08(236),  0.01(232), 
Distant of points(mm) belongs the plane 6 (40 points): 
26.91(264), 24.85(257), 23.77(292), 22.22(291), 11.34(261),  9.55(274),  9.17(281),  8.96(263),  8.71(262),  8.15(273),  8.09(284),  7.24(285),  6.16(278),  5.36(279),  5.23(288),  4.77(265),  4.53(289),  4.36(294),  4.34(296),  3.97(276),  3.56(260),  3.54(275),  3.35(286),  3.23(290),  3.11(258),  3.05(271),  2.97(277),  2.64(282),  1.73(266),  1.67(293),  1.32(269),  1.30(270),  0.99(295),  0.91(287),  0.84(259),  0.73(268),  0.63(267),  0.62(272),  0.58(283),  0.42(280), 
Distant of points(mm) belongs the plane 7 (10 points): 
 6.34(90),  5.98(89),  4.98(92),  3.59(91),  3.16(88),  2.01(95),  1.85(94),  1.62(93),  1.56(87),  0.40(86), 
Distant of points(mm) belongs the plane 8 (47 points): 
11.98(101),  8.19(121),  7.93(139),  7.19(136),  6.90(112),  6.24(146),  5.98(110),  5.61(144),  5.53(135),  5.39(108),  5.27(109),  4.36(141),  4.30(123),  4.20(105),  4.11(124),  3.66(138),  3.62(103),  3.38(106),  3.13(120),  3.01(102),  3.01(114),  2.81(132),  2.57(107),  2.57(99),  2.56(116),  2.48(130),  2.21(126),  2.15(117),  2.09(129),  1.92(111),  1.59(133),  1.54(98),  1.36(104),  1.24(134),  0.97(137),  0.88(140),  0.84(145),  0.83(97),  0.71(119),  0.63(128),  0.61(127),  0.49(115),  0.49(96),  0.40(113),  0.13(100),  0.10(125),  0.05(122), 
Distant of points(mm) belongs the plane 9 (54 points): 
64.49(152), 60.89(150), 42.33(170), 37.53(149), 24.08(200), 16.86(203), 15.18(204), 13.96(172), 13.37(192), 10.83(205), 10.13(197),  8.93(164),  8.38(191),  8.30(206),  8.16(196),  6.71(166),  6.44(153),  6.32(165),  6.06(198),  5.83(167),  5.59(181),  5.47(158),  5.34(171),  5.33(161),  5.31(157),  4.40(188),  3.86(156),  3.57(184),  3.54(177),  3.32(187),  3.06(201),  2.76(155),  2.67(173),  2.49(168),  2.46(151),  2.32(154),  2.28(175),  2.07(182),  2.03(169),  1.94(202),  1.90(148),  1.89(159),  1.81(180),  1.62(183),  1.26(186),  1.08(147),  1.07(179),  0.96(199),  0.67(178),  0.64(185),  0.63(176),  0.55(160),  0.12(195),  0.08(162), 
Distant of points(mm) belongs the plane 10 (10 points): 
 7.14(211),  5.78(209),  3.98(212),  2.94(215),  2.36(216),  2.29(208),  1.41(214),  1.00(213),  0.14(210),  0.12(207), 
Distant of points(mm) belongs the plane 11 (9 points): 
10.82(304), 10.06(300),  9.36(303),  9.04(305),  8.53(302),  5.52(297),  5.16(299),  4.78(301),  2.20(298), 
Distant of points(mm) belongs the plane 12 (26 points): 
25.10(316), 24.79(319), 22.10(328), 19.58(325), 18.02(308), 17.27(329), 14.44(323), 14.16(310), 13.69(324), 13.52(313), 13.15(332), 11.99(326), 11.15(330), 10.29(320),  9.23(327),  7.89(309),  6.86(318),  6.46(315),  4.61(331),  3.10(314),  2.76(311),  2.25(306),  0.74(307),  0.64(312),  0.57(322),  0.45(317), 
Distant of points(mm) belongs the plane 13 (8 points): 
 8.50(333),  5.49(335),  5.37(338),  4.97(339),  4.78(336),  1.91(340),  1.29(334),  0.74(337), 
Distant of points(mm) belongs the plane 14 (4 points): 
 0.89(344),  0.84(345),  0.78(346),  0.72(347), 
Distant of points(mm) belongs the plane 15 (10 points): 
 8.16(352),  5.48(353),  4.91(357),  4.64(356),  4.56(348),  3.84(355),  3.35(349),  1.78(354),  1.51(350),  0.27(351), 
Distant of points(mm) belongs the plane 16 (17 points): 
12.71(366),  9.10(361),  7.28(360),  6.01(363),  5.95(369),  4.36(359),  3.51(367),  3.38(368),  3.04(372),  2.53(364),  2.00(371),  1.97(365),  1.41(370),  1.08(373),  1.04(358),  0.49(362),  0.32(374), 
Distant of points(mm) belongs the plane 17 (6 points): 
 1.66(376),  1.59(375),  1.57(378),  1.50(377),  0.02(379),  0.02(380), 
Distant of points(mm) belongs the plane 18 (10 points): 
 3.81(383),  3.41(384),  3.27(382),  2.20(381),  1.97(388),  1.51(389),  0.97(390),  0.88(386),  0.24(387),  0.12(385), 
